3 0.5963541671875 0.8273148140625001 0.5328125 0.7513888890625 0.49296875 0.9074074078125 0.47630208281249997 0.95648148125 0.47890625 0.9981481484374999 0.64375 0.9986111109375001 0.64765625 0.9148148140625001 0.6130208328125 0.8439814812499999 0.5963541671875 0.8273148140625001
3 0.2752604171875 0.3574074078125 0.2864583328125 0.35046296250000003 0.2989583328125 0.3625 0.3171875 0.35972222187499997 0.33541666718749996 0.36805555624999997 0.3609375 0.3875 0.3796875 0.38101851875000003 0.3809895828125 0.377777778125 0.3841145828125 0.3574074078125 0.3739583328125 0.33194444375 0.40026041718750005 0.3509259265625 0.4127604171875 0.3166666671875 0.4127604171875 0.29351851875 0.4036458328125 0.30416666718749996 0.3731770828125 0.26851851875 0.41197916718750005 0.128240740625 0.4479166671875 0.146759259375 0.4557291671875 0.1449074078125 0.46067708281249997 0.1379629625 0.4596354171875 0.045370370312500005 0.45026041718750004 0.0268518515625 0.44166666718750003 0 0.296875 0.003240740625 0.21875 0.19120370312499999 0.165625 0.1300925921875 0.1390625 0.171759259375 0.0859375 0.24490740781250003 0.0307291671875 0.24953703749999998 0.0049479171874999995 0.19537037031249999 0.0075520828124999995 0.3148148140625 0.017708332812499998 0.3125 0.0364583328125 0.34305555625 0.06979166718749999 0.365277778125 0.084375 0.3458333328125 0.16354166718750002 0.2921296296875 0.1872395828125 0.371296296875 0.1921875 0.3791666671875 0.209375 0.38009259218749997 0.2338541671875 0.38935185156249996 0.2557291671875 0.38935185156249996 0.2635416671875 0.38842592656249997 0.2776041671875 0.3773148140625 0.2752604171875 0.3574074078125
3 0.165625 0.1300925921875 0.21875 0.19120370312499999 0.2971354171875 0.003703703125 0 0 0.00078125 0.184259259375 0.0307291671875 0.24953703749999998 0.0390625 0.24953703749999998 0.0869791671875 0.24398148125 0.1390625 0.171759259375 0.165625 0.1300925921875
2 0.9119791671874999 0.0199074078125 0.8528645828125001 0.047222221875 0.8578125 0.09305555625 0.8947916671874999 0.1208333328125 0.9994791671875 0.18101851875 0.9994791671875 0.05694444375 0.9625 0.0550925921875 0.9119791671874999 0.0199074078125
0 0.7276041671875 0.7884259265625 0.7052083328125 0.791203703125 0.6635416671875001 0.7625 0.5497395828125 0.76944444375 0.6135416671875 0.8449074078125 0.6466145828125 0.9111111109375001 0.64765625 0.9166666671874999 0.6447916671875 0.9949074078125 0.7625 0.9976851859375 0.7549479171875 0.853703703125 0.7419270828125 0.8148148140625 0.7276041671875 0.7884259265625
0 0 0.7606481484375001 0.0802083328125 0.6745370375 0.1572916671875 0.7513888890625 0.23802083281250003 0.7810185187500001 0.23828125 0.58055555625 0.2052083328125 0.49490740781250003 0.1145833328125 0.4393518515625 0 0.4175925921875 0 0.7606481484375001
0 0.9986979171874999 0.63055555625 0.99921875 0.5925925921874999 0.9890625 0.5736111109375 0.9059895828125001 0.5574074078125 0.90859375 0.5101851859375001 0.9169270828125 0.4601851859375 0.9270833328125001 0.4458333328125 0.9984375 0.4800925921875 0.99921875 0.43240740781250003 0.9260416671874999 0.3754629625 0.8697916671874999 0.309722221875 0.83203125 0.44351851875000003 0.8502604171874999 0.46944444374999994 0.8596354171874999 0.5314814812499999 0.84453125 0.6537037031249999 0.83984375 0.7370370375 0.8994791671875 0.7643518515625 0.9203125 0.7199074078125001 0.9572916671874999 0.6893518515625 0.9986979171874999 0.63055555625
2 0.7268229171875 0.1518518515625 0.7408854171875 0.1175925921875 0.7643229171875 0.0759259265625 0.7604166671875 0.042129629687499996 0.74921875 0.0425925921875 0.75 0.0884259265625 0.7020833328125 0.0949074078125 0.6830729171875001 0.1175925921875 0.6799479171875 0.15648148125 0.69921875 0.1574074078125 0.7140625 0.27453703749999997 0.7388020828124999 0.2509259265625 0.7315104171875 0.209259259375 0.7268229171875 0.1518518515625
0 0.925 0.240277778125 0.9432291671874999 0.2893518515625 0.9625 0.28379629687499996 0.9526041671875 0.26342592656249997 0.9997395828125001 0.24814814843750002 0.9994791671875 0.1800925921875 0.9364583328125 0.1449074078125 0.8901041671875 0.2226851859375 0.8424479171874999 0.29444444375 0.8619791671874999 0.334722221875 0.8697916671874999 0.309722221875 0.9265625 0.3754629625 0.92578125 0.334259259375 0.9049479171874999 0.2629629625 0.925 0.240277778125
0 0.7979166671875 0.0625 0.8182291671874999 0.0726851859375 0.8265625 0.059722221875 0.8361979171874999 0.04351851875 0.8286458328125 0.017129629687500002 0.8161458328125001 0.025462962500000002 0.8098958328125001 0 0.7770833328125 0.041203703125000005 0.7580729171875 0.0925925921875 0.73984375 0.1175925921875 0.74140625 0.11851851875 0.7268229171875 0.1518518515625 0.73203125 0.209259259375 0.73828125 0.24907407343750002 0.7395833328125 0.24953703749999998 0.77265625 0.2203703703125 0.73671875 0.1629629625 0.7979166671875 0.0625
0 0.8796875 0.9115740734375001 0.8815104171874999 0.8879629625 0.8447916671875 0.81805555625 0.815625 0.9060185187500001 0.7765625 0.8421296296874999 0.7692708328125 0.866203703125 0.7377604171875001 0.784259259375 0.73125 0.7504629625 0.6229166671875 0.603240740625 0.6153645828125 0.622222221875 0.6059895828124999 0.7601851859375001 0.6598958328125 0.7625 0.6989583328125 0.7875 0.7260416671875001 0.7865740734375 0.7286458328125 0.790277778125 0.74453125 0.8148148140625 0.7559895828125 0.8509259265625 0.7598958328125 0.9856481484374999 0.8 0.9949074078125 0.9625 0.9958333328125001 0.9307291671875 0.9643518515625 0.9041666671874999 0.9171296296874999 0.8796875 0.9115740734375001
3 0.19140625 0.3768518515625 0.1630208328125 0.2921296296875 0.0838541671875 0.3458333328125 0.0692708328125 0.365277778125 0.0361979171875 0.34351851875 0.05338541718749999 0.38333333281250004 0.052604167187499995 0.428240740625 0.1130208328125 0.4393518515625 0.153125 0.3976851859375 0.18411458281249998 0.40555555625000006 0.19140625 0.3768518515625