3 0.6630208328125 0.5699074078125 0.6705729171875 0.546296296875 0.6369791671875 0.5069444437499999 0.61953125 0.5759259265625001 0.6247395828125 0.5962962968750001 0.63515625 0.60555555625 0.6643229171875 0.6870370375 0.68125 0.7236111109375 0.75859375 0.5981481484375 0.7536458328125 0.58194444375 0.6630208328125 0.5699074078125
3 0.6640625 0.85694444375 0.6638020828125 0.8351851859374999 0.68984375 0.7916666671875 0.66328125 0.6870370375 0.6611979171875 0.665740740625 0.6515625 0.6578703703125 0.621875 0.6106481484375 0.6182291671875 0.616203703125 0.6119791671875 0.6004629625 0.5934895828125 0.61944444375 0.6013020828125 0.627777778125 0.6072916671875 0.66805555625 0.6 0.6763888890625 0.5744791671875 0.678240740625 0.5661458328125 0.6745370375 0.5486979171875 0.6944444437499999 0.5481770828125 0.7416666671875001 0.52578125 0.75 0.5106770828125 0.8870370375000001 0.5106770828125 0.890740740625 0.5182291671875 0.9023148140625 0.5364583328125 0.915277778125 0.5401041671875 0.921759259375 0.6010416671875001 0.93194444375 0.6171875 0.915277778125 0.653125 0.8606481484374999 0.6640625 0.85694444375
3 0.84375 0.8856481484375 0.82890625 0.86851851875 0.82421875 0.8435185187500001 0.8231770828125 0.790740740625 0.8138020828125001 0.759259259375 0.7447916671875 0.66805555625 0.7372395828125 0.6824074078125 0.7638020828125 0.7101851859375 0.7364583328125 0.7143518515625 0.7221354171875001 0.7324074078125 0.7325520828125 0.771296296875 0.746875 0.7736111109375 0.7544270828124999 0.7953703703125 0.7364583328125 0.8541666671874999 0.7140625 0.871759259375 0.6856770828125 0.9055555562500001 0.6950520828125 0.9129629625 0.6809895828125 0.9370370375 0.6809895828125 0.9398148140625 0.6890625 0.9995370375 0.76875 0.9995370375 0.8817708328125 0.9986111109375001 0.8815104171874999 0.9148148140625001 0.84375 0.8856481484375
3 0.0010416671875 0.81805555625 0 0.9708333328125001 0.0661458328125 0.8763888890624999 0.07421875 0.8453703703125001 0.0010416671875 0.81805555625
2 0.603125 0.1384259265625 0.60390625 0.1361111109375 0.5791666671875 0.0736111109375 0.47083333281249995 0.0023148140625 0.3921875 0.0013888890625 0.3830729171875 0.0175925921875 0.3903645828125 0.047222221875 0.446875 0.109722221875 0.49296875 0.1981481484375 0.47421875 0.22777777812500002 0.4765625 0.228240740625 0.528125 0.20694444375 0.553125 0.15972222187500001 0.603125 0.1384259265625
0 0.07552083281250001 0.7365740734374999 0.0002604171875 0.7583333328124999 0.0010416671875 0.8171296296874999 0.07421875 0.8444444437499999 0.0661458328125 0.8754629625 0 0.9712962968750001 0.0015625 0.9976851859375 0.196875 0.9976851859375 0.19973958281249998 0.79351851875 0.1734375 0.7597222218749999 0.07552083281250001 0.7365740734374999
0 0.4231770828125 0.65 0.41328125 0.6148148140624999 0.3934895828125 0.58148148125 0.3924479171875 0.55 0.3651041671875 0.5384259265625 0.3643229171875 0.5351851859375001 0.3643229171875 0.5138888890625 0.3846354171875 0.44351851875000003 0.39453125 0.4240740734375 0.40052083281249995 0.4143518515625 0.4265625 0.4291666671875 0.4544270828125 0.46388888906250003 0.44635416718750004 0.5513888890625 0.49036458281249995 0.51851851875 0.4765625 0.4773148140625 0.4536458328125 0.46157407343749995 0.43932291718750005 0.43981481406249995 0.42578125 0.3509259265625 0.3640625 0.2754629625 0.29921875 0.41018518593750003 0.3419270828125 0.46944444374999994 0.3122395828125 0.55 0.3174479171875 0.6138888890625 0.3278645828125 0.659259259375 0.3294270828125 0.7148148140624999 0.359375 0.753240740625 0.3802083328125 0.7402777781250001 0.42109375 0.6851851859375 0.4231770828125 0.65
2 0.2153645828125 0.0018518515625 0.2046875 0.0013888890625 0.2244791671875 0.1356481484375 0.24973958281250003 0.053703703125 0.22395833281250002 0.06805555625000001 0.2153645828125 0.0018518515625
0 0.4734375 0.2273148140625 0.49453125 0.20277777812500003 0.44635416718750004 0.11435185156250001 0.3885416671875 0.1273148140625 0.36380208281250004 0.178703703125 0.3377604171875 0.26203703749999996 0.3458333328125 0.3106481484375 0.3635416671875 0.27638888906250003 0.4145833328125 0.3365740734375 0.41796875 0.302777778125 0.37447916718749996 0.22916666718749998 0.4734375 0.2273148140625
0 0.2815104171875 0.04444444375 0.2947916671875 0.022685185937499998 0.3380208328125 0.0495370375 0.3674479171875 0.046296296875 0.35390625 0.0231481484375 0.35625 0.0004629625 0.309375 0.0004629625 0.2921875 0.0041666671875 0.27421875 0.025 0.2692708328125 0.053240740625000005 0.259375 0.046759259375 0.24869791718749998 0.055555556250000006 0.23020833281250003 0.11805555625 0.24635416718749997 0.10694444375 0.26510416718749996 0.0791666671875 0.2815104171875 0.04444444375
0 0.4565104171875 0.809259259375 0.46276041718750005 0.81851851875 0.44765625 0.8759259265624999 0.42265625 0.9111111109375001 0.4283854171875 0.9703703703125001 0.41197916718750005 0.991203703125 0.4 0.996759259375 0.340625 0.7958333328125 0.2932291671875 0.8921296296874999 0.2552083328125 0.8393518515625 0.2442708328125 0.858796296875 0.23359375 0.8333333328125001 0.2221354171875 0.740740740625 0.09635416718749999 0.5884259265625 0.08984375 0.5833333328125 0.07265625 0.6953703703125 0.07369791718749999 0.7361111109375 0.16354166718750002 0.7513888890625 0.19973958281249998 0.7953703703125 0.1973958328125 0.9634259265624999 0.34375 0.9976851859375 0.49895833281249996 0.9976851859375 0.5265625 0.7476851859375 0.46380208281249996 0.7666666671875 0.4565104171875 0.809259259375
0 0.21223958281250002 0.177777778125 0.20963541718749998 0.19444444375 0.20989583281250002 0.1976851859375 0.2166666671875 0.1976851859375 0.2466145828125 0.16944444375 0.2244791671875 0.1365740734375 0.21223958281250002 0.177777778125