3 0.9453125 0.753240740625 0.8903645828125001 0.7620370375000001 0.8942708328125001 0.921759259375 0.95 0.9245370375 0.9666666671874999 0.9134259265625 0.9807291671874999 0.9291666671875 0.996875 0.9328703703125001 0.9994791671875 0.6949074078125 0.9416666671874999 0.703240740625 0.9453125 0.753240740625
3 0.41510416718750004 0.83101851875 0.3401041671875 0.75601851875 0.2986979171875 0.8120370375 0.28828125 0.8740740734375001 0.30026041718749996 0.9546296296874999 0.2911458328125 0.9986111109375001 0.4671875 0.9995370375 0.4721354171875 0.9629629625 0.4828125 0.840277778125 0.41510416718750004 0.83101851875
3 0.24583333281250003 0.3828703703125 0.24869791718749998 0.36296296250000004 0.2640625 0.3523148140625 0.2783854171875 0.322222221875 0.27682291718749996 0.30555555624999997 0.2697916671875 0.291203703125 0.2567708328125 0.3023148140625 0.2283854171875 0.2703703703125 0.27291666718749996 0.11620370312499999 0.3153645828125 0.1351851859375 0.32265625 0.06851851875000001 0.2979166671875 0.0199074078125 0.09895833281250001 0.01805555625 0.05859375 0.15555555625 0.050520832812500006 0.1699074078125 0 0.1111111109375 0.0018229171874999998 0.2601851859375 0.01328125 0.2888888890625 0.0111979171875 0.309259259375 0.0184895828125 0.328703703125 0.0645833328125 0.371759259375 0.084375 0.4078703703125 0.09114583281250001 0.3921296296875 0.1125 0.3865740734375 0.121875 0.3671296296875 0.159375 0.36898148124999997 0.15390625 0.459259259375 0.1552083328125 0.459722221875 0.1822916671875 0.4486111109375 0.1984375 0.40694444374999994 0.24583333281250003 0.3828703703125
2 0.9510416671874999 0.083796296875 0.740625 0.029166667187500002 0.7388020828124999 0.0296296296875 0.7200520828125 0.08333333281250001 0.8614583328125001 0.20138888906250002 0.9203125 0.2208333328125 0.9588541671874999 0.171759259375 0.9981770828125001 0.15370370312499998 0.9510416671874999 0.083796296875
0 0.546875 0.7828703703125 0.5140625 0.7597222218749999 0.45104166718750005 0.753240740625 0.39010416718749996 0.7671296296875 0.36953125 0.7870370375 0.415625 0.83194444375 0.48411458281249997 0.8425925921875 0.47109375 0.978703703125 0.46666666718750005 0.9995370375 0.6010416671875001 0.9995370375 0.5919270828125 0.825 0.575 0.7828703703125 0.546875 0.7828703703125
0 0 0.75 0.0494791671875 0.7625 0.0408854171875 0.715740740625 0.04453125 0.628703703125 0.07265625 0.534259259375 0.017708332812499998 0.46898148125 0 0.4643518515625 0 0.75
0 0.8356770828125001 0.6101851859375 0.8270833328125 0.5745370375000001 0.7575520828125 0.5527777781250001 0.7716145828125 0.4546296296875 0.7838541671875 0.43194444374999996 0.8036458328125 0.45046296249999995 0.8442708328125 0.466203703125 0.85859375 0.4611111109375 0.8575520828125001 0.440740740625 0.7609375 0.34305555625 0.7270833328124999 0.3023148140625 0.6825520828125 0.434259259375 0.71953125 0.4824074078125 0.7013020828125 0.5722222218749999 0.6950520828125 0.70648148125 0.7135416671875 0.7504629625 0.7546875 0.7606481484375001 0.7828125 0.7106481484375 0.81328125 0.675 0.8356770828125001 0.6101851859375
2 0.58828125 0.1925925921875 0.5856770828125 0.15370370312499998 0.6013020828125 0.1 0.6143229171875 0.07962962968750001 0.6096354171875 0.0166666671875 0.6072916671875 0.013425926562500001 0.6002604171875 0.0129629625 0.6052083328125 0.0726851859375 0.5682291671875 0.084722221875 0.5557291671875 0.09305555625 0.5544270828125 0.097222221875 0.5526041671875 0.1291666671875 0.57890625 0.12222222187500001 0.5796875 0.24583333281250003 0.5888020828125 0.234259259375 0.5841145828125 0.21944444375 0.58828125 0.1925925921875
0 0.8083333328125001 0.253240740625 0.840625 0.2476851859375 0.8653645828125001 0.22777777812500002 0.8609375 0.19953703750000001 0.7989583328125 0.1449074078125 0.7760416671875 0.1625 0.7671875 0.1634259265625 0.7049479171875 0.2833333328125 0.715625 0.3375 0.7276041671875 0.3023148140625 0.7588541671875 0.34027777812500004 0.7880208328125 0.36805555624999997 0.75078125 0.2611111109375 0.75703125 0.209259259375 0.8083333328125001 0.253240740625
0 0.5958333328125 0.146759259375 0.6578125 0.0495370375 0.6765625 0.06435185156249999 0.6934895828125 0.0675925921875 0.69453125 0.015740740625 0.6895833328125 0.00601851875 0.684375 0.008796296875 0.6682291671875 0 0.6536458328125 0.0125 0.63359375 0.0425925921875 0.6255208328124999 0.07083333281250001 0.6213541671875 0.06527777812499999 0.6111979171875 0.08333333281250001 0.59453125 0.127777778125 0.58515625 0.14444444375 0.58359375 0.222222221875 0.5856770828125 0.23518518593749999 0.5869791671875 0.2356481484375 0.62421875 0.2046296296875 0.59453125 0.15 0.5958333328125 0.146759259375
0 0.8549479171875 0.7805555562500001 0.8559895828125 0.7833333328125 0.85390625 0.7898148140625 0.81015625 0.9120370375 0.83203125 0.9759259265625 0.8299479171874999 0.9953703703125001 0.8046875 0.9958333328125001 0.72578125 0.8611111109375 0.7057291671875 0.8125 0.6697916671875 0.8995370375 0.6333333328124999 0.8430555562500001 0.6130208328125 0.8699074078125 0.59140625 0.753703703125 0.46640625 0.5962962968750001 0.4518229171875 0.7518518515625 0.5145833328125 0.758796296875 0.5473958328124999 0.7819444437499999 0.5755208328125 0.7819444437499999 0.5924479171875 0.8240740734375 0.6 0.9791666671874999 0.6661458328125 0.9958333328125001 0.928125 0.9986111109375001 0.8955729171875 0.9620370375 0.8890625 0.7745370375 0.8549479171875 0.7805555562500001