3 0.6619791671875 0.8050925921875001 0.6432291671875 0.7634259265625001 0.59765625 0.852777778125 0.5658854171875001 0.9490740734375 0.5471354171875 0.997222221875 0.7291666671875 0.9995370375 0.7231770828124999 0.8574074078124999 0.6864583328125 0.81898148125 0.6619791671875 0.8050925921875001
3 0.3796875 0 0.3486979171875 0.13333333281249998 0.3223958328125 0.15694444375 0.2994791671875 0.2004629625 0.2484375 0.141203703125 0.18802083281249998 0.19120370312499999 0.1828125 0.2476851859375 0.11614583281249999 0.259722221875 0.0916666671875 0.1949074078125 0.0703125 0.196759259375 0.06953125 0.2 0.06119791718749999 0.2796296296875 0.0770833328125 0.2884259265625 0.0916666671875 0.3328703703125 0.11614583281249999 0.31990740781250004 0.12552083281249998 0.35694444375 0.15572916718750002 0.366203703125 0.18697916718750002 0.32824074062499997 0.2625 0.3236111109375 0.2645833328125 0.3976851859375 0.3005208328125 0.3949074078125 0.33125 0.38009259218749997 0.334375 0.378240740625 0.3505208328125 0.3495370375 0.3796875 0.3791666671875 0.4171875 0.396759259375 0.446875 0.403240740625 0.4565104171875 0.36944444375 0.45130208281249995 0.3481481484375 0.47447916718750005 0.3513888890625 0.48359375 0.3296296296875 0.48541666718750004 0.3013888890625 0.47864583281249995 0.30416666718749996 0.44713541718750005 0.275 0.4809895828125 0.1351851859375 0.5239583328124999 0.1449074078125 0.5247395828125 0.1416666671875 0.5372395828125 0.04351851875 0.5177083328125 0 0.3796875 0
3 0.028125 0 0.052864582812500005 0.11944444375 0.0908854171875 0.1925925921875 0.11536458281249999 0.259259259375 0.11927083281249999 0.2606481484375 0.1828125 0.2486111109375 0.18802083281249998 0.19120370312499999 0.2479166671875 0.141203703125 0.2989583328125 0.2004629625 0.321875 0.15694444375 0.34817708281250004 0.13333333281249998 0.36953125 0.0425925921875 0.3768229171875 0 0.028125 0
0 0.7261750515625 0.9474706421875 0.727300346875 0.9474228390625001 0.7285950203125 0.949266034375 0.7275173609375 0.9521604937499999 0.7296875 0.9995370375 0.7910208328125 0.9995370375 0.7915142281249999 0.9959462515625 0.793934196875 0.9977416437500001 0.7936875 0.9995370375 0.8096354171875 0.9981481484374999 0.80703125 0.9268518515625 0.8028645828125001 0.9055555562500001 0.7934895828124999 0.8824074078124999 0.7825520828125 0.821296296875 0.7671875 0.8078703703125001 0.75625 0.7763888890625 0.684375 0.766203703125 0.6471875 0.7657716046874999 0.6462760421875 0.7696759265625001 0.64453125 0.765740740625 0.6421875 0.765277778125 0.6397786453125 0.768865740625 0.639453125 0.765277778125 0.63125 0.765277778125 0.6075520828125 0.7814814812499999 0.59609375 0.827777778125 0.5957465281250001 0.8395061734375 0.5955729171875 0.8453703703125001 0.5996484375 0.84868055625 0.5979166671875 0.8523148140625001 0.7261750515625 0.9474706421875
0 0.3291666671875 0.7800925921874999 0.32265625 0.6259259265625 0.2755208328125 0.4921296296875 0.2 0.44490740781250004 0.06979166718749999 0.4263888890625 0.06171875 0.5268518515625 0.0700520828125 0.6953703703125 0.0682291671875 0.7921296296875 0.1671875 0.6800925921875 0.2510416671875 0.7550925921875 0.3291666671875 0.7800925921874999
0 0.9997395828125001 0.5675925921875 0.9794270828125 0.5666666671875 0.98984375 0.4601851859375 0.9986979171874999 0.45277777812500003 0.9981770828125001 0.3768518515625 0.9390625 0.3115740734375 0.9044270828125001 0.45185185156249996 0.9388020828125001 0.5 0.9200520828125001 0.584259259375 0.90703125 0.7379629624999999 0.9270833328125001 0.758796296875 0.9786458328125001 0.7671296296875 0.98515625 0.728703703125 0.9997395828125001 0.709259259375 0.9997395828125001 0.5675925921875
2 0.80078125 0.1703703703125 0.80390625 0.14444444375 0.8044270828125001 0.11388888906250001 0.825 0.09305555625 0.7619791671875 0.09953703750000001 0.73984375 0.13888888906250002 0.74375 0.1671296296875 0.7658854171875 0.1546296296875 0.7778645828124999 0.271296296875 0.7786458328125 0.2754629625 0.7802083328125 0.2754629625 0.80859375 0.2638888890625 0.80546875 0.21203703749999997 0.80078125 0.1703703703125
2 0.9359375 0.0393518515625 0.8966145828125001 0.00648148125 0.89609375 0.0425925921875 0.8885416671874999 0.06898148125 0.9130208328125 0.09120370312500001 0.9661458328125001 0.1245370375 0.9994791671875 0.134722221875 0.9994791671875 0.0125 0.9729166671874999 0.016203703125 0.9359375 0.0393518515625
0 0.9276041671874999 0.34305555625 0.9385416671875 0.3115740734375 0.9979166671874999 0.3763888890625 0.9989583328125 0.17361111093749998 0.9127604171874999 0.29444444375 0.9276041671874999 0.34305555625
0 0.5591145828124999 0.897222221875 0.565625 0.9458333328125 0.5809895828125 0.9055555562500001 0.578125 0.896759259375 0.5591145828124999 0.897222221875
0 0.8075520828125 0.16944444375 0.8395833328125001 0.1115740734375 0.871875 0.06064814843750001 0.8848958328125001 0.0671296296875 0.9057291671875 0.0476851859375 0.9096354171875 0.0361111109375 0.9020833328125001 0.01805555625 0.88125 0.03101851875 0.8768229171874999 0.013888889062500001 0.871875 0.009722221875000001 0.8572916671874999 0.028240740625 0.8276041671875 0.084722221875 0.8140625 0.1004629625 0.81328125 0.10833333281249999 0.80859375 0.11388888906250001 0.7940104171875 0.1546296296875 0.8083333328125001 0.2615740734375 0.8434895828125001 0.2296296296875 0.8203125 0.1875 0.8075520828125 0.16944444375
0 0.9997395828125001 0.94351851875 0.9713541671874999 0.9087962968750001 0.953125 0.9171296296874999 0.9497395828125 0.8925925921875001 0.9177083328125001 0.828240740625 0.8828125 0.903240740625 0.8192708328125 0.815277778125 0.80546875 0.775 0.7916666671875 0.7449074078125 0.7557291671875 0.6995370375000001 0.6984375 0.609722221875 0.68515625 0.6416666671875 0.6809895828125 0.7046296296875 0.6794270828125 0.7666666671875 0.7557291671875 0.7773148140624999 0.7666666671875 0.808796296875 0.78203125 0.8222222218749999 0.79296875 0.8824074078124999 0.8028645828125001 0.9074074078125 0.8065104171874999 0.9268518515625 0.8091145828125 0.9981481484374999 0.8421875 0.9995370375 0.8640625 0.9958333328125001 0.9979166671874999 0.9958333328125001 0.9997395828125001 0.94351851875
3 0.18697916718750002 0.3291666671875 0.15572916718750002 0.3671296296875 0.1252604171875 0.3583333328125 0.1307291671875 0.43379629687500004 0.1989583328125 0.44398148125 0.2643229171875 0.3981481484375 0.2625 0.32453703749999996 0.18697916718750002 0.3291666671875