0 0.925 0.6421296296875 0.8966145828125001 0.6611111109375 0.89296875 0.7166666671875 0.89375 0.7726851859375 0.9994791671875 0.8226851859375 0.9997395828125001 0.7509259265625 0.9984375 0.7486111109375 0.925 0.6421296296875
3 0.9997395828125001 0.9925925921875001 0.9955729171875 0.952777778125 0.9606770828125001 0.86944444375 0.93046875 0.8194444437499999 0.9213541671875 0.7976851859375 0.9109375 0.7828703703125 0.81953125 0.85555555625 0.8059895828125001 0.9416666671874999 0.7903645828125 0.9638888890624999 0.77890625 0.9990740734375001 0.8005208328125001 0.9995370375 0.9776041671875 0.9958333328125001 0.9994791671875 0.9949074078125 0.9997395828125001 0.9925925921875001
3 0.6557291671875001 0.40694444374999994 0.69140625 0.3481481484375 0.69296875 0.31851851875000003 0.6653645828125 0.27870370312500004 0.6872395828125 0.15092592656249998 0.7252604171875 0.16388888906250001 0.7153645828124999 0.1351851859375 0.7434895828125 0.06944444375 0.728125 0.003240740625 0.6567708328124999 0.0013888890625 0.6309895828125 0.05648148125 0.6059895828124999 0.12129629687500001 0.5671875 0.16805555625 0.5260416671875 0.20416666718749998 0.4739583328125 0.15879629687500002 0.4330729171875 0.2138888890625 0.41979166718750005 0.259722221875 0.365625 0.26805555625 0.34036458281250004 0.3203703703125 0.3885416671875 0.3754629625 0.4057291671875 0.365277778125 0.4916666671875 0.29305555625 0.49036458281249995 0.409259259375 0.5796875 0.384722221875 0.5734375 0.48379629687500003 0.6041666671875 0.45601851875 0.6177083328124999 0.4171296296875 0.6557291671875001 0.40694444374999994
3 0.4330729171875 0.2138888890625 0.4734375 0.15879629687500002 0.5255208328125 0.20416666718749998 0.5666666671875 0.16805555625 0.60546875 0.12129629687500001 0.63046875 0.05648148125 0.6559895828125 0.002777778125 0.28125 0 0.27421875 0.0259259265625 0.2841145828125 0.134259259375 0.3541666671875 0.29305555625 0.3661458328125 0.2671296296875 0.41979166718750005 0.258796296875 0.4330729171875 0.2138888890625
2 0.1619791671875 0.240277778125 0.171875 0.24953703749999998 0.1893229171875 0.24722222187499998 0.18828125 0.2148148140625 0.1661458328125 0.14398148125000002 0.07291666718749999 0.071759259375 0.0380208328125 0.0773148140625 0.0364583328125 0.08101851875 0.0278645828125 0.08518518593749999 0.029427082812499998 0.109259259375 0.05234375 0.134259259375 0.056510417187499995 0.15648148125 0.060416667187499995 0.1643518515625 0.1317708328125 0.25601851875000003 0.1369791671875 0.246759259375 0.1588541671875 0.240277778125 0.1619791671875 0.240277778125
0 0.8901041671875 0.7708333328125 0.853125 0.778240740625 0.8205729171874999 0.8509259265625 0.9125 0.7865740734375 0.9643229171875 0.8740740734375001 0.996875 0.9606481484374999 0.99921875 0.85 0.9984375 0.8245370375000001 0.8901041671875 0.7708333328125
0 0.4328125 0.45416666718750004 0.3221354171875 0.4388888890625 0.31015625 0.5296296296875 0.3036458328125 0.7115740734375 0.384375 0.746759259375 0.43541666718750005 0.6893518515625 0.5401041671875 0.7745370375 0.5744791671875 0.7837962968750001 0.5903645828124999 0.6768518515624999 0.5083333328124999 0.503240740625 0.4328125 0.45416666718750004
0 0.1716145828125 0.93148148125 0.1611979171875 0.8462962968750001 0.1486979171875 0.7981481484375 0.14765625 0.753703703125 0.10442708281249999 0.60555555625 0.10260416718750001 0.6041666671875 0.0869791671875 0.616203703125 0.08463541718749999 0.6148148140624999 0.0640625 0.5328703703125 0.01953125 0.5583333328125 0.0234375 0.5939814812499999 0.060677082812500005 0.625 0.05546875 0.6583333328125 0.053125 0.6625 0.0338541671875 0.691203703125 0.0028645828125 0.7194444437499999 0.00078125 0.9370370375 0.021354167187500002 0.9976851859375 0.0364583328125 0.9976851859375 0.09322916718749999 0.9958333328125001 0.1375 0.9745370375 0.1716145828125 0.93148148125
2 0.9997395828125001 0.1490740734375 0.9984375 0.0976851859375 0.95625 0.10694444375 0.9294270828125001 0.171296296875 0.9549479171874999 0.1824074078125 0.978125 0.3143518515625 0.9997395828125001 0.284259259375 0.9981770828125001 0.21851851875 0.9997395828125001 0.1490740734375
0 0.7984375 0.8986111109375001 0.77578125 0.897222221875 0.7817708328124999 0.9828703703125001 0.8033854171874999 0.9444444437499999 0.80859375 0.925 0.7984375 0.8986111109375001
3 0.4057291671875 0.3643518515625 0.3885416671875 0.3754629625 0.34036458281250004 0.321296296875 0.3658854171875 0.3990740734375 0.3489583328125 0.44305555625000004 0.43177083281249995 0.45416666718750004 0.48984375 0.409259259375 0.49114583281249996 0.2921296296875 0.4057291671875 0.3643518515625