0 0.9260416671874999 0.38009259218749997 0.9221354171874999 0.38703703749999996 0.9221354171874999 0.3916666671875 0.92890625 0.4601851859375 0.9518229171874999 0.515740740625 0.93359375 0.5666666671875 0.9341145828125 0.5722222218749999 0.9466145828125001 0.621296296875 0.97734375 0.76851851875 0.9994791671875 0.7949074078125 0.9984375 0.2921296296875 0.9713541671874999 0.308796296875 0.9260416671874999 0.38009259218749997
3 0.53515625 0.5759259265625001 0.5432291671875 0.590277778125 0.56171875 0.6046296296875 0.5658854171875001 0.6453703703125 0.6052083328125 0.7226851859375001 0.68046875 0.5824074078125 0.5489583328125 0.5365740734375 0.53515625 0.5759259265625001
3 0.5859375 0.8625 0.60390625 0.85648148125 0.60234375 0.8101851859375 0.60546875 0.7231481484375 0.5658854171875001 0.6453703703125 0.56171875 0.6046296296875 0.5442708328125 0.590277778125 0.5419270828125 0.5935185187500001 0.5372395828125 0.6175925921875 0.5307291671875001 0.6300925921875 0.5177083328125 0.5976851859375001 0.5013020828125 0.6120370375 0.5169270828125 0.6268518515625 0.5239583328124999 0.66805555625 0.503125 0.6800925921875 0.48541666718750004 0.671759259375 0.4674479171875 0.6953703703125 0.46380208281249996 0.7370370375 0.45208333281249996 0.7430555562500001 0.45026041718750004 0.746296296875 0.42994791718750003 0.8953703703125001 0.4453125 0.91898148125 0.48072916718750003 0.916203703125 0.4848958328125 0.9273148140625 0.5119791671875 0.9328703703125001 0.54375 0.8995370375 0.5697916671875001 0.8578703703125001 0.5859375 0.8625
3 0.7463541671875 0.858796296875 0.74296875 0.852777778125 0.7393229171875 0.7546296296875 0.7067708328125 0.721759259375 0.66875 0.6736111109375 0.6645833328124999 0.671759259375 0.65078125 0.7111111109375 0.6497395828125 0.7379629624999999 0.6609375 0.771759259375 0.6815104171875 0.784259259375 0.66796875 0.85 0.6182291671875 0.8856481484375 0.6049479171875001 0.922222221875 0.6033854171875 0.9305555562500001 0.6096354171875 0.99444444375 0.8057291671875 0.9958333328125001 0.8127604171874999 0.922222221875 0.7671875 0.890277778125 0.7463541671875 0.858796296875
2 0.46770833281249996 0.1495370375 0.5135416671875 0.1375 0.5247395828125 0.1148148140625 0.5005208328124999 0.059722221875 0.4390625 0.01805555625 0.43541666718750005 0.0004629625 0.3390625 0.0004629625 0.29921875 0.0259259265625 0.3 0.043981481249999996 0.3265625 0.046759259375 0.403125 0.1606481484375 0.41171875 0.20648148125 0.39140625 0.22407407343750002 0.40625 0.228240740625 0.4223958328125 0.2486111109375 0.42760416718750005 0.24953703749999998 0.4486979171875 0.24444444375000002 0.45078125 0.1925925921875 0.46770833281249996 0.1495370375
0 0.0015625 0.7300925921875 0 0.996296296875 0.11510416718750001 0.9986111109375001 0.12109375 0.790740740625 0.0880208328125 0.7495370375 0.0015625 0.7300925921875
0 0.3127604171875 0.590740740625 0.30078125 0.547222221875 0.2841145828125 0.547222221875 0.2815104171875 0.5175925921875 0.2981770828125 0.48981481406249994 0.3088541671875 0.428240740625 0.3239583328125 0.41342592656250005 0.34765625 0.42222222187499997 0.3341145828125 0.3453703703125 0.2947916671875 0.2773148140625 0.2880208328125 0.2699074078125 0.2361979171875 0.38240740781250004 0.22161458281250002 0.409259259375 0.24322916718749998 0.4486111109375 0.26119791718749996 0.4574074078125 0.2388020828125 0.5370370375 0.24088541718749998 0.597222221875 0.2455729171875 0.647222221875 0.26901041718749996 0.7351851859375 0.28958333281250004 0.7495370375 0.3192708328125 0.721759259375 0.3466145828125 0.6611111109375 0.3127604171875 0.590740740625
2 0.1442708328125 0.06898148125 0.1278645828125 0.002777778125 0.11875 0.0004629625 0.14114583281249998 0.133796296875 0.1721354171875 0.0490740734375 0.1651041671875 0.0476851859375 0.1442708328125 0.06898148125
0 0.3322916671875 0.21898148125 0.39114583281250004 0.2226851859375 0.41171875 0.20555555625 0.40390625 0.1611111109375 0.3713541671875 0.1115740734375 0.3296875 0.140277778125 0.3072916671875 0.12361111093749999 0.28515625 0.18055555625 0.26119791718749996 0.25833333281250004 0.27291666718749996 0.3013888890625 0.28958333281250004 0.2699074078125 0.334375 0.3449074078125 0.32890625 0.2824074078125 0.3049479171875 0.22685185156249998 0.3322916671875 0.21898148125
0 0.2171875 0.01805555625 0.2510416671875 0.0365740734375 0.2848958328125 0.0449074078125 0.28463541718749996 0.0379629625 0.2903645828125 0.0231481484375 0.28359375 0.0111111109375 0.2848958328125 0.0004629625 0.2166666671875 0.0023148140625 0.20416666718749998 0.01805555625 0.1885416671875 0.0199074078125 0.18307291718750002 0.046296296875 0.178125 0.0449074078125 0.1622395828125 0.071296296875 0.1552083328125 0.10787037031249999 0.1838541671875 0.08101851875 0.2026041671875 0.054166667187499996 0.2171875 0.01805555625
0 0.3838541671875 0.7625 0.3825520828125 0.7648148140625 0.36796875 0.8027777781250001 0.3799479171875 0.81851851875 0.3674479171875 0.872222221875 0.3619791671875 0.883796296875 0.3424479171875 0.9129629625 0.3450520828125 0.9675925921875 0.3369791671875 0.9865740734375 0.315625 0.9949074078125 0.26614583281250004 0.796759259375 0.2171875 0.8884259265625 0.18020833281249998 0.8384259265624999 0.1703125 0.85601851875 0.14921875 0.80648148125 0.14921875 0.7370370375 0.14791666718750002 0.734722221875 0.0125 0.5791666671875 0.0096354171875 0.578703703125 0 0.646296296875 0.0013020828125 0.7296296296875 0.08854166718749999 0.7495370375 0.1216145828125 0.7916666671875 0.1169270828125 0.9453703703125 0.1177083328125 0.958796296875 0.2927083328125 0.9995370375 0.3177083328125 0.9995370375 0.41588541718750005 0.996296296875 0.45 0.7430555562500001 0.3838541671875 0.7625
0 0.146875 0.1226851859375 0.1346354171875 0.15370370312499998 0.1302083328125 0.1921296296875 0.1421875 0.1856481484375 0.1669270828125 0.1574074078125 0.146875 0.1226851859375