3 0.7994791671875 0.54305555625 0.7783854171875 0.6166666671875001 0.8276041671875 0.715277778125 0.90859375 0.5870370375 0.8052083328125 0.5736111109375 0.7994791671875 0.54305555625
3 0.86015625 0.865740740625 0.83984375 0.759259259375 0.8263020828125001 0.7148148140624999 0.7786458328125 0.6171296296875 0.7721354171875 0.652777778125 0.7739583328124999 0.6745370375 0.7328125 0.691203703125 0.71875 0.6865740734375 0.71015625 0.7212962968750001 0.7072916671875 0.7486111109375 0.6768229171875 0.752777778125 0.6684895828124999 0.9 0.6864583328125 0.91898148125 0.703125 0.9134259265625 0.7739583328124999 0.93101851875 0.7979166671875 0.8615740734375 0.815625 0.858796296875 0.86015625 0.865740740625
3 0.9799479171875 0.865740740625 0.97734375 0.790740740625 0.96796875 0.7879629625 0.9515625 0.7254629625 0.9380208328125 0.7236111109375 0.9328125 0.6995370375000001 0.91875 0.6949074078125 0.903125 0.666203703125 0.8755208328125 0.6800925921875 0.8924479171874999 0.7111111109375 0.8674479171874999 0.727777778125 0.8690104171874999 0.772222221875 0.8893229171874999 0.7768518515625 0.8908854171874999 0.8138888890624999 0.8791666671874999 0.8523148140625001 0.8143229171874999 0.9101851859375 0.8361979171874999 0.9981481484374999 0.9994791671875 0.9986111109375001 0.9997395828125001 0.8916666671875 0.97265625 0.8870370375000001 0.9799479171875 0.865740740625
3 0.2348958328125 0.8458333328125001 0.2208333328125 0.8328703703125001 0.1270833328125 0.815277778125 0.06875 0.7671296296875 0.0416666671875 0.7384259265625001 0.0002604171875 0.76944444375 0 0.9574074078124999 0.028125 0.9958333328125001 0.2046875 0.9995370375 0.2299479171875 0.878703703125 0.23567708281250002 0.8481481484375 0.2348958328125 0.8458333328125001
2 0.7596354171875 0.127777778125 0.7244791671875 0.0875 0.5854166671875001 0.0041666671875 0.5546875 0 0.5169270828125 0.047222221875 0.5572916671875 0.10231481406250001 0.5932291671875001 0.1226851859375 0.5940104171875 0.12407407343750002 0.5885416671875 0.13194444375 0.6291666671875 0.16805555625 0.6489583328124999 0.17268518593749999 0.6895833328125 0.2125 0.7140625 0.17546296249999999 0.7609375 0.1504629625 0.7596354171875 0.127777778125
0 0.3234375 0.7736111109375 0.2958333328125 0.7495370375 0.228125 0.7430555562500001 0.1677083328125 0.75601851875 0.1315104171875 0.7898148140625 0.1265625 0.815277778125 0.2203125 0.8328703703125001 0.234375 0.8458333328125001 0.23567708281250002 0.8481481484375 0.23411458281250003 0.85648148125 0.20442708281250002 0.9990740734375001 0.2666666671875 0.9995370375 0.3533854171875 0.9981481484374999 0.3541666671875 0.7949074078125 0.3234375 0.7736111109375
0 0.5825520828124999 0.602777778125 0.5684895828125 0.5694444437499999 0.5684895828125 0.559259259375 0.5236979171875 0.5425925921875 0.5231770828125 0.5361111109375 0.5388020828125 0.459259259375 0.55390625 0.42314814843750004 0.5588541671875 0.4236111109375 0.596875 0.45046296249999995 0.6169270828125 0.45370370312499997 0.6130208328125 0.558796296875 0.6375 0.5421296296875 0.6408854171875 0.51851851875 0.6294270828124999 0.4731481484375 0.62109375 0.43055555625 0.6153645828125 0.41944444374999995 0.6104166671875 0.3875 0.5088541671875 0.2856481484375 0.45390625 0.42129629687500003 0.4934895828125 0.4731481484375 0.46848958281249997 0.5694444437499999 0.47682291718750003 0.5833333328125 0.4721354171875 0.590740740625 0.4721354171875 0.640740740625 0.47682291718750003 0.7231481484375 0.5177083328125 0.758796296875 0.5432291671875 0.7300925921875 0.5825520828124999 0.6740740734374999 0.5825520828124999 0.602777778125
2 0.37161458281250004 0.0009259265625 0.3697916671875 0 0.36328125 0.002777778125 0.3736979171875 0.071296296875 0.3565104171875 0.08518518593749999 0.3565104171875 0.12222222187500001 0.3708333328125 0.1226851859375 0.3955729171875 0.0638888890625 0.38046875 0.0629629625 0.37161458281250004 0.0009259265625
3 0.0013020828125 0.25833333281250004 0.0013020828125 0.15555555625 0.0411458328125 0.08101851875 0.0953125 0.1199074078125 0.0927083328125 0 0.00078125 0.002777778125 0.0005208328124999999 0.3736111109375 0.0229166671875 0.3708333328125 0.0705729171875 0.3101851859375 0.0013020828125 0.25833333281250004
0 0.56875 0.2236111109375 0.6208333328125 0.2375 0.64140625 0.2175925921875 0.6385416671875 0.18842592656249998 0.5880208328125 0.13194444375 0.5442708328125 0.13935185156250002 0.48359375 0.2675925921875 0.496875 0.31898148125 0.5083333328124999 0.28379629687499996 0.5578125 0.334722221875 0.5513020828124999 0.290740740625 0.5354166671875 0.24398148125 0.56875 0.2236111109375
0 0.3815104171875 0.12407407343750002 0.4114583328125 0.090277778125 0.4401041671875 0.033796296875 0.484375 0.0625 0.5020833328125 0.054166667187499996 0.5028645828125 0.052777778124999994 0.4908854171875 0.0324074078125 0.49140625 0 0.440625 0.0004629625 0.43541666718750005 0.017129629687500002 0.4184895828125 0.0333333328125 0.4140625 0.0615740734375 0.403125 0.053240740625000005 0.39895833281250004 0.058796296875 0.3955729171875 0.0648148140625 0.38723958281250004 0.0916666671875 0.37057291718749996 0.12222222187500001 0.3604166671875 0.2125 0.3971354171875 0.1833333328125 0.38046875 0.15277777812499999 0.3815104171875 0.12407407343750002
0 0.3536458328125 0.7949074078125 0.3541666671875 0.9708333328125001 0.4604166671875 0.9949074078125 0.5608974359375 0.9958095921875 0.560559640625 0.9882080609375 0.5635416671875 0.9958333328125001 0.5674479171875 0.9953703703125001 0.568804825 0.9959307984375 0.5701171875 0.9954346703124999 0.571436403125 0.9959795328125001 0.5727864578124999 0.9954989718749999 0.5740679828124999 0.9960282640625 0.5754557296875 0.9955632718749999 0.5766995609375 0.9960769984375 0.578125 0.995627571875 0.579331140625 0.99612573125 0.6635416671875001 0.9976851859375 0.675 0.7597222218749999 0.6236979171875 0.772222221875 0.6252604171875 0.7953703703125 0.6236979171875 0.8009259265625 0.5966145828125 0.8898148140625001 0.58359375 0.9074074078125 0.5908854171875 0.984259259375 0.5700520828125 0.9941358031249999 0.559068628125 0.984395425 0.4875 0.8013888890624999 0.47890625 0.8259259265625 0.4518229171875 0.877777778125 0.4458333328125 0.8976851859374999 0.40625 0.8412037031249999 0.396875 0.8634259265625 0.39010416718749996 0.8625 0.3690104171875 0.746296296875 0.24375 0.5865740734375 0.24140625 0.5861111109375 0.22371323593749998 0.737990196875 0.2231770828125 0.7425925921875 0.2947916671875 0.7495370375 0.33541666718749996 0.7837962968750001 0.3536458328125 0.7949074078125