0 0.9768229171874999 0.65 0.9997395828125001 0.615740740625 0.9997395828125001 0.40833333281249995 0.9690104171874999 0.3453703703125 0.990625 0.22916666718749998 0.9708333328125001 0.2726851859375 0.9177083328125001 0.2865740734375 0.8880208328125001 0.31898148125 0.87265625 0.38703703749999996 0.8591145828125001 0.3879629625 0.8815104171874999 0.5120370375000001 0.86640625 0.5648148140625 0.8934895828125 0.6944444437499999 0.8966145828125001 0.75555555625 0.9494791671874999 0.79305555625 0.94921875 0.7398148140624999 0.9752604171874999 0.6944444437499999 0.9768229171874999 0.65
3 0.45390625 0.5555555562500001 0.4635416671875 0.5828703703125 0.48671875 0.6009259265625 0.4934895828125 0.652777778125 0.5229166671875001 0.7254629625 0.6013020828125 0.58148148125 0.46770833281249996 0.5199074078125 0.45390625 0.5555555562500001
3 0.4895833328125 0.8578703703125001 0.5140625 0.8625 0.5205729171875 0.840740740625 0.51640625 0.8055555562500001 0.5231770828125 0.7824074078125001 0.5231770828125 0.7259259265625 0.4934895828125 0.652777778125 0.48671875 0.6 0.4640625 0.58194444375 0.46484375 0.6129629624999999 0.453125 0.6226851859375 0.4427083328125 0.584722221875 0.4184895828125 0.6120370375 0.43359375 0.615740740625 0.44114583281249997 0.6671296296875 0.4166666671875 0.6773148140624999 0.3984375 0.666203703125 0.3809895828125 0.7009259265625001 0.3768229171875 0.740740740625 0.3502604171875 0.897222221875 0.35885416718749996 0.915277778125 0.3807291671875 0.9226851859374999 0.3927083328125 0.9050925921875 0.40026041718750005 0.9259259265625 0.4046875 0.928240740625 0.428125 0.9245370375 0.4604166671875 0.89398148125 0.4895833328125 0.8578703703125001
3 0.6947916671875001 0.88101851875 0.6682291671875 0.8680555562500001 0.6591145828125 0.746296296875 0.5895833328125 0.6560185187500001 0.5893229171875001 0.703703703125 0.5768229171875 0.7175925921874999 0.58828125 0.7620370375000001 0.6049479171875001 0.7851851859375001 0.5885416671875 0.8615740734375 0.5630208328124999 0.86898148125 0.5268229171875001 0.9 0.52578125 0.9981481484374999 0.7302083328125 0.9995370375 0.73984375 0.9296296296875 0.7361979171875 0.9148148140625001 0.6947916671875001 0.88101851875
2 0.384375 0.1458333328125 0.44453125 0.1203703703125 0.42994791718750003 0.061111110937500004 0.3604166671875 0.0004629625 0.2760416671875 0 0.2328125 0.0245370375 0.23333333281250002 0.0393518515625 0.2541666671875 0.0375 0.2997395828125 0.1046296296875 0.2966145828125 0.11851851875 0.32265625 0.16388888906250001 0.3346354171875 0.197222221875 0.31484375 0.21851851875 0.3552083328125 0.2523148140625 0.37734375 0.2259259265625 0.37109375 0.1879629625 0.384375 0.1458333328125
0 0.26640625 0.6509259265625 0.22734375 0.5916666671875 0.21640625 0.547222221875 0.20286458281250003 0.51851851875 0.21901041718749997 0.48425925937500003 0.2283854171875 0.43055555625 0.24375 0.4106481484375 0.25546875 0.4074074078125 0.24296875 0.3416666671875 0.22578125 0.28148148125 0.2125 0.26435185156249996 0.1690104171875 0.3611111109375 0.1455729171875 0.40648148125 0.159375 0.4384259265625 0.1861979171875 0.45648148125 0.1653645828125 0.51944444375 0.1533854171875 0.5296296296875 0.1622395828125 0.5888888890625 0.1638020828125 0.6351851859375001 0.16953125 0.6629629625 0.1846354171875 0.7120370375 0.21875 0.7513888890625 0.2541666671875 0.703240740625 0.2721354171875 0.7009259265625001 0.26640625 0.6509259265625
2 0.06510416718749999 0.0699074078125 0.0408854171875 0.002777778125 0.0328125 0 0.058854167187499994 0.1291666671875 0.09609375 0.04351851875 0.0822916671875 0.041203703125000005 0.06510416718749999 0.0699074078125
0 0.3346354171875 0.1981481484375 0.296875 0.11898148125 0.259375 0.13287037031249999 0.228125 0.12175925937500001 0.20963541718749998 0.1703703703125 0.1856770828125 0.25833333281250004 0.1984375 0.2958333328125 0.21197916718749998 0.26527777812500003 0.22395833281250002 0.278240740625 0.2427083328125 0.3384259265625 0.24895833281250002 0.2115740734375 0.3145833328125 0.21805555625 0.3346354171875 0.1981481484375
0 0.1416666671875 0.0041666671875 0.1989583328125 0.038425926562500004 0.2322916671875 0.0393518515625 0.23203125 0.028703703125 0.2140625 0.0004629625 0.1260416671875 0.003240740625 0.1166666671875 0.03101851875 0.1052083328125 0.01805555625 0.10234375 0.0175925921875 0.0966145828125 0.0425925921875 0.07578125 0.0898148140625 0.07760416718749999 0.090277778125 0.1015625 0.078240740625 0.12395833281249999 0.052314814062500006 0.1416666671875 0.0041666671875
0 0.26223958281250004 0.9675925921875 0.2406770828125 0.9875925921875 0.23334465624999998 0.9778985515624999 0.2091145828125 0.8953703703125001 0.21588541718749998 0.8666666671875 0.1932291671875 0.791203703125 0.1427083328125 0.8856481484375 0.1046875 0.834722221875 0.0901041671875 0.853240740625 0.0705729171875 0.797222221875 0.07369791718749999 0.740740740625 0.0013020828125 0.659259259375 0.0013020828125 0.7490740734375 0.0346354171875 0.7675925921875 0.0307291671875 0.959722221875 0.1703125 0.9856481484374999 0.2343125 0.9900925921875 0.234556159375 0.9820249609375 0.23697916718749998 0.9902777781250001 0.23828125 0.9898148140625 0.2395978015625 0.9904835390625 0.24093749999999997 0.9900396828125 0.2422164359375 0.9906893 0.24359375 0.99026455 0.24483506875 0.9908950624999999 0.24625 0.9904894171875 0.247453703125 0.9911008234375001 0.24890625000000002 0.9907142859375 0.2500723375 0.991306584375 0.2515625 0.990939153125 0.252690971875 0.9915123453125 0.25421875 0.991164021875 0.33125 0.9976851859375 0.3760416671875 0.7384259265625001 0.3075520828125 0.7574074078125 0.2872395828125 0.8759259265624999 0.26119791718749996 0.91851851875 0.26223958281250004 0.9675925921875
0 0.056510417187499995 0.12870370312499999 0.04765625 0.1648148140625 0.054166667187499996 0.1708333328125 0.0861979171875 0.146296296875 0.0682291671875 0.108796296875 0.056510417187499995 0.12870370312499999