3 0.8770833328125001 0.5773148140625 0.8739583328125 0.5745370375000001 0.8502604171874999 0.6231481484375 0.8924479171874999 0.6925925921875 0.9005208328125001 0.7162037031249999 0.9544270828125001 0.6370370375000001 0.9541666671875 0.584722221875 0.8770833328125001 0.5773148140625
3 0.94609375 0.8703703703125001 0.91953125 0.790740740625 0.8950520828125 0.6953703703125 0.8510416671875 0.6263888890625 0.8572916671874999 0.678240740625 0.7875 0.6949074078125 0.7890625 0.74398148125 0.7471354171875 0.752777778125 0.74921875 0.8259259265625 0.7450520828125 0.9138888890624999 0.7786458328125 0.921759259375 0.8098958328125001 0.9115740734375001 0.821875 0.9254629624999999 0.8578125 0.93101851875 0.8708333328125001 0.866203703125 0.8994791671875 0.8606481484374999 0.94609375 0.8703703703125001
3 0.9489583328125001 0.6763888890625 0.9484375 0.69398148125 0.9752604171874999 0.7148148140624999 0.93671875 0.727777778125 0.9346354171875 0.7731481484375 0.9596354171874999 0.7796296296875 0.94453125 0.8675925921875001 0.90546875 0.8833333328125 0.8950520828125 0.9351851859375 0.8966145828125001 0.9990740734375001 0.9989583328125 0.9995370375 0.99765625 0.69351851875 0.9744791671874999 0.6763888890625 0.9489583328125001 0.6763888890625
3 0.2875 0.83194444375 0.2338541671875 0.8300925921875001 0.1416666671875 0.7504629625 0.09140625 0.7925925921875 0.07734375 0.85648148125 0.09609375 0.896296296875 0.0955729171875 0.9138888890624999 0.1174479171875 0.946296296875 0.11484375 0.9712962968750001 0.1299479171875 0.9824074078124999 0.1302083328125 0.9986111109375001 0.2916666671875 0.9995370375 0.3065104171875 0.928703703125 0.3182291671875 0.8375 0.2875 0.83194444375
3 0.1135416671875 0.346759259375 0.1419270828125 0.3129629625 0.06901041718749999 0.25833333281250004 0.09244791718749999 0.1768518515625 0.1234375 0.10138888906250001 0.1671875 0.1263888890625 0.1966145828125 0.1629629625 0.19375 0 0.0002604171875 0.002777778125 0 0.4203703703125 0.0015625 0.42083333281249996 0.0473958328125 0.40416666718750005 0.0947916671875 0.3754629625 0.1135416671875 0.346759259375
2 0.7984375 0.084722221875 0.64375 0.0115740734375 0.6015625 0.003240740625 0.5731770828125 0.052777778124999994 0.6046875 0.0773148140625 0.640625 0.1115740734375 0.6822916671875 0.15324074062499998 0.7114583328124999 0.190277778125 0.76875 0.2171296296875 0.7953125 0.165277778125 0.8440104171874999 0.15092592656249998 0.7984375 0.084722221875
0 0.43072916718750004 0.7921296296875 0.3546875 0.7476851859375 0.2989583328125 0.7430555562500001 0.23854166718749997 0.7597222218749999 0.215625 0.7800925921874999 0.20390625 0.803703703125 0.2338541671875 0.8300925921875001 0.2875 0.83194444375 0.3182291671875 0.8375 0.30703125 0.9277777781250001 0.2919270828125 0.9990740734375001 0.35104166718749996 0.9995370375 0.4341145828125 0.9981481484374999 0.43203125 0.9768518515625001 0.43072916718750004 0.7921296296875
0 0.66796875 0.597222221875 0.65703125 0.5638888890625 0.60390625 0.5453703703125 0.6169270828125 0.46481481406249997 0.63203125 0.4268518515625 0.634375 0.4254629625 0.6833333328125 0.46157407343749995 0.6986979171875001 0.44907407343749994 0.696875 0.5625 0.71171875 0.5527777781250001 0.71640625 0.51851851875 0.7075520828124999 0.477777778125 0.7041666671875 0.41157407343749997 0.5817708328125 0.291203703125 0.5315104171875 0.42592592656250006 0.5700520828125 0.47592592656250005 0.5471354171875 0.5796296296875 0.56171875 0.5990740734375 0.55234375 0.6138888890625 0.5502604171875001 0.647222221875 0.55078125 0.7268518515625 0.5979166671875 0.7615740734374999 0.6609375 0.6745370375 0.6638020828125 0.6675925921875 0.66796875 0.597222221875
2 0.45078125 0.0074074078125 0.4484375 0.003240740625 0.44140625 0.002777778125 0.4497395828125 0.0731481484375 0.4231770828125 0.078703703125 0.4205729171875 0.12870370312499999 0.42760416718750005 0.1291666671875 0.4596354171875 0.0953703703125 0.46015625 0.065740740625 0.45078125 0.0074074078125
0 0.61015625 0.25648148125 0.6296875 0.215277778125 0.6489583328124999 0.253240740625 0.6739583328125 0.24490740781250003 0.6932291671875 0.23101851875 0.7153645828124999 0.21944444375 0.7119791671875 0.1875 0.6635416671875001 0.1356481484375 0.6177083328124999 0.1504629625 0.55703125 0.271296296875 0.5682291671875 0.30416666718749996 0.578125 0.30416666718749996 0.5838541671875 0.29305555625 0.6401041671875001 0.3513888890625 0.62890625 0.30555555624999997 0.61015625 0.2601851859375 0.61015625 0.25648148125
0 0.45286458281249997 0.134259259375 0.48229166718750005 0.0958333328125 0.5140625 0.0393518515625 0.5494791671875 0.0634259265625 0.5591145828124999 0.0629629625 0.5638020828125 0.047222221875 0.5565104171875 0.009259259374999999 0.55625 0.0004629625 0.5427083328125 0 0.5119791671875 0.0050925921875 0.5013020828125 0.021296296875000002 0.4986979171875 0.030555556249999997 0.4875 0.0513888890625 0.48411458281249997 0.047222221875 0.4770833328125 0.06805555625000001 0.47057291718750005 0.065740740625 0.45494791718750005 0.1120370375 0.45078125 0.1166666671875 0.4419270828125 0.1490740734375 0.43541666718750005 0.22175925937500002 0.47369791718750004 0.190740740625 0.45390625 0.15555555625 0.45286458281249997 0.134259259375
0 0.4322916671875 0.9754629625 0.5244791671875 0.99398148125 0.6431952 0.9957930765624999 0.6441687093749999 0.9921659406250001 0.6458333328125 0.9958333328125001 0.6705729171875 0.996296296875 0.6716145828125 0.9953703703125001 0.6720120609375 0.9963206625 0.7453125 0.9976851859375 0.7481770828125 0.76944444375 0.70625 0.7736111109375 0.6653645828125 0.9064814812499999 0.6709566890625001 0.9860136453124999 0.642504084375 0.9884985468749999 0.5609375 0.808796296875 0.5434895828124999 0.8574074078124999 0.53515625 0.8629629624999999 0.5234375 0.9004629625 0.4828125 0.8430555562500001 0.4765625 0.8652777781250001 0.46302083281249995 0.8643518515625 0.44348958281249995 0.746296296875 0.3143229171875 0.5833333328125 0.30078125 0.7425925921875 0.3546875 0.7476851859375 0.43072916718750004 0.7921296296875 0.4322916671875 0.9754629625