0 0.8294270828125001 0.6509259265625 0.825 0.7634259265625001 0.9390625 0.7976851859375 0.93984375 0.7638888890625 0.8484375 0.6328703703125 0.8294270828125001 0.6509259265625
3 0.88046875 0.8648148140625 0.8635416671874999 0.8504629625 0.8513020828125001 0.8175925921875 0.825 0.7726851859375 0.7408854171875 0.86944444375 0.73828125 0.91851851875 0.7059895828125 0.9981481484374999 0.9333333328125001 0.9995370375 0.91171875 0.91851851875 0.8927083328125001 0.9069444437499999 0.88046875 0.8648148140625
3 0.5997395828125 0.38055555625 0.5966145828125 0.371296296875 0.6205729171875001 0.3101851859375 0.5924479171875 0.2703703703125 0.60390625 0.23055555625 0.61484375 0.1490740734375 0.6479166671875001 0.1504629625 0.6544270828125 0.102777778125 0.6731770828125 0.0666666671875 0.659375 0.003240740625 0.5671875 0.0013888890625 0.49609375 0.15277777812499999 0.4921875 0.15972222187500001 0.4557291671875 0.2004629625 0.4526041671875 0.20231481406250001 0.396875 0.15324074062499998 0.3786458328125 0.16898148125 0.3513020828125 0.20648148125 0.3502604171875 0.225 0.340625 0.25601851875000003 0.2875 0.26435185156249996 0.2684895828125 0.3324074078125 0.3109375 0.3726851859375 0.33125 0.3541666671875 0.41510416718750004 0.303240740625 0.41588541718750005 0.32777777812500003 0.4322916671875 0.403240740625 0.5098958328125 0.38009259218749997 0.5158854171875 0.4046296296875 0.5184895828125 0.45648148125 0.5197916671875 0.459722221875 0.5505208328125 0.434722221875 0.5640625 0.40138888906250003 0.5997395828125 0.38055555625
3 0.3502604171875 0.225 0.3513020828125 0.20648148125 0.3786458328125 0.16898148125 0.39791666718749996 0.1523148140625 0.453125 0.20231481406250001 0.4557291671875 0.2004629625 0.4921875 0.15972222187500001 0.5674479171875 0.002777778125 0.20416666718749998 0.0004629625 0.1981770828125 0.028703703125 0.20859375 0.1296296296875 0.24505208281250002 0.19351851874999998 0.25859375 0.25555555625 0.2755208328125 0.2708333328125 0.2869791671875 0.26342592656249997 0.340625 0.25509259218749997 0.3502604171875 0.225
2 0.0966145828125 0.15 0.0666666671875 0.09953703750000001 0.0026041671875 0.0615740734375 0.0013020828125 0.184259259375 0.05625 0.24305555625 0.0838541671875 0.22638888906250001 0.09895833281250001 0.24398148125 0.11614583281249999 0.240277778125 0.12005208281249999 0.2101851859375 0.0966145828125 0.15
0 0.923889803125 0.9574074078124999 0.9250548249999999 0.9615740734375 0.9269664109375 0.9618197281249999 0.926219846875 0.965740740625 0.934375 0.9949074078125 0.9843039765625001 0.9973063968749999 0.9846619890625 0.9935468625 0.9871704937500001 0.994926303125 0.9869318187499999 0.9974326609374999 0.989559659375 0.9975589218750001 0.9896789968749999 0.99630574375 0.9921875 0.9976851859375 0.9830729171874999 0.8666666671875 0.9572916671874999 0.80694444375 0.903125 0.784722221875 0.82895115 0.7655012765625 0.8279829546874999 0.76847643125 0.8263020828125001 0.7648148140625 0.8252604171875 0.7648148140625 0.8230685765624999 0.7675282921875 0.822601996875 0.7655285484375 0.8208767359375001 0.7702417687499999 0.8199435765624999 0.766242284375 0.7614583328125 0.7819444437499999 0.7471932875 0.8580246921875 0.74854600625 0.859786521875 0.7463541671875 0.8625 0.9219494046875001 0.959060846875 0.923889803125 0.9574074078124999
0 0.4927083328125 0.7828703703125 0.5013020828125 0.6611111109375 0.43072916718750004 0.4986111109375 0.3536458328125 0.4495370375 0.23802083281250003 0.43379629687500004 0.22734375 0.527777778125 0.22786458281250002 0.7814814812499999 0.25052083281250004 0.8004629624999999 0.3453125 0.6865740734375 0.44114583281249997 0.76898148125 0.4927083328125 0.7828703703125
0 0.0966145828125 0.896296296875 0.08151041718749999 0.8231481484375 0.06901041718749999 0.79351851875 0.0674479171875 0.7453703703125 0.01875 0.5958333328125 0.0002604171875 0.6148148140624999 0 0.996296296875 0.0010416671875 0.996759259375 0.05729166718749999 0.9680555562500001 0.09322916718749999 0.9356481484374999 0.0966145828125 0.896296296875
2 0.9221354171874999 0.1574074078125 0.9505208328125001 0.10138888906250001 0.9130208328125 0.09675925937499999 0.890625 0.1050925921875 0.8638020828125 0.1620370375 0.88671875 0.1648148140625 0.9044270828125001 0.29907407343750003 0.90625 0.30046296250000004 0.9471354171874999 0.27870370312500004 0.9356770828125001 0.2018518515625 0.9221354171874999 0.1574074078125
0 0.7291666671875 0.8958333328125001 0.7065104171875001 0.89444444375 0.7119791671875 0.9791666671874999 0.7278645828125 0.9416666671874999 0.73515625 0.91851851875 0.7291666671875 0.8958333328125001
0 0.9513020828125001 0.1759259265625 0.9924479171874999 0.1046296296875 0.99921875 0.0898148140625 0.9994791671875 0.0375 0.9875 0.040277778125000004 0.97578125 0.065740740625 0.9221354171874999 0.1583333328125 0.9356770828125001 0.2018518515625 0.9479166671874999 0.278240740625 0.98984375 0.240740740625 0.9703125 0.19953703750000001 0.9513020828125001 0.1759259265625
3 0.4145833328125 0.303240740625 0.3322916671875 0.353240740625 0.3109375 0.3726851859375 0.26953125 0.3351851859375 0.2888020828125 0.38148148125 0.2791666671875 0.4393518515625 0.3536458328125 0.45046296249999995 0.43151041718750005 0.4018518515625 0.4153645828125 0.32777777812500003 0.4145833328125 0.303240740625