3 0.9515625 0.578240740625 0.9463541671875 0.60694444375 0.9216145828125001 0.63055555625 0.95625 0.6671296296875 0.9734375 0.715277778125 0.9986979171874999 0.6888888890625 0.9989583328125 0.5800925921875 0.9515625 0.578240740625
3 0.9986979171874999 0.7490740734375 0.9721354171875 0.7138888890625 0.9557291671874999 0.6671296296875 0.9213541671875 0.6328703703125 0.9359375 0.6791666671875001 0.8666666671875 0.703240740625 0.8703125 0.7495370375 0.81953125 0.7583333328124999 0.82109375 0.922222221875 0.859375 0.9291666671875 0.8921875 0.9106481484375 0.8994791671875 0.934722221875 0.9380208328125 0.941203703125 0.9515625 0.866203703125 0.9955729171875 0.872222221875 0.9986979171874999 0.7490740734375
3 0.40052083281249995 0.8384259265624999 0.3260416671875 0.83101851875 0.2552083328125 0.76898148125 0.240625 0.753240740625 0.1950520828125 0.8027777781250001 0.18307291718750002 0.8675925921875001 0.1981770828125 0.9259259265625 0.1981770828125 0.9351851859375 0.2091145828125 0.9518518515625001 0.20286458281250003 0.984259259375 0.2104166671875 0.9902777781250001 0.2109375 0.9986111109375001 0.3802083328125 0.9995370375 0.3893229171875 0.9518518515625001 0.40130208281249996 0.8425925921875 0.40052083281249995 0.8384259265624999
3 0.00078125 0 0.00078125 0.42129629687500003 0.0296875 0.4291666671875 0.0427083328125 0.3541666671875 0.08854166718749999 0.358796296875 0.08828125 0.42314814843750004 0.11510416718750001 0.428240740625 0.1291666671875 0.40416666718750005 0.1807291671875 0.36990740781250003 0.2127604171875 0.3166666671875 0.15390625 0.2675925921875 0.1622395828125 0.2379629625 0.1768229171875 0.16851851874999998 0.2010416671875 0.1050925921875 0.23802083281250003 0.128240740625 0.24296875 0.1148148140625 0.24765625 0.0990740734375 0.24895833281250002 0 0.00078125 0
2 0.8760416671875 0.0856481484375 0.8723958328125001 0.083796296875 0.7135416671875 0.022685185937499998 0.6895833328125 0.017129629687500002 0.6591145828125 0.045370370312500005 0.6536458328125 0.0745370375 0.7723958328125 0.178240740625 0.7859375 0.19583333281249998 0.8442708328125 0.21898148125 0.8765625 0.16898148125 0.9205729171874999 0.15277777812499999 0.8760416671875 0.0856481484375
0 0.5122395828124999 0.809259259375 0.5111979171875001 0.803703703125 0.5010416671875 0.784722221875 0.47291666718750003 0.778240740625 0.434375 0.7541666671875 0.37447916718749996 0.7486111109375 0.3135416671875 0.7615740734374999 0.2861979171875 0.796296296875 0.325 0.83194444375 0.3838541671875 0.8328703703125001 0.40052083281249995 0.8356481484374999 0.3908854171875 0.9518518515625001 0.3815104171875 0.9981481484374999 0.42552083281249997 0.9986111109375001 0.496875 0.996759259375 0.51484375 0.977777778125 0.5122395828124999 0.809259259375
0 0.75234375 0.6018518515625 0.75234375 0.5990740734375 0.7338541671875001 0.566203703125 0.6778645828125 0.546296296875 0.69453125 0.45277777812500003 0.709375 0.43101851875 0.759375 0.46342592656250003 0.7755208328125 0.45416666718750004 0.7776041671875 0.5615740734375 0.7830729171875 0.4611111109375 0.7815104171875 0.4296296296875 0.7796875 0.42453703750000005 0.6541666671875 0.2976851859375 0.60703125 0.43148148124999997 0.64453125 0.4796296296875 0.62421875 0.5740740734374999 0.6341145828125 0.5870370375 0.6278645828125 0.5953703703125 0.62734375 0.6009259265625 0.6221354171875 0.678703703125 0.62265625 0.7296296296875 0.6760416671875 0.7606481484375001 0.6953125 0.7365740734374999 0.7377604171875001 0.6740740734374999 0.75234375 0.6018518515625
2 0.5197916671875 0.0041666671875 0.52578125 0.075 0.49895833281249996 0.0736111109375 0.48359375 0.1203703703125 0.521875 0.13194444375 0.5393229171875 0.071296296875 0.52890625 0.0101851859375 0.5197916671875 0.0041666671875
0 0.7234375 0.24490740781250003 0.7723958328125 0.24953703749999998 0.7841145828125 0.23518518593749999 0.78984375 0.2 0.7328125 0.14305555625 0.6979166671875 0.1495370375 0.6299479171875 0.275 0.6453125 0.3226851859375 0.6557291671875001 0.2986111109375 0.7140625 0.3523148140625 0.67578125 0.2509259265625 0.7067708328125 0.216203703125 0.7234375 0.24490740781250003
0 0.5236979171875 0.1425925921875 0.5536458328125 0.09953703750000001 0.5864583328124999 0.0449074078125 0.6151041671875 0.06527777812499999 0.6315104171875 0.065740740625 0.6236979171875 0.045370370312500005 0.62734375 0.0148148140625 0.6203125 0.0004629625 0.5979166671875 0 0.5833333328125 0.008796296875 0.5622395828125 0.0416666671875 0.55625 0.0699074078125 0.5494791671875 0.06064814843750001 0.5393229171875 0.075 0.52265625 0.13148148125 0.5143229171875 0.140740740625 0.5104166671875 0.23009259218749997 0.5502604171875001 0.197222221875 0.5268229171875001 0.1583333328125 0.5236979171875 0.1425925921875
0 0.8182291671874999 0.771759259375 0.78046875 0.777777778125 0.7799479171875 0.7833333328125 0.7377604171875001 0.909259259375 0.75078125 0.9824074078124999 0.75078125 0.99444444375 0.75 0.996759259375 0.725 0.996759259375 0.6424479171875 0.834259259375 0.6328125 0.8106481484374999 0.6221354171875 0.8425925921875 0.6145833328125 0.858796296875 0.6106770828125 0.8611111109375 0.596875 0.9004629625 0.5578125 0.8439814812499999 0.5447916671875 0.86898148125 0.5380208328125 0.8680555562500001 0.5174479171875 0.7509259265625 0.3903645828125 0.5898148140624999 0.3763020828125 0.747222221875 0.434375 0.753240740625 0.47291666718750003 0.7773148140624999 0.5010416671875 0.784722221875 0.51171875 0.8083333328125001 0.5151041671875001 0.9773148140625001 0.5953125 0.9958333328125001 0.8359375 0.9986111109375001 0.8213541671875 0.98194444375 0.8200520828125001 0.9740740734375001 0.8182291671874999 0.771759259375