3 0.7213541671875 0.5300925921874999 0.6986979171875001 0.5953703703125 0.7127604171875 0.6148148140624999 0.7588541671875 0.7189814812499999 0.8377604171874999 0.5898148140624999 0.7364583328125 0.571759259375 0.7213541671875 0.5300925921874999
3 0.76015625 0.7259259265625 0.70625 0.6041666671875 0.6861979171875 0.628703703125 0.69140625 0.665740740625 0.690625 0.66898148125 0.6760416671875 0.6856481484375 0.6484375 0.6773148140624999 0.6307291671875 0.69398148125 0.6330729171875 0.746296296875 0.6018229171875 0.75555555625 0.59140625 0.8833333328125 0.5953125 0.91805555625 0.690625 0.93194444375 0.7255208328125 0.8578703703125001 0.77421875 0.8620370375 0.76015625 0.7259259265625
3 0.9216145828125001 0.8898148140625001 0.8815104171874999 0.7370370375 0.8463541671874999 0.6828703703125 0.8260416671874999 0.6671296296875 0.8140625 0.6791666671875001 0.7966145828125 0.7296296296875 0.80078125 0.7703703703125 0.8223958328125001 0.7736111109375 0.8247395828125 0.8009259265625 0.8111979171874999 0.834259259375 0.8078125 0.8615740734375 0.7638020828125 0.89444444375 0.7544270828124999 0.9388888890624999 0.76484375 0.9953703703125001 0.9572916671874999 0.9976851859375 0.95390625 0.9083333328125001 0.940625 0.9115740734375001 0.9216145828125001 0.8898148140625001
3 0.15182291718750002 0.88148148125 0.1565104171875 0.8518518515625001 0.1463541671875 0.8254629625 0.05729166718749999 0.8226851859375 0.00234375 0.7861111109375 0.0026041671875 0.9995370375 0.134375 0.9995370375 0.13671875 0.9574074078124999 0.12890625 0.9296296296875 0.15182291718750002 0.88148148125
2 0.6828125 0.1449074078125 0.6825520828125 0.13333333281249998 0.6510416671875 0.0791666671875 0.5270833328125 0.0023148140625 0.47291666718750003 0.0004629625 0.46848958281249997 0.0074074078125 0.45286458281249997 0.047222221875 0.5140625 0.1254629625 0.5317708328124999 0.1356481484375 0.5682291671875 0.1949074078125 0.5721354171875 0.2018518515625 0.5713541671875 0.203240740625 0.54453125 0.23240740781250002 0.5828125 0.2726851859375 0.6075520828125 0.2138888890625 0.6328125 0.16898148125 0.6828125 0.1449074078125
0 0.1536458328125 0.7421296296875 0.0890625 0.7513888890625 0.0848958328125 0.7523148140625 0.05234375 0.7916666671875 0.04609375 0.815740740625 0.0557291671875 0.821759259375 0.1338541671875 0.8245370375000001 0.1458333328125 0.8254629625 0.1471354171875 0.827777778125 0.15546875 0.852777778125 0.14921875 0.884259259375 0.1299479171875 0.9351851859375 0.13619791718750002 0.95648148125 0.1359375 0.9958333328125001 0.1854166671875 0.9958333328125001 0.2114583328125 0.9800925921875001 0.22395833281250002 0.9958333328125001 0.2770833328125 0.9976851859375 0.2783854171875 0.7981481484375 0.23802083281250003 0.7523148140625 0.1536458328125 0.7421296296875
0 0.5028645828125 0.6537037031249999 0.49817708281249995 0.609259259375 0.4809895828125 0.5759259265625001 0.48046875 0.5546296296875 0.44453125 0.5398148140625 0.4440104171875 0.5268518515625 0.46171875 0.45370370312499997 0.47682291718750003 0.41944444374999995 0.5130208328125 0.44120370312499996 0.5356770828124999 0.4601851859375 0.5296875 0.5550925921875 0.5635416671875 0.5310185187500001 0.5658854171875001 0.51944444375 0.5544270828125 0.4796296296875 0.52734375 0.43055555625 0.5184895828125 0.365740740625 0.4369791671875 0.28101851875 0.3768229171875 0.4166666671875 0.4184895828125 0.4731481484375 0.3908854171875 0.5601851859375 0.39296875 0.5694444437499999 0.3955729171875 0.628703703125 0.40234375 0.6805555562500001 0.40390625 0.7194444437499999 0.4390625 0.75601851875 0.46197916718750004 0.7356481484375 0.5018229171875 0.6796296296875 0.5028645828125 0.6537037031249999
2 0.29296875 0.0009259265625 0.2765625 0.0013888890625 0.2752604171875 0.002777778125 0.2940104171875 0.071296296875 0.2841145828125 0.09629629687499999 0.3015625 0.1356481484375 0.3231770828125 0.059259259375 0.3026041671875 0.066203703125 0.29296875 0.0009259265625
0 0.4583333328125 0.2115740734375 0.49322916718750004 0.2078703703125 0.5052083328125 0.22916666718749998 0.5442708328125 0.23194444375 0.5716145828125 0.20277777812500003 0.5317708328124999 0.1365740734375 0.5135416671875 0.1254629625 0.4838541671875 0.1421296296875 0.4609375 0.133796296875 0.43932291718750005 0.184259259375 0.4231770828125 0.2398148140625 0.40390625 0.26851851875 0.4213541671875 0.3078703703125 0.43645833281249996 0.28101851875 0.48802083281249997 0.34120370312500004 0.48619791718750005 0.3 0.45130208281249995 0.2388888890625 0.4583333328125 0.2115740734375
0 0.4036458328125 0.0495370375 0.4322916671875 0.053240740625000005 0.42161458281249997 0.028703703125 0.42161458281249997 0 0.3713541671875 0.0004629625 0.35 0.026388889062499997 0.3375 0.053240740625000005 0.32265625 0.060185185937499996 0.3026041671875 0.133796296875 0.34322916718749996 0.0745370375 0.3682291671875 0.0245370375 0.4036458328125 0.0495370375
0 0.2770833328125 0.9671296296874999 0.3932291671875 0.9949074078125 0.4801776953125 0.9958061 0.4814583328125 0.9918148140625 0.4838541671875 0.9976851859375 0.48619791718750005 0.9953703703125001 0.48651463906250003 0.9976851859375 0.4888671875 0.9954346703124999 0.4891751125 0.9976851859375 0.4915364578125 0.9954989718749999 0.4918355859375 0.9976851859375 0.493283990625 0.9960282640625 0.49449605781250006 0.9976851859375 0.49420572968750004 0.9955632718749999 0.4959018640625 0.9960769984375 0.496875 0.995627571875 0.49715653125000003 0.9976851859375 0.4995442703125 0.995691871875 0.4998170046875 0.9976851859375 0.5022135421875 0.9957561734375 0.502477478125 0.9976851859375 0.5048828125 0.9958204734375 0.5051379500000001 0.9976851859375 0.5075520828125 0.9958847734375 0.5077984234375 0.9976851859375 0.508991228125 0.9963206625 0.5102213546875001 0.9959490734375 0.510458896875 0.9976851859375 0.5116091015625 0.9963693953125 0.512890625 0.9960133734375001 0.51311936875 0.9976851859375 0.5142269734375 0.996418128125 0.5155598953125 0.9960776750000001 0.5157798421875001 0.9976851859375 0.516844846875 0.9964668624999999 0.5182291671875 0.9961419749999999 0.518440315625 0.9976851859375 0.51946271875 0.9965155937500001 0.5211007890625 0.9976851859375 0.5208984375 0.9962062765624999 0.5235677078125 0.9962705765625 0.5237612609375 0.9976851859375 0.524698465625 0.9966130609375 0.5262369796875 0.9963348765625 0.5264217343750001 0.9976851859375 0.5273163375000001 0.9966617937500001 0.52890625 0.9963991765625 0.5290822078125 0.9976851859375 0.5299342109375 0.9967105265624999 0.5315755203125 0.996463478125 0.5317426796875 0.9976851859375 0.5325520828125 0.996759259375 0.5342447921875 0.996527778125 0.534403153125 0.9976851859375 0.5351699562500001 0.9968079921875 0.5369140625 0.9965920781250001 0.5370636265625001 0.9976851859375 0.5377878296875 0.996856725 0.5395833328124999 0.9966563781250001 0.5397240984375 0.9976851859375 0.5404057015625 0.9969054578125001 0.5422526046875 0.9967206781250001 0.542384571875 0.9976851859375 0.543023575 0.9969541906250001 0.544921875 0.9967849796875001 0.5450450453125 0.9976851859375 0.545641446875 0.9970029234375 0.5477055187500001 0.9976851859375 0.5475911453125 0.9968492796874999 0.5502604171875001 0.99691358125 0.550365990625 0.9976851859375 0.5529296875 0.99697788125 0.5530264640625 0.9976851859375 0.5555989578125 0.99704218125 0.5556869375 0.9976851859375 0.5582682296875 0.99710648125 0.5583474093749999 0.9976851859375 0.5609375 0.99717078125 0.5610078828125 0.9976851859375 0.5822916671875 0.9976851859375 0.6026041671875 0.7513888890625 0.5440104171875 0.76944444375 0.5450520828125 0.8166666671874999 0.5278645828124999 0.8759259265624999 0.50234375 0.9083333328125001 0.51171875 0.972222221875 0.4885179921875 0.99326599375 0.4801041671875 0.9877962968749999 0.41510416718750004 0.7949074078125 0.3682291671875 0.8958333328125001 0.3296875 0.8384259265624999 0.3177083328125 0.8606481484374999 0.29453125 0.7453703703125 0.171875 0.5884259265625 0.16953125 0.5879629625 0.14698222968750002 0.7334967328124999 0.1455729171875 0.7425925921875 0.2364583328125 0.7523148140625 0.2776041671875 0.7976851859375 0.2770833328125 0.9671296296874999
0 0.2903645828125 0.1833333328125 0.2875 0.20972222187499998 0.3205729171875 0.17962962968750001 0.3015625 0.1356481484375 0.2903645828125 0.1833333328125