3 0.5036458328125 0.83101851875 0.44739583281249995 0.7597222218749999 0.42395833281249995 0.7430555562500001 0.38671875 0.9675925921875 0.41197916718750005 0.9995370375 0.43958333281249995 0.9995370375 0.5583333328125 0.996759259375 0.5658854171875001 0.83148148125 0.5036458328125 0.83101851875
3 0.20729166718749997 0 0.1622395828125 0.15092592656249998 0.134375 0.18379629687500001 0.0953125 0.1291666671875 0.0817708328125 0.128240740625 0.075 0.13935185156250002 0.058333332812500006 0.1504629625 0.0421875 0.166203703125 0.015625 0.1541666671875 0 0.1629629625 0 0.31851851875000003 0.0166666671875 0.34027777812500004 0.029166667187500002 0.316203703125 0.0880208328125 0.2828703703125 0.10859375 0.3166666671875 0.0927083328125 0.3745370375 0.1447916671875 0.3773148140625 0.1651041671875 0.3523148140625 0.1786458328125 0.378240740625 0.2015625 0.36990740781250003 0.23125 0.366203703125 0.24375 0.358796296875 0.2640625 0.39305555625 0.28072916718749996 0.3865740734375 0.3088541671875 0.39398148125 0.3255208328125 0.34861111093749997 0.3359375 0.3513888890625 0.3486979171875 0.3240740734375 0.34322916718749996 0.29398148125 0.33125 0.2986111109375 0.30130208281250004 0.2703703703125 0.3421875 0.1199074078125 0.38046875 0.1351851859375 0.38828125 0.0925925921875 0.3893229171875 0.0648148140625 0.3893229171875 0.052777778124999994 0.3807291671875 0 0.20729166718749997 0
3 0 0 0 0.1625 0.015625 0.1541666671875 0.0421875 0.166203703125 0.058333332812500006 0.1504629625 0.075 0.13935185156250002 0.0817708328125 0.128240740625 0.0953125 0.1291666671875 0.1338541671875 0.18379629687500001 0.16171875 0.15092592656249998 0.2088541671875 0 0 0
2 0.8380208328125001 0.0078703703125 0.7763020828125 0.077777778125 0.8973958328125 0.1745370375 0.9359375 0.20138888906250002 0.9989583328125 0.22175925937500002 0.9989583328125 0.0754629625 0.9442708328125 0.0754629625 0.8380208328125001 0.0078703703125
0 0.6270833328125 0.790277778125 0.5963541671875 0.765277778125 0.5265625 0.758796296875 0.4622395828125 0.7768518515625 0.46302083281249995 0.7819444437499999 0.5036458328125 0.834722221875 0.5669270828124999 0.83148148125 0.559375 0.996759259375 0.6828125 0.996759259375 0.6736979171875 0.8361111109375001 0.65625 0.7865740734375 0.6270833328125 0.790277778125
0 0 0.6898148140625 0.0682291671875 0.7513888890625 0.146875 0.766203703125 0.14140625 0.7083333328125 0.1419270828125 0.6361111109375 0.15286458281249998 0.5740740734374999 0.13046875 0.49351851875 0.025 0.43101851875 0 0.43101851875 0 0.6898148140625
0 0.92265625 0.6046296296875 0.903125 0.5745370375000001 0.8315104171875 0.5527777781250001 0.8455729171874999 0.45370370312499997 0.8541666671874999 0.4375 0.909375 0.47453703750000004 0.93359375 0.45277777812500003 0.8473958328125001 0.365277778125 0.8005208328125001 0.3078703703125 0.7591145828125 0.4370370375 0.7604166671875 0.44120370312499996 0.7950520828125 0.4861111109375 0.7799479171875 0.5629629625 0.76796875 0.734259259375 0.7848958328125 0.7458333328125 0.8307291671874999 0.766203703125 0.8520833328125 0.7115740734375 0.8869791671874999 0.68101851875 0.92265625 0.6046296296875
2 0.6544270828125 0.15648148125 0.6700520828125 0.127777778125 0.6815104171875 0.0898148140625 0.6903645828125 0.08148148125 0.6765625 0.0143518515625 0.6690104171875 0.019444443750000002 0.6778645828125 0.077777778125 0.6770833328125 0.08194444375 0.6291666671875 0.0865740734375 0.6255208328124999 0.0875 0.62421875 0.0925925921875 0.61796875 0.140740740625 0.6377604171875 0.13981481406250001 0.6427083328125 0.26342592656249997 0.6684895828124999 0.2370370375 0.65859375 0.20740740781250003 0.6544270828125 0.15648148125
0 0.853125 0.22453703749999998 0.8708333328125001 0.2578703703125 0.9151041671875 0.2476851859375 0.9372395828125001 0.23333333281250002 0.9364583328125 0.2004629625 0.9041666671874999 0.17916666718750002 0.8703125 0.14861111093749999 0.846875 0.1625 0.77421875 0.2851851859375 0.7885416671875001 0.3393518515625 0.8 0.30694444375 0.8489583328125001 0.3671296296875 0.8559895828125 0.3638888890625 0.8315104171875 0.23148148124999998 0.853125 0.22453703749999998
0 0.728125 0.05601851875 0.7557291671875 0.07083333281250001 0.7653645828125 0.04444444375 0.7622395828124999 0.0166666671875 0.759375 0.0115740734375 0.7510416671875 0.017129629687500002 0.7395833328125 0 0.7083333328125 0.0365740734375 0.7044270828125 0.0425925921875 0.6950520828125 0.0731481484375 0.6921875 0.071759259375 0.6893229171875 0.07685185156249999 0.6674479171875001 0.1203703703125 0.6674479171875001 0.12407407343750002 0.65546875 0.1490740734375 0.65703125 0.2148148140625 0.6625 0.24398148125 0.69765625 0.2138888890625 0.66484375 0.1574074078125 0.728125 0.05601851875
0 0.9651041671874999 0.778240740625 0.9309895828125001 0.784259259375 0.9315104171874999 0.7898148140625 0.88359375 0.9148148140625001 0.91328125 0.9675925921875 0.91015625 0.9953703703125001 0.8838541671875 0.9958333328125001 0.8104166671874999 0.891203703125 0.7786458328125 0.8143518515625001 0.7627604171875 0.8574074078124999 0.7432291671875 0.8986111109375001 0.7083333328125 0.8439814812499999 0.6880208328124999 0.8745370375 0.6653645828125 0.7583333328124999 0.5458333328125 0.60601851875 0.5424479171875001 0.6046296296875 0.5278645828124999 0.7574074078125 0.5942708328124999 0.765277778125 0.6208333328125 0.7865740734375 0.6567708328124999 0.7856481484375 0.67421875 0.83055555625 0.6807291671875 0.98101851875 0.7338541671875001 0.996759259375 0.9333333328125001 0.996759259375 0.99921875 0.9953703703125001 0.9731770828125 0.94351851875 0.9651041671874999 0.778240740625
3 0.1067708328125 0.403240740625 0.14296875 0.3768518515625 0.0921875 0.3736111109375 0.1080729171875 0.3166666671875 0.0901041671875 0.2865740734375 0.0859375 0.2828703703125 0.029166667187500002 0.316203703125 0.0166666671875 0.34027777812500004 0.00546875 0.32592592656249997 0.00546875 0.42129629687500003 0.0078125 0.42175925937500003 0.0390625 0.41805555625 0.0703125 0.3986111109375 0.1067708328125 0.403240740625