0 0.05 0 0 0.065740740625 0 0.396296296875 0.028125 0.4375 0.1348958328125 0.2800925921875 0.1872395828125 0.1898148140625 0.20286458281250003 0.15925925937500002 0.20078125 0.06944444375 0.1916666671875 0 0.05 0
0 0.784375 0.766203703125 0.8494791671874999 0.6791666671875001 0.85078125 0.6740740734374999 0.8484375 0.6513888890625 0.87578125 0.6370370375000001 0.8809895828125001 0.6083333328125 0.8841145828125001 0.6046296296875 0.89140625 0.58148148125 0.8893229171874999 0.5675925921875 0.89765625 0.522222221875 0.8776041671874999 0.508796296875 0.8598958328125 0.521759259375 0.846875 0.54398148125 0.8380208328125001 0.5458333328125 0.8239583328125001 0.5236111109375 0.7979166671875 0.5078703703125 0.7848958328125 0.5078703703125 0.7716145828125 0.45555555625000005 0.7606770828125 0.4296296296875 0.7484375 0.4143518515625 0.7283854171875 0.45185185156249996 0.7252604171875 0.475 0.72109375 0.478703703125 0.7072916671875 0.508796296875 0.6911458328125 0.5319444437499999 0.6645833328124999 0.51898148125 0.6526041671875 0.49305555625 0.6109375 0.4606481484375 0.6036458328125 0.46342592656250003 0.60390625 0.4675925921875 0.6169270828125 0.49629629687500004 0.5966145828125 0.5203703703125 0.6200520828125 0.5425925921875 0.6205729171875001 0.5527777781250001 0.6153645828125 0.5574074078125 0.6127604171875001 0.5851851859375 0.61875 0.5912037031249999 0.6291666671875 0.5671296296875 0.634375 0.5671296296875 0.66875 0.616203703125 0.6934895828125 0.6870370375 0.6924479171875 0.7148148140624999 0.6752604171875001 0.73148148125 0.6794270828125 0.7425925921875 0.6880208328124999 0.7625 0.7223958328125 0.7736111109375 0.7255208328125 0.7856481484375 0.7325520828125 0.7898148140625 0.7369791671875 0.80601851875 0.7489583328125 0.8106481484374999 0.7578125 0.7976851859375 0.7671875 0.7949074078125 0.784375 0.766203703125
3 0.9880208328125001 0.6365740734374999 0.9609375 0.6449074078125 0.92890625 0.6805555562500001 0.9606770828125001 0.8675925921875001 0.9729166671874999 0.9106481484375 0.9997395828125001 0.8574074078124999 0.9997395828125001 0.64444444375 0.9880208328125001 0.6365740734374999
0 0.9752604171874999 0.21203703749999997 0.9841145828125001 0.190740740625 0.9739583328125001 0.1625 0.9536458328125 0.1550925921875 0.9458333328125 0.14305555625 0.9083333328125001 0.1254629625 0.8916666671875 0.13935185156250002 0.8739583328125 0.16157407343750002 0.8552083328125001 0.178240740625 0.8322916671874999 0.19398148125 0.8203125 0.1976851859375 0.815625 0.20509259218749998 0.8026041671874999 0.2004629625 0.79609375 0.20370370312500002 0.8325520828125 0.2731481484375 0.83046875 0.284259259375 0.8450520828125001 0.3009259265625 0.84453125 0.3120370375 0.8200520828125001 0.3546296296875 0.8200520828125001 0.375 0.82265625 0.384259259375 0.8151041671874999 0.41898148125 0.8302083328125001 0.434722221875 0.86953125 0.3324074078125 0.878125 0.3328703703125 0.9197916671874999 0.3754629625 0.9989583328125 0.46527777812500004 0.9997395828125001 0.21851851875 0.9864583328125001 0.2208333328125 0.9752604171874999 0.21203703749999997
2 0.34140625 0.0120370375 0.3408854171875 0.0009259265625 0.2859375 0 0.2809895828125 0.0268518515625 0.2919270828125 0.0546296296875 0.29375 0.057870370312499995 0.296875 0.057870370312499995 0.321875 0.054166667187499996 0.325 0.0504629625 0.34140625 0.0120370375
0 0.44244791718750004 0.7574074078125 0.45703125 0.7083333328125 0.4270833328125 0.691203703125 0.43515625 0.747222221875 0.4427083328125 0.7856481484375 0.44713541718750005 0.7814814812499999 0.4486979171875 0.7675925921875 0.44244791718750004 0.7574074078125
0 0.4557291671875 0.8421296296874999 0.46380208281249996 0.8620370375 0.46276041718750005 0.877777778125 0.46953125 0.9009259265624999 0.4739583328125 0.9013888890624999 0.49453125 0.852777778125 0.49453125 0.847222221875 0.4557291671875 0.8421296296874999
0 0.5596354171875 0.690740740625 0.5442708328125 0.690277778125 0.54375 0.6856481484375 0.5380208328125 0.684722221875 0.5286458328125 0.6921296296875 0.5213541671875 0.6921296296875 0.5104166671875 0.6875 0.5 0.6763888890625 0.4890625 0.6763888890625 0.48203125 0.725 0.48411458281249997 0.7351851859375 0.47942708281249996 0.7425925921875 0.4848958328125 0.753240740625 0.4890625 0.7569444437499999 0.4973958328125 0.7569444437499999 0.5026041671875 0.765277778125 0.534375 0.741203703125 0.5567708328125 0.73101851875 0.5596354171875 0.690740740625
0 0.8153645828125 0.4166666671875 0.82265625 0.38148148125 0.8200520828125001 0.3740740734375 0.8184895828125001 0.32592592656249997 0.8122395828125001 0.296296296875 0.8213541671875 0.29675925937500003 0.8231770828125 0.2898148140625 0.8046875 0.26805555625 0.7981770828125 0.2453703703125 0.7924479171875001 0.240740740625 0.7763020828125 0.12129629687500001 0.7614583328125 0.11620370312499999 0.7484375 0.10694444375 0.7401041671875 0.10601851874999998 0.72890625 0.1203703703125 0.7221354171875001 0.13981481406250001 0.7205729171875 0.14444444375 0.7200520828125 0.1648148140625 0.72265625 0.2731481484375 0.7299479171875001 0.3166666671875 0.7309895828124999 0.35648148125 0.73671875 0.4138888890625 0.7479166671875 0.41342592656250005 0.7598958328125 0.428240740625 0.76875 0.446759259375 0.784375 0.459722221875 0.79609375 0.4453703703125 0.7953125 0.416203703125 0.8153645828125 0.4166666671875
0 0.9354166671874999 0 0.9239583328125001 0.006944443749999999 0.92109375 0.0231481484375 0.9190104171875 0.075 0.93828125 0.1203703703125 0.9411458328125001 0.1421296296875 0.9453125 0.14398148125000002 0.953125 0.15601851875 0.9747395828125001 0.1648148140625 0.9841145828125001 0.1916666671875 0.9752604171874999 0.21296296250000002 0.9864583328125001 0.22175925937500002 0.9901041671874999 0.22175925937500002 0.9997395828125001 0.21851851875 0.9997395828125001 0 0.9354166671874999 0
3 0.1916666671875 0 0.20026041718749998 0.06944444375 0.20234375 0.15925925937500002 0.1786458328125 0.20416666718749998 0.1559895828125 0.2416666671875 0.1627604171875 0.3148148140625 0.1627604171875 0.3361111109375 0.1755208328125 0.3421296296875 0.1901041671875 0.36990740781250003 0.20442708281250002 0.3703703703125 0.21223958281250002 0.39444444375 0.2205729171875 0.4129629625 0.21744791718749998 0.42129629687500003 0.23828125 0.48333333281249996 0.23828125 0.51851851875 0.2484375 0.5375 0.2575520828125 0.5240740734375 0.2591145828125 0.5166666671875 0.28515625 0.33703703749999997 0.2830729171875 0.275 0.28463541718749996 0.2203703703125 0.2815104171875 0.20555555625 0.2825520828125 0.1833333328125 0.2893229171875 0.15370370312499998 0.2940104171875 0.078703703125 0.2903645828125 0.05 0.2809895828125 0.0268518515625 0.2854166671875 0 0.1916666671875 0