0 0.7848958328125 0.5930555562500001 0.7903645828125 0.5796296296875 0.7927083328125 0.5615740734375 0.8005208328125001 0.5634259265625 0.8182291671874999 0.55694444375 0.82578125 0.546296296875 0.8263020828125001 0.540740740625 0.7947916671875 0.47361111093749997 0.7734375 0.4606481484375 0.7458333328125 0.45231481406249996 0.7229166671875 0.440277778125 0.7078125 0.4375 0.7005208328125 0.4328703703125 0.6890625 0.4199074078125 0.6763020828124999 0.627777778125 0.6986979171875001 0.6648148140625 0.703125 0.6773148140624999 0.7104166671875001 0.6856481484375 0.7307291671875 0.6708333328125 0.75625 0.6208333328125 0.7848958328125 0.5930555562500001
0 0.73984375 0.39444444375 0.7440104171875 0.375 0.73515625 0.325 0.7205729171875 0.272222221875 0.7119791671875 0.2486111109375 0.6895833328125 0.24212962968750001 0.6703125 0.241203703125 0.6763020828124999 0.22407407343750002 0.6739583328125 0.20509259218749998 0.6661458328125 0.203240740625 0.6546875 0.2115740734375 0.6294270828124999 0.24259259218749998 0.62265625 0.271296296875 0.6143229171875 0.290740740625 0.6111979171875 0.31944444375000003 0.6080729171875 0.328703703125 0.6135416671875 0.3365740734375 0.6395833328125 0.3513888890625 0.6520833328125 0.353240740625 0.6692708328125 0.3495370375 0.6822916671875 0.3513888890625 0.6901041671875 0.35694444375 0.69296875 0.3898148140625 0.6888020828125 0.41944444374999995 0.7020833328125 0.43379629687500004 0.7239583328125 0.440277778125 0.7302083328125 0.4365740734375 0.73671875 0.4268518515625 0.73984375 0.39444444375
3 0.6888020828125 0.41944444374999995 0.69296875 0.3898148140625 0.6908854171875001 0.3574074078125 0.6828125 0.3513888890625 0.6697916671875 0.3495370375 0.6520833328125 0.353240740625 0.6395833328125 0.3513888890625 0.6135416671875 0.3365740734375 0.6072916671875 0.32824074062499997 0.54375 0.2976851859375 0.5377604171875 0.4018518515625 0.5283854171875 0.47222222187499996 0.52578125 0.525 0.52578125 0.5638888890625 0.5174479171875 0.5990740734375 0.5567708328125 0.6115740734374999 0.575 0.6143518515624999 0.5947916671875 0.6273148140625 0.6088541671875001 0.6263888890625 0.6364583328125 0.6328703703125 0.6765625 0.6495370375 0.67734375 0.5953703703125 0.6861979171875 0.4796296296875 0.6888020828125 0.41944444374999995
0 0.6440104171875001 0.7601851859375001 0.6434895828125 0.7388888890625 0.6309895828125 0.7296296296875 0.63671875 0.7101851859375 0.63828125 0.690740740625 0.63671875 0.6861111109375 0.63046875 0.6703703703125 0.6182291671875 0.6504629625 0.59375 0.6254629625 0.5744791671875 0.6134259265625001 0.55625 0.6106481484375 0.5177083328125 0.5986111109375 0.5247395828125 0.5675925921875 0.5072916671875001 0.5513888890625 0.4859375 0.5365740734375 0.43854166718750004 0.5125 0.4145833328125 0.50601851875 0.3984375 0.50601851875 0.3955729171875 0.5074074078125 0.3752604171875 0.5731481484375001 0.36380208281250004 0.597222221875 0.37421875 0.6259259265625 0.38515625 0.6648148140625 0.4078125 0.721759259375 0.4270833328125 0.7365740734374999 0.4635416671875 0.75601851875 0.49791666718750005 0.765277778125 0.5276041671875 0.766203703125 0.5526041671875 0.7837962968750001 0.60625 0.803240740625 0.6145833328125 0.796759259375 0.6354166671875 0.76805555625 0.6440104171875001 0.7601851859375001
0 0.9674479171874999 0.83055555625 0.9994791671875 0.8449074078125 0.9994791671875 0.60601851875 0.9794270828125 0.627777778125 0.9674479171874999 0.83055555625
0 0.4127604171875 0.36759259218749996 0.42473958281249996 0.3379629625 0.4408854171875 0.3046296296875 0.44817708281249996 0.29351851875 0.44348958281249995 0.2759259265625 0.44036458281249996 0.24722222187499998 0.42942708281249997 0.2175925921875 0.42083333281249996 0.20879629687499998 0.4125 0.20601851875000002 0.4096354171875 0.1925925921875 0.40234375 0.17314814843749998 0.3963541671875 0.1634259265625 0.38723958281250004 0.1675925921875 0.38671875 0.184259259375 0.3731770828125 0.2138888890625 0.3690104171875 0.24351851875000002 0.3690104171875 0.2648148140625 0.35598958281250004 0.296296296875 0.34322916718749996 0.315277778125 0.3145833328125 0.34398148125 0.3072916671875 0.346759259375 0.30078125 0.3648148140625 0.30078125 0.4018518515625 0.3044270828125 0.42870370312499995 0.30390625 0.4481481484375 0.3375 0.4800925921875 0.3494791671875 0.5023148140625 0.3619791671875 0.515277778125 0.3747395828125 0.46944444374999994 0.39921875 0.4074074078125 0.4127604171875 0.36759259218749996
2 0.2455729171875 0.6759259265625001 0.2481770828125 0.6675925921875 0.2440104171875 0.5953703703125 0.2518229171875 0.540740740625 0.2309895828125 0.42592592656250006 0.2104166671875 0.4106481484375 0.20807291718749998 0.41203703750000004 0.1966145828125 0.44629629687500005 0.1815104171875 0.497222221875 0.12942708281249998 0.75648148125 0.12890625 0.809259259375 0.14791666718750002 0.859722221875 0.1604166671875 0.8513888890624999 0.2361979171875 0.7370370375 0.2455729171875 0.6759259265625001
3 0.5276041671875 0.09398148125 0.5369791671875 0.09305555625 0.5356770828124999 0.0731481484375 0.52265625 0.052777778124999994 0.49791666718750005 0 0.40520833281249996 0.0004629625 0.44505208281249997 0.07962962968750001 0.4614583328125 0.1384259265625 0.49427083281249995 0.0958333328125 0.5239583328124999 0.0865740734375 0.5276041671875 0.09398148125
0 0.0059895828125 0 0.05989583281250001 0.0921296296875 0.1088541671875 0.0615740734375 0.1369791671875 0.11435185156250001 0.1330729171875 0.053703703125 0.1057291671875 0.0004629625 0.0059895828125 0
0 0.5388020828125 0.38148148125 0.5072916671875001 0.3254629625 0.471875 0.3300925921875 0.45859375 0.38240740781250004 0.4856770828125 0.447222221875 0.4888020828125 0.49444444374999996 0.525 0.5254629625 0.5278645828124999 0.4731481484375 0.53671875 0.40833333281249995 0.5388020828125 0.38148148125
3 0.26328125 0 0.2682291671875 0.00601851875 0.2744791671875 0.0050925921875 0.2848958328125 0.010648148437500001 0.3223958328125 0.042129629687499996 0.33046875 0.0361111109375 0.3330729171875 0.00648148125 0.3447916671875 0 0.26328125 0
0 0.2830729171875 0.21111111093749999 0.2908854171875 0.19351851874999998 0.29140625 0.165740740625 0.2747395828125 0.1379629625 0.2763020828125 0.13055555624999998 0.2565104171875 0.065740740625 0.253125 0.06064814843750001 0.2364583328125 0.066203703125 0.2325520828125 0.075 0.22786458281250002 0.0981481484375 0.23854166718749997 0.103240740625 0.2403645828125 0.10648148125000001 0.25546875 0.20277777812500003 0.23854166718749997 0.20694444375 0.2322916671875 0.2125 0.22786458281250002 0.20740740781250003 0.2283854171875 0.3166666671875 0.2666666671875 0.3458333328125 0.28463541718749996 0.2675925921875 0.28671875 0.24814814843750002 0.2830729171875 0.21111111093749999