0 0.6125 0.6273148140625 0.6364583328125 0.5986111109375 0.6505208328125 0.5773148140625 0.6552083328125 0.5578703703125 0.671875 0.5449074078125 0.6721354171875 0.5268518515625 0.6653645828125 0.502777778125 0.66484375 0.48981481406249994 0.66171875 0.47592592656250005 0.6557291671875001 0.46805555625000006 0.6151041671875 0.44768518593750006 0.6036458328125 0.45046296249999995 0.5911458328125 0.446759259375 0.5645833328125 0.42453703750000005 0.5296875 0.40694444374999994 0.52890625 0.465740740625 0.52265625 0.575 0.51640625 0.621296296875 0.5416666671875 0.6356481484375001 0.5671875 0.68194444375 0.5963541671875 0.659722221875 0.6080729171875 0.640740740625 0.6125 0.6273148140625
0 0.61015625 0.3648148140625 0.6091145828125 0.34722222187499996 0.60078125 0.3083333328125 0.5893229171875001 0.2675925921875 0.5752604171875 0.234259259375 0.5385416671875001 0.23379629687499998 0.54140625 0.2148148140625 0.5322916671875 0.1875 0.4848958328125 0.2356481484375 0.46848958281249997 0.315740740625 0.46901041718750003 0.3351851859375 0.4796875 0.34398148125 0.5 0.35046296250000003 0.5078125 0.34120370312500004 0.534375 0.346759259375 0.5361979171875 0.35925925937500003 0.5299479171875 0.40648148125 0.5588541671875 0.42083333281249996 0.58125 0.4365740734375 0.59375 0.43379629687500004 0.6002604171875 0.42592592656250006 0.61015625 0.3648148140625
3 0.5294270828125 0.46481481406249997 0.5299479171875 0.4046296296875 0.5361979171875 0.3583333328125 0.53515625 0.34722222187499996 0.5151041671875001 0.34027777812500004 0.5078125 0.34027777812500004 0.5010416671875 0.3495370375 0.48229166718750005 0.34398148125 0.4609375 0.3273148140625 0.3854166671875 0.2958333328125 0.37890625 0.3731481484375 0.3611979171875 0.5379629625 0.36015625 0.5666666671875 0.3611979171875 0.58148148125 0.36380208281250004 0.590740740625 0.36666666718749996 0.5976851859375001 0.3796875 0.5921296296875 0.4192708328125 0.60694444375 0.43541666718750005 0.6226851859375 0.45677083281249997 0.6356481484375001 0.47083333281249995 0.6347222218749999 0.4859375 0.6263888890625 0.49635416718750003 0.6319444437499999 0.503125 0.6393518515625 0.5140625 0.64398148125 0.5236979171875 0.5740740734374999 0.52421875 0.5398148140625 0.5294270828125 0.46481481406249997
0 0.4721354171875 0.728703703125 0.47838541718750005 0.6796296296875 0.47578125 0.6490740734375 0.471875 0.633796296875 0.45677083281249997 0.6356481484375001 0.43541666718750005 0.6226851859375 0.4192708328125 0.60694444375 0.3796875 0.5921296296875 0.36666666718749996 0.5976851859375001 0.3611979171875 0.58148148125 0.36015625 0.5629629625 0.3526041671875 0.546759259375 0.3171875 0.521759259375 0.2713541671875 0.5078703703125 0.24895833281250002 0.5041666671875 0.23515625 0.50648148125 0.22734375 0.5361111109375 0.22630208281250003 0.5611111109375 0.2169270828125 0.590740740625 0.24192708281250003 0.6833333328125 0.2546875 0.7041666671875 0.2630208328125 0.715277778125 0.28958333281250004 0.7384259265625001 0.32083333281250004 0.758796296875 0.34375 0.7606481484375001 0.36666666718749996 0.753240740625 0.4046875 0.7837962968750001 0.4369791671875 0.79398148125 0.44947916718750003 0.79398148125 0.46510416718750003 0.7921296296875 0.48723958281249996 0.7453703703125 0.4721354171875 0.728703703125
0 0.90234375 0.7231481484375 0.9190104171875 0.6833333328125 0.9130208328125 0.6504629625 0.8614583328125001 0.6013888890625 0.8416666671874999 0.621759259375 0.8231770828125 0.6203703703125 0.8236979171875 0.709259259375 0.8200520828125001 0.75555555625 0.83359375 0.7583333328124999 0.8283854171874999 0.7916666671875 0.83359375 0.83055555625 0.8640625 0.8384259265624999 0.8765625 0.8291666671875 0.8981770828125001 0.7861111109375 0.90234375 0.7231481484375
0 0.2596354171875 0.36944444375 0.28072916718749996 0.3421296296875 0.29348958281250004 0.3101851859375 0.30807291718749996 0.2888888890625 0.28567708281250004 0.225 0.2708333328125 0.2004629625 0.2630208328125 0.19953703750000001 0.2518229171875 0.1666666671875 0.23854166718749997 0.146759259375 0.2299479171875 0.20648148125 0.23046875 0.23055555625 0.23515625 0.25648148125 0.2283854171875 0.2703703703125 0.22526041718749998 0.2898148140625 0.1575520828125 0.35 0.1580729171875 0.39351851875 0.17109375 0.4583333328125 0.21197916718749998 0.5013888890625 0.23203125 0.43333333281249997 0.24609375 0.41203703750000004 0.2596354171875 0.36944444375
2 0.0986979171875 0.54444444375 0.10078125 0.4953703703125 0.08828125 0.44166666718750003 0.05989583281250001 0.416203703125 0.0403645828125 0.45185185156249996 0.0419270828125 0.47222222187499996 0.0013020828125 0.627777778125 0 0.853240740625 0.09036458281250001 0.7166666671875 0.09244791718749999 0.584259259375 0.0986979171875 0.54444444375
3 0.396875 0.0875 0.40546875 0.075 0.37447916718749996 0 0.2796875 0.0004629625 0.3184895828125 0.075 0.33125 0.10601851874999998 0.353125 0.0865740734375 0.3786458328125 0.0736111109375 0.396875 0.0875
0 0.3171875 0.3236111109375 0.2997395828125 0.3731481484375 0.3434895828125 0.44351851875000003 0.34609375 0.4620370375 0.3630208328125 0.503240740625 0.37838541718749996 0.3731481484375 0.35208333281250004 0.3291666671875 0.3171875 0.3236111109375
3 0.19375 0 0.1549479171875 0.0009259265625 0.1864583328125 0.03101851875 0.19296875 0.028703703125 0.18984375 0.0148148140625 0.19375 0
0 0.1330729171875 0.22777777812500002 0.15182291718750002 0.2101851859375 0.1486979171875 0.1990740734375 0.1502604171875 0.1546296296875 0.14791666718750002 0.1476851859375 0.1299479171875 0.1231481484375 0.1315104171875 0.1175925921875 0.12838541718750002 0.10370370312499999 0.115625 0.0736111109375 0.0848958328125 0.043981481249999996 0.06171875 0.08518518593749999 0.08828125 0.134259259375 0.09244791718749999 0.1861111109375 0.06953125 0.20555555625 0.0841145828125 0.2638888890625 0.0973958328125 0.3263888890625 0.109375 0.3078703703125 0.13046875 0.29722222187499997 0.1330729171875 0.22777777812500002