2 0.3864583328125 0.666203703125 0.4036458328125 0.641203703125 0.41015625 0.6361111109375 0.31979166718749996 0.6486111109375 0.3190104171875 0.6731481484375 0.3252604171875 0.690740740625 0.32734375 0.709259259375 0.3401041671875 0.7115740734375 0.3578125 0.70694444375 0.3760416671875 0.690277778125 0.3864583328125 0.666203703125
3 0.18203125 0.9240740734375 0.17630208281249998 0.9111111109375001 0.1760416671875 0.891203703125 0.2 0.9023148140625 0.225 0.89398148125 0.2484375 0.8708333328125001 0.2877604171875 0.8416666671874999 0.2736979171875 0.8194444437499999 0.27421875 0.7833333328125 0.2815104171875 0.7805555562500001 0.27786458281250004 0.746296296875 0.2669270828125 0.70648148125 0.25390625 0.6925925921875 0.2598958328125 0.6578703703125 0.19479166718750002 0.64305555625 0.1494791671875 0.6273148140625 0.128125 0.633796296875 0.16458333281249998 0.64305555625 0.1994791671875 0.665277778125 0.20390625 0.6703703703125 0.21223958281250002 0.696296296875 0.20338541718749997 0.765740740625 0.20208333281250002 0.7726851859375 0.1885416671875 0.7819444437499999 0.1708333328125 0.778240740625 0.16354166718750002 0.7615740734374999 0.1015625 0.7736111109375 0.08828125 0.7425925921875 0.08932291718749999 0.7212962968750001 0.09453125 0.675 0.11119791718750001 0.64351851875 0.1067708328125 0.6384259265625001 0.078125 0.6449074078125 0.0684895828125 0.6648148140625 0.06588541718749999 0.7333333328125 0.0497395828125 0.7629629625 0.052864582812500005 0.7851851859375001 0.0354166671875 0.8004629624999999 0.029427082812499998 0.8148148140625 0.0325520828125 0.8518518515625001 0.0395833328125 0.8773148140625 0.0596354171875 0.877777778125 0.061979167187499996 0.9171296296874999 0.10052083281249999 0.9421296296874999 0.12291666718750001 0.9513888890625 0.1463541671875 0.9486111109375001 0.1770833328125 0.933796296875 0.18203125 0.9240740734375
0 0.9994791671875 0.48472222187499997 0.9997395828125001 0.40092592656250003 0.959375 0.42268518593750004 0.9317708328125001 0.4513888890625 0.9229166671875 0.46805555625000006 0.9135416671875 0.47083333281249995 0.9052083328125 0.4671296296875 0.8885416671874999 0.4754629625 0.8768229171874999 0.49351851875 0.8794270828125 0.5009259265625 0.87265625 0.5490740734374999 0.8786458328125001 0.5523148140624999 0.8942708328125001 0.541203703125 0.9317708328125001 0.4865740734375 0.9994791671875 0.48472222187499997
0 0.96796875 0.196296296875 0.95703125 0.25833333281250004 0.9994791671875 0.3115740734375 0.9989583328125 0.134722221875 0.9888020828125 0.13888888906250002 0.96796875 0.196296296875
1 0.2015625 0.66805555625 0.1640625 0.64398148125 0.1276041671875 0.6347222218749999 0.1119791671875 0.64398148125 0.09453125 0.6759259265625001 0.08828125 0.7425925921875 0.1015625 0.7736111109375 0.1630208328125 0.7615740734374999 0.1703125 0.778240740625 0.18802083281249998 0.7819444437499999 0.20182291718749998 0.772222221875 0.21171875 0.6972222218749999 0.2015625 0.66805555625
0 0.709375 0.141203703125 0.6786458328125 0.11435185156250001 0.6755208328125 0.059722221875 0.6625 0.054166667187499996 0.6536458328125 0.058796296875 0.6317708328125 0.06064814843750001 0.62578125 0.078703703125 0.63984375 0.077777778125 0.63203125 0.1111111109375 0.6705729171875 0.1879629625 0.690625 0.240277778125 0.7190104171875 0.22407407343750002 0.72890625 0.15 0.709375 0.141203703125
0 0.9171875 0.7986111109375 0.92109375 0.7870370375 0.903125 0.7754629625 0.8854166671874999 0.7773148140624999 0.8734375 0.7699074078125 0.871875 0.796759259375 0.7854166671875 0.7856481484375 0.78203125 0.7666666671875 0.7833333328125 0.73194444375 0.7236979171875 0.7981481484375 0.7380208328125 0.7986111109375 0.7536458328125 0.79305555625 0.7739583328124999 0.8171296296874999 0.775 0.8263888890625 0.7838541671875 0.828240740625 0.8104166671874999 0.8523148140625001 0.834375 0.8921296296874999 0.8958333328125001 0.8115740734375001 0.9036458328125001 0.7986111109375 0.9171875 0.7986111109375
0 0.6177083328124999 0.7365740734374999 0.6130208328125 0.7236111109375 0.5802083328125 0.70694444375 0.5723958328125 0.66898148125 0.5552083328124999 0.6615740734375 0.503125 0.628240740625 0.48125 0.6245370375 0.45416666718750004 0.6004629625 0.4505208328125 0.6236111109375 0.41302083281249996 0.633796296875 0.40416666718750005 0.640277778125 0.3841145828125 0.6703703703125 0.3765625 0.6893518515625 0.35 0.7125 0.3380208328125 0.7245370375 0.3372395828125 0.728703703125 0.3369791671875 0.734722221875 0.3515625 0.7375 0.3674479171875 0.7787037031249999 0.378125 0.8004629624999999 0.3864583328125 0.8004629624999999 0.3885416671875 0.7921296296875 0.4203125 0.7949074078125 0.43072916718750004 0.7884259265625 0.4390625 0.7884259265625 0.4390625 0.79305555625 0.4536458328125 0.7995370375 0.49375 0.7995370375 0.51875 0.7921296296875 0.5223958328125 0.7921296296875 0.5296875 0.8004629624999999 0.5677083328125 0.796759259375 0.6197916671875 0.828240740625 0.6307291671875 0.8291666671875 0.6434895828125 0.7879629625 0.6408854171875 0.7629629625 0.6177083328124999 0.7365740734374999
0 0.8544270828125 0.9509259265625 0.84921875 0.9120370375 0.834375 0.89305555625 0.8098958328125001 0.8523148140625001 0.784375 0.8291666671875 0.775 0.8273148140625001 0.7744791671875 0.81805555625 0.7541666671875 0.79305555625 0.6197916671875 0.8384259265624999 0.5994791671875 0.85601851875 0.5955729171875 0.872222221875 0.59296875 0.9453703703125 0.5955729171875 0.9620370375 0.5908854171875 0.9824074078124999 0.5994791671875 0.9995370375 0.8328125 0.9995370375 0.8416666671874999 0.9828703703125001 0.85390625 0.972222221875 0.8544270828125 0.9509259265625
3 0.54609375 0.577777778125 0.5325520828125 0.553703703125 0.5286458328125 0.5375 0.5145833328125 0.5356481484375 0.4890625 0.5236111109375 0.45338541718750003 0.5148148140625 0.4536458328125 0.6004629625 0.4817708328125 0.6245370375 0.5036458328125 0.628240740625 0.546875 0.6560185187500001 0.54453125 0.6074074078125 0.5497395828125 0.5916666671875 0.54609375 0.577777778125
3 0.40598958281249997 0.7925925921875 0.3880208328125 0.791203703125 0.3864583328125 0.7995370375 0.37552083281250004 0.7986111109375 0.3736979171875 0.8120370375 0.38229166718749996 0.8300925921875001 0.3927083328125 0.81898148125 0.403125 0.8125 0.40598958281249997 0.7925925921875