0 0.8380208328125001 0.8615740734375 0.8171875 0.8606481484374999 0.7997395828125 0.8870370375000001 0.8223958328125001 0.9069444437499999 0.8302083328125001 0.9069444437499999 0.8408854171875 0.884259259375 0.84140625 0.8740740734375001 0.8380208328125001 0.8615740734375
0 0.8872395828125 0.14444444375 0.8661458328125 0.1106481484375 0.809375 0.1245370375 0.8018229171875 0.1601851859375 0.8192708328125 0.1495370375 0.8221354171874999 0.1703703703125 0.8239583328125001 0.1708333328125 0.8609375 0.1634259265625 0.8869791671874999 0.165277778125 0.8872395828125 0.14444444375
2 0.453125 0 0.44140625 0.019444443750000002 0.46119791718750003 0.0703703703125 0.48072916718750003 0.103240740625 0.5046875 0.13935185156250002 0.5317708328124999 0.1634259265625 0.5419270828125 0.1481481484375 0.5346354171875001 0.13055555624999998 0.5388020828125 0.1148148140625 0.54140625 0.0824074078125 0.5901041671875 0.0800925921875 0.5950520828125 0.065740740625 0.5890625 0.0476851859375 0.5703125 0.0236111109375 0.5557291671875 0 0.453125 0
3 0.7104166671875001 0 0.6908854171875001 0.028703703125 0.68671875 0.0574074078125 0.6880208328124999 0.0615740734375 0.6958333328124999 0.06435185156249999 0.7145833328125 0.0356481484375 0.7322916671875 0.0486111109375 0.7604166671875 0.052314814062500006 0.7755208328125 0.06435185156249999 0.7875 0.0828703703125 0.7953125 0.090277778125 0.8057291671875 0.090277778125 0.815625 0.0893518515625 0.8231770828125 0.08425925937499999 0.8252604171875 0.0574074078125 0.83515625 0.052777778124999994 0.83515625 0.0351851859375 0.8473958328125001 0 0.7104166671875001 0
3 0.9497395828125 0.42222222187499997 0.9270833328125001 0.36990740781250003 0.9010416671874999 0.36990740781250003 0.8854166671874999 0.3625 0.8494791671874999 0.3643518515625 0.8627604171875 0.4620370375 0.8645833328125001 0.4643518515625 0.9140625 0.4578703703125 0.9484375 0.4458333328125 0.9497395828125 0.42222222187499997
0 0.5546875 0.391203703125 0.55859375 0.3888888890625 0.5645833328125 0.3671296296875 0.5841145828125 0.36666666718749996 0.5479166671875 0.315277778125 0.51171875 0.39351851875 0.5307291671875001 0.41342592656250005 0.5372395828125 0.3925925921875 0.54375 0.38009259218749997 0.5546875 0.391203703125
0 0.11953125 0.4916666671875 0.11796875 0.4796296296875 0.1098958328125 0.466203703125 0.1010416671875 0.4643518515625 0.0817708328125 0.4513888890625 0.0739583328125 0.4513888890625 0.052604167187499995 0.4365740734375 0.0322916671875 0.4495370375 0.0268229171875 0.434259259375 0.0153645828125 0.4129629625 0.009114582812499999 0.3861111109375 0.0221354171875 0.372222221875 0.02578125 0.33888888906250003 0.034375 0.32453703749999996 0.0411458328125 0.32453703749999996 0.0848958328125 0.30046296250000004 0.1125 0.3134259265625 0.1380208328125 0.3013888890625 0.1393229171875 0.2833333328125 0.0953125 0.27453703749999997 0.054166667187499996 0.27638888906250003 0 0.2671296296875 0.0002604171875 0.49259259218749996 0.0046875 0.4986111109375 0.0229166671875 0.503240740625 0.0364583328125 0.48564814843750004 0.0463541671875 0.48379629687500003 0.061979167187499996 0.4921296296875 0.0682291671875 0.5078703703125 0.0822916671875 0.5134259265625001 0.0895833328125 0.4921296296875 0.1140625 0.49768518593750005 0.11953125 0.4916666671875
0 0 0.9981481484374999 0.0875 0.9986111109375001 0.1057291671875 0.983796296875 0.1234375 0.9625 0.1385416671875 0.958796296875 0.14921875 0.9388888890624999 0.1544270828125 0.91944444375 0.153125 0.903240740625 0.134375 0.890277778125 0.115625 0.8865740734375 0.1028645828125 0.877777778125 0.10703125 0.809259259375 0.1138020828125 0.759259259375 0 0.7810185187500001 0 0.9981481484374999
0 0 0.684722221875 0.0239583328125 0.690277778125 0.0411458328125 0.6875 0.05989583281250001 0.703240740625 0.1166666671875 0.6949074078125 0.12421875 0.6555555562500001 0.12942708281249998 0.6379629625 0.1307291671875 0.6356481484375001 0.1385416671875 0.6356481484375001 0.1453125 0.6634259265625 0.1502604171875 0.6398148140625 0.1497395828125 0.627777778125 0.1348958328125 0.61898148125 0.1244791671875 0.5949074078125001 0.1166666671875 0.5930555562500001 0.11484375 0.615740740625 0.10859375 0.6509259265625 0.09427083281250001 0.6625 0.0661458328125 0.6699074078125 0.05 0.6671296296875 0.0359375 0.659722221875 0.0244791671875 0.6300925921875 0 0.65 0 0.684722221875
0 0.4565104171875 0.921296296875 0.45598958281249996 0.9138888890624999 0.4536458328125 0.9060185187500001 0.4401041671875 0.8856481484375 0.4171875 0.883796296875 0.40520833281249996 0.903240740625 0.3661458328125 0.8828703703125 0.3614583328125 0.896759259375 0.3544270828125 0.8916666671875 0.3458333328125 0.8606481484374999 0.3166666671875 0.8393518515625 0.2979166671875 0.8615740734375 0.2958333328125 0.8754629625 0.2828125 0.8875 0.2791666671875 0.9041666671874999 0.2677083328125 0.8958333328125001 0.2559895828125 0.925 0.2591145828125 0.9472222218749999 0.2669270828125 0.9611111109375001 0.26614583281250004 0.9726851859375 0.2786458328125 0.9763888890624999 0.2901041671875 0.9921296296875 0.2994791671875 0.9995370375 0.45729166718750003 0.9995370375 0.45911458281249995 0.9546296296874999 0.45234375 0.9425925921875 0.4565104171875 0.921296296875
0 0.51015625 0.872222221875 0.49609375 0.834259259375 0.5096354171875 0.7981481484375 0.51015625 0.777777778125 0.50078125 0.7546296296875 0.48072916718750003 0.721759259375 0.4682291671875 0.7226851859375001 0.459375 0.6958333328124999 0.4283854171875 0.702777778125 0.42890625 0.7981481484375 0.42369791718750005 0.81851851875 0.42109375 0.85 0.4526041671875 0.8949074078124999 0.47552083281249996 0.8828703703125 0.5015625 0.88101851875 0.51015625 0.872222221875
0 0.65 0.2356481484375 0.6510416671875 0.216203703125 0.6645833328124999 0.216203703125 0.67421875 0.1981481484375 0.6744791671875 0.19583333281249998 0.6653645828125 0.1870370375 0.66640625 0.1481481484375 0.65234375 0.12870370312499999 0.6421875 0.0745370375 0.565625 0.0828703703125 0.5408854171875 0.0824074078125 0.53828125 0.11574074062499999 0.5356770828124999 0.127777778125 0.54296875 0.1518518515625 0.58125 0.253240740625 0.6072916671875 0.24398148125 0.6296875 0.24212962968750001 0.65 0.2356481484375