0 0.8609375 0.590277778125 0.8640625 0.56805555625 0.8755208328125 0.559722221875 0.89765625 0.5518518515624999 0.8809895828125001 0.5175925921875 0.8721354171875 0.490740740625 0.8651041671874999 0.4763888890625 0.8505208328125 0.46157407343749995 0.8229166671874999 0.459722221875 0.8072916671874999 0.4458333328125 0.7916666671875 0.44398148125 0.7708333328125 0.4328703703125 0.76953125 0.434259259375 0.7669270828125 0.4574074078125 0.7669270828125 0.49259259218749996 0.76484375 0.5268518515625 0.75234375 0.6231481484375 0.76796875 0.665740740625 0.7796875 0.6856481484375 0.8078125 0.6606481484375 0.8213541671875 0.6254629625 0.8609375 0.590277778125
0 0.8075520828125 0.3703703703125 0.7986979171875 0.31759259218749997 0.7893229171875 0.2768518515625 0.7825520828125 0.25648148125 0.78125 0.2541666671875 0.7510416671875 0.246759259375 0.7416666671875001 0.2476851859375 0.74453125 0.21203703749999997 0.7395833328125 0.21064814843750002 0.7322916671875 0.2125 0.7177083328125 0.23101851875 0.7052083328125 0.24212962968750001 0.6955729171875 0.25740740781250004 0.6768229171875 0.3324074078125 0.709375 0.35601851875 0.7479166671875 0.35601851875 0.7630208328125 0.3634259265625 0.7658854171875 0.377777778125 0.7705729171875 0.43240740781250003 0.7822916671875 0.440277778125 0.7953125 0.44305555625000004 0.79921875 0.44166666718750003 0.8049479171874999 0.42129629687500003 0.8075520828125 0.3703703703125
3 0.7700520828124999 0.43333333281249997 0.76328125 0.3648148140625 0.7473958328125 0.35601851875 0.7088541671875 0.35601851875 0.6734375 0.3300925921875 0.6260416671875 0.3078703703125 0.6174479171875 0.3879629625 0.6080729171875 0.51944444375 0.60546875 0.5870370375 0.60078125 0.603703703125 0.6364583328125 0.6106481484375 0.665625 0.6254629625 0.7494791671875001 0.6513888890625 0.76484375 0.5259259265625 0.7669270828125 0.4574074078125 0.7700520828124999 0.43333333281249997
0 0.7184895828125 0.6851851859375 0.6645833328124999 0.6245370375 0.6359375 0.6106481484375 0.6005208328125 0.6041666671875 0.6049479171875001 0.5879629625 0.6046875 0.56805555625 0.5786458328124999 0.5504629624999999 0.4953125 0.5106481484375001 0.48802083281249997 0.5097222218749999 0.47369791718750004 0.5138888890625 0.4565104171875 0.5796296296875 0.4479166671875 0.5856481484375 0.4388020828125 0.597222221875 0.4700520828125 0.6879629625 0.490625 0.73194444375 0.5505208328125 0.76898148125 0.6130208328125 0.765277778125 0.6166666671875001 0.7865740734375 0.6859375 0.8078703703125001 0.72734375 0.7509259265625 0.71171875 0.7351851859375 0.7184895828125 0.6851851859375
0 0.5044270828124999 0.3425925921875 0.5075520828125 0.3111111109375 0.515625 0.3023148140625 0.5283854171875 0.3009259265625 0.5096354171875 0.234259259375 0.496875 0.20694444375 0.4856770828125 0.2018518515625 0.4799479171875 0.1759259265625 0.47291666718750003 0.1578703703125 0.4518229171875 0.1981481484375 0.44036458281249996 0.26944444375 0.42890625 0.28611111093749997 0.42786458281249995 0.303703703125 0.37161458281250004 0.3740740734375 0.37161458281250004 0.4 0.3747395828125 0.4175925921875 0.40520833281249996 0.47453703750000004 0.4369791671875 0.5236111109375 0.4674479171875 0.4370370375 0.48411458281249997 0.38148148125 0.5044270828124999 0.3425925921875
2 0.32265625 0.66851851875 0.31796875 0.6111111109375 0.3299479171875 0.5453703703125 0.30807291718749996 0.4388888890625 0.28072916718749996 0.41342592656250005 0.2591145828125 0.46666666718750005 0.24921875 0.509259259375 0.22161458281250002 0.6768518515624999 0.2065104171875 0.752777778125 0.2075520828125 0.821296296875 0.2286458328125 0.8625 0.3122395828125 0.7425925921875 0.31796875 0.6851851859375 0.32265625 0.66851851875
3 0.46770833281249996 0 0.5091145828125 0.0870370375 0.5255208328125 0.15601851875 0.53359375 0.146296296875 0.5458333328125 0.11620370312499999 0.5822916671875 0.08194444375 0.5963541671875 0.103240740625 0.61171875 0.0953703703125 0.5916666671875 0.0634259265625 0.5572916671875 0 0.46770833281249996 0
3 0.23203125 0 0.2364583328125 0.04305555625 0.24348958281250002 0.0240740734375 0.2416666671875 0 0.23203125 0
0 0.1067708328125 0.0004629625 0.08671875 0.015740740625 0.1369791671875 0.1115740734375 0.18802083281249998 0.0671296296875 0.2114583328125 0.15601851875 0.21119791718749997 0.0759259265625 0.1703125 0.0004629625 0.1067708328125 0.0004629625
0 0.6190104171875 0.38148148125 0.5895833328125 0.33194444375 0.5541666671875001 0.33194444375 0.53359375 0.3861111109375 0.5580729171875001 0.4546296296875 0.56484375 0.5009259265625 0.6 0.5310185187500001 0.6036458328125 0.5310185187500001 0.6059895828124999 0.5296296296875 0.6075520828125 0.49351851875 0.6190104171875 0.38148148125
3 0.32265625 0 0.35885416718749996 0.0199074078125 0.3880208328125 0.042129629687499996 0.39921875 0.0296296296875 0.40833333281249995 0.003240740625 0.4231770828125 0 0.32265625 0
0 0.3606770828125 0.1675925921875 0.3450520828125 0.13981481406250001 0.34609375 0.1361111109375 0.3255208328125 0.0550925921875 0.3111979171875 0.08148148125 0.2981770828125 0.11574074062499999 0.32265625 0.12870370312499999 0.33046875 0.20740740781250003 0.315625 0.22453703749999998 0.3104166671875 0.2273148140625 0.303125 0.228240740625 0.29609375 0.2175925921875 0.2997395828125 0.2703703703125 0.2955729171875 0.3148148140625 0.3390625 0.3513888890625 0.35598958281250004 0.26944444375 0.35598958281250004 0.21111111093749999 0.3606770828125 0.1675925921875