0 0.9984375 0.48379629687500003 0.990625 0.4763888890625 0.9697916671875 0.47453703750000004 0.9479166671874999 0.466203703125 0.9348958328125001 0.458796296875 0.921875 0.44490740781250004 0.9153645828125001 0.44259259218749997 0.90078125 0.6555555562500001 0.9018229171875 0.6620370375 0.9145833328125 0.690277778125 0.9557291671874999 0.6347222218749999 0.9997395828125001 0.590740740625 0.9984375 0.48379629687500003
0 0.93828125 0.403703703125 0.9315104171874999 0.3990740734375 0.9356770828125001 0.3740740734375 0.93515625 0.34629629687499996 0.9283854171874999 0.3111111109375 0.9200520828125001 0.2768518515625 0.9125 0.266203703125 0.8963541671874999 0.26435185156249996 0.8747395828125001 0.252777778125 0.8778645828125 0.24259259218749998 0.87734375 0.225 0.875 0.21435185156249997 0.859375 0.2365740734375 0.8434895828125001 0.253703703125 0.83203125 0.28148148125 0.8268229171874999 0.3 0.8231770828125 0.303703703125 0.81953125 0.334259259375 0.85625 0.3634259265625 0.8739583328125 0.371759259375 0.8953125 0.36990740781250003 0.9140625 0.3754629625 0.92109375 0.4148148140625 0.9169270828125 0.44259259218749997 0.9234375 0.446759259375 0.9294270828125001 0.4370370375 0.92890625 0.4175925921875 0.93828125 0.403703703125
3 0.91484375 0.3759259265625 0.9072916671875 0.3708333328125 0.8953125 0.36898148124999997 0.8739583328125 0.3708333328125 0.85625 0.3625 0.81875 0.3328703703125 0.8026041671874999 0.3236111109375 0.7838541671875 0.3171296296875 0.76328125 0.584259259375 0.8151041671874999 0.6328703703125 0.9010416671874999 0.6587962968750001 0.91640625 0.44351851875000003 0.92109375 0.41851851875 0.91484375 0.3759259265625
0 0.8559895828125 0.7203703703125 0.86015625 0.6981481484375001 0.8606770828125001 0.6731481484375 0.7635416671875 0.584722221875 0.6541666671875 0.516203703125 0.6270833328125 0.521759259375 0.6059895828124999 0.5870370375 0.58828125 0.6009259265625 0.6013020828125 0.6388888890625 0.6447916671875 0.7402777781250001 0.6901041671875 0.76898148125 0.7604166671875 0.76898148125 0.7645833328125 0.7828703703125 0.8338541671874999 0.8115740734375001 0.87265625 0.7620370375000001 0.86796875 0.7425925921875 0.8559895828125 0.7203703703125
0 0.6263020828125 0.4018518515625 0.64609375 0.334259259375 0.6567708328124999 0.3134259265625 0.6651041671875 0.3143518515625 0.66953125 0.2953703703125 0.6658854171875 0.27870370312500004 0.6658854171875 0.25833333281250004 0.6541666671875 0.23101851875 0.6403645828125 0.2175925921875 0.6315104171875 0.1861111109375 0.628125 0.1800925921875 0.6223958328125 0.17916666718750002 0.6098958328124999 0.196759259375 0.59296875 0.22685185156249998 0.5565104171875 0.32777777812500003 0.5203125 0.3671296296875 0.5138020828125 0.38703703749999996 0.51171875 0.40833333281249995 0.5231770828125 0.425 0.53046875 0.44259259218749997 0.5455729171875 0.46944444374999994 0.5802083328125 0.5171296296875 0.590625 0.5236111109375 0.6033854171875 0.4981481484375 0.6216145828124999 0.43333333281249997 0.6263020828125 0.4018518515625
2 0.4674479171875 0.625 0.48203125 0.5861111109375 0.48151041718750004 0.5518518515624999 0.45494791718750005 0.459259259375 0.4302083328125 0.42453703750000005 0.4166666671875 0.42268518593750004 0.3919270828125 0.4916666671875 0.3690104171875 0.665740740625 0.35703125 0.7824074078125001 0.3768229171875 0.8666666671875 0.378125 0.8671296296875 0.4643229171875 0.7425925921875 0.46901041718750003 0.6925925921875 0.4674479171875 0.625
3 0.5770833328125 0 0.6190104171875 0.0990740734375 0.6510416671875 0.190277778125 0.6536458328125 0.17916666718750002 0.66875 0.1763888890625 0.6901041671875 0.12361111093749999 0.7145833328125 0.09953703750000001 0.7255208328125 0.1125 0.7236979171875 0.0981481484375 0.6908854171875001 0.0648148140625 0.6721354171875 0.0120370375 0.6744791671875 0 0.5770833328125 0
3 0.3484375 0 0.3619791671875 0.0625 0.3723958328125 0.040277778125000004 0.39895833281250004 0.016203703125 0.39765625 0 0.3484375 0
0 0.2671875 0 0.23463541718749997 0.040740740625 0.2770833328125 0.12361111093749999 0.3255208328125 0.0736111109375 0.3494791671875 0.165277778125 0.36276041718749996 0.109259259375 0.30416666718749996 0.0004629625 0.2671875 0
0 0.7536458328125 0.3458333328125 0.7197916671875 0.3375 0.6854166671875 0.38935185156249996 0.6841145828124999 0.39444444375 0.7033854171875 0.4703703703125 0.71796875 0.5138888890625 0.7526041671875 0.5421296296875 0.7674479171875 0.5370370375 0.7799479171875 0.38333333281250004 0.7536458328125 0.3458333328125
3 0.4419270828125 0 0.47760416718750004 0.0208333328125 0.49791666718750005 0.0245370375 0.5197916671875 0.041203703125000005 0.5580729171875001 0 0.4419270828125 0
0 0.5028645828125 0.171296296875 0.4955729171875 0.1574074078125 0.47552083281249996 0.059722221875 0.45703125 0.097222221875 0.45859375 0.11388888906250001 0.45598958281249996 0.1175925921875 0.47734375 0.1351851859375 0.4856770828125 0.21111111093749999 0.4791666671875 0.21805555625 0.45520833281249995 0.23101851875 0.4419270828125 0.23240740781250002 0.43984375 0.2703703703125 0.4341145828125 0.31944444375000003 0.47239583281249997 0.358796296875 0.48229166718750005 0.36064814843750004 0.49765625 0.26944444375 0.50078125 0.1870370375 0.5028645828125 0.171296296875