0 0.5096354171875 0.7425925921875 0.5026041671875 0.7356481484375 0.49635416718750003 0.7393518515624999 0.48203125 0.8240740734375 0.5010416671875 0.8384259265624999 0.5333333328125 0.8412037031249999 0.5169270828125 0.7888888890625 0.5127604171875 0.7703703703125 0.5096354171875 0.7425925921875
0 0.5997395828125 0.459259259375 0.5848958328125 0.4421296296875 0.571875 0.434722221875 0.5700520828125 0.4546296296875 0.5794270828125 0.4703703703125 0.5856770828125 0.50648148125 0.5880208328125 0.5671296296875 0.6065104171875 0.515740740625 0.60703125 0.5101851859375001 0.5997395828125 0.459259259375
0 0.57578125 0.9490740734375 0.5666666671875 0.9300925921875001 0.4921875 0.91898148125 0.47291666718750003 0.9236111109375 0.4700520828125 0.9268518515625 0.5015625 0.941203703125 0.5161458328124999 0.953240740625 0.5325520828125 0.978703703125 0.5390625 0.9995370375 0.590625 0.9995370375 0.5919270828125 0.9953703703125001 0.57734375 0.972222221875 0.57578125 0.9490740734375
0 0.45026041718750004 0.777777778125 0.45338541718750003 0.75648148125 0.45078125 0.746296296875 0.44895833281249997 0.7430555562500001 0.44166666718750003 0.7476851859375 0.4213541671875 0.7699074078125 0.4 0.771759259375 0.3875 0.76898148125 0.3807291671875 0.7736111109375 0.3809895828125 0.7870370375 0.38671875 0.809259259375 0.4015625 0.8236111109375001 0.41041666718750003 0.8208333328125 0.4369791671875 0.8013888890624999 0.45026041718750004 0.777777778125
2 0.5875 0.56805555625 0.5877604171875 0.5555555562500001 0.5856770828125 0.50648148125 0.5794270828125 0.4703703703125 0.55546875 0.4296296296875 0.5494791671875 0.415277778125 0.5197916671875 0.40972222187499996 0.5130208328125 0.40601851875 0.5200520828124999 0.4453703703125 0.5216145828125 0.4824074078125 0.53359375 0.5666666671875 0.5322916671875 0.5708333328124999 0.50703125 0.5879629625 0.5122395828124999 0.63148148125 0.515625 0.633796296875 0.5338541671875 0.6273148140625 0.5614583328125 0.5986111109375 0.5875 0.56805555625
0 0 0.633796296875 0.0075520828124999995 0.621296296875 0.010416667187500001 0.60601851875 0 0.6046296296875 0 0.633796296875
0 0.05 0.5263888890625 0.06119791718749999 0.4981481484375 0.0653645828125 0.478703703125 0.0861979171875 0.44907407343749994 0.0809895828125 0.4129629625 0.0861979171875 0.38055555625 0.078125 0.35046296250000003 0.0640625 0.3365740734375 0.0515625 0.31805555625 0 0.26527777812500003 0.0005208328124999999 0.5671296296875 0.0098958328125 0.5634259265625 0.0223958328125 0.553240740625 0.05 0.5263888890625
3 0.2682291671875 0.8726851859375 0.2677083328125 0.8643518515625 0.3145833328125 0.8291666671875 0.3283854171875 0.76944444375 0.3270833328125 0.766203703125 0.3018229171875 0.7481481484375 0.29765625 0.6777777781250001 0.2932291671875 0.6708333328125 0.27005208281250004 0.7787037031249999 0.2575520828125 0.8194444437499999 0.24765625 0.8888888890625 0.2557291671875 0.8958333328125001 0.278125 0.883796296875 0.2825520828125 0.875 0.2682291671875 0.8726851859375
3 0.5341145828125 0.5675925921875 0.5221354171875 0.48333333281249996 0.5205729171875 0.4453703703125 0.5130208328125 0.4050925921875 0.48229166718750005 0.40601851875 0.4635416671875 0.40046296249999996 0.44322916718750005 0.403240740625 0.415625 0.4375 0.41484375 0.4361111109375 0.4049479171875 0.384259259375 0.40130208281249996 0.303703703125 0.39375 0.246759259375 0.33828125 0.3009259265625 0.36380208281250004 0.409259259375 0.32578125 0.4453703703125 0.3317708328125 0.4893518515625 0.3763020828125 0.465740740625 0.39505208281250004 0.521296296875 0.40338541718750004 0.5629629625 0.4192708328125 0.678240740625 0.49375 0.596759259375 0.5328125 0.571759259375 0.5341145828125 0.5675925921875
3 0.73984375 0 0.7346354171875 0.047222221875 0.7184895828125 0.0490740734375 0.7263020828125 0.09074074062500001 0.7385416671875 0.09953703750000001 0.74296875 0.0953703703125 0.7466145828124999 0.078703703125 0.7489583328125 0.0773148140625 0.7520833328125 0.1041666671875 0.76875 0.1041666671875 0.7854166671875 0.109722221875 0.8049479171874999 0.0953703703125 0.81328125 0.0666666671875 0.8138020828125001 0.048148148437499996 0.8354166671875 0.0236111109375 0.846875 0 0.73984375 0
3 0.4565104171875 0 0.484375 0.0393518515625 0.5130208328125 0.0699074078125 0.5390625 0.084722221875 0.5713541671875 0.0865740734375 0.5822916671875 0.083796296875 0.5731770828125 0.1120370375 0.5752604171875 0.12870370312499999 0.57890625 0.1416666671875 0.6114583328125 0.1625 0.625 0.1625 0.6346354171875 0.13055555624999998 0.6424479171875 0.08425925937499999 0.6369791671875 0.0699074078125 0.6552083328125 0.052314814062500006 0.6848958328125 0.053240740625000005 0.6927083328125 0.042129629687499996 0.7114583328124999 0.0245370375 0.7208333328125 0.0245370375 0.7276041671875 0.01898148125 0.73203125 0.009259259374999999 0.73359375 0 0.4565104171875 0