0 0 0 0 0.1351851859375 0.0208333328125 0.15601851875 0.0296875 0.15601851875 0.0356770828125 0.1453703703125 0.0325520828125 0.1268518515625 0.0515625 0.083796296875 0.0838541671875 0.1541666671875 0.09427083281250001 0.15324074062499998 0.1138020828125 0.10185185156250001 0.1473958328125 0.05601851875 0.1739583328125 0.1041666671875 0.2203125 0.09675925937499999 0.2598958328125 0.141203703125 0.2763020828125 0.075 0.28359375 0 0 0
3 0.3916666671875 0.6513888890625 0.4140625 0.6495370375 0.4184895828125 0.6129629624999999 0.4028645828125 0.5120370375000001 0.3981770828125 0.503703703125 0.38723958281250004 0.4583333328125 0.38828125 0.44259259218749997 0.38046875 0.40648148125 0.3552083328125 0.3736111109375 0.34427083281250004 0.3541666671875 0.28854166718749996 0.2884259265625 0.2520833328125 0.26805555625 0.23541666718749998 0.26527777812500003 0.20234375 0.3981481484375 0.1971354171875 0.43148148124999997 0.1981770828125 0.49629629687500004 0.1893229171875 0.5074074078125 0.1877604171875 0.521296296875 0.19140625 0.5546296296875 0.19375 0.558796296875 0.1989583328125 0.5541666671875001 0.2109375 0.55601851875 0.2203125 0.5763888890625 0.22916666718749998 0.5884259265625 0.2630208328125 0.5958333328125 0.26901041718749996 0.603703703125 0.23828125 0.6259259265625 0.25546875 0.684259259375 0.2692708328125 0.6856481484375 0.3317708328125 0.6828703703125 0.3807291671875 0.646759259375 0.3916666671875 0.6513888890625
2 0.26015625 0.15092592656249998 0.26015625 0.1416666671875 0.2203125 0.09675925937499999 0.175 0.103240740625 0.1671875 0.1115740734375 0.1424479171875 0.146296296875 0.13671875 0.1879629625 0.14791666718750002 0.228240740625 0.18802083281249998 0.2384259265625 0.2104166671875 0.22546296250000003 0.2421875 0.1986111109375 0.26015625 0.15092592656249998
0 0.28203125 0.7925925921875 0.27578125 0.7546296296875 0.23828125 0.6268518515625 0.23046875 0.5944444437499999 0.22291666718749997 0.578240740625 0.2169270828125 0.5703703703125 0.2109375 0.5550925921875 0.1989583328125 0.553240740625 0.18984375 0.5629629625 0.1924479171875 0.5879629625 0.1966145828125 0.5925925921874999 0.1838541671875 0.603240740625 0.1705729171875 0.622222221875 0.1565104171875 0.6833333328125 0.1486979171875 0.7074074078125 0.14921875 0.7166666671875 0.1583333328125 0.7300925921875 0.17135416718750002 0.7180555562500001 0.1940104171875 0.7351851859375 0.1768229171875 0.7648148140625 0.1716145828125 0.7925925921875 0.1846354171875 0.8444444437499999 0.2036458328125 0.8708333328125001 0.21614583281250002 0.8726851859375 0.2604166671875 0.8449074078125 0.2765625 0.83194444375 0.28203125 0.7925925921875
3 0.1236979171875 0.46666666718750005 0.1002604171875 0.3768518515625 0.0958333328125 0.3671296296875 0.0791666671875 0.3513888890625 0.06875 0.36064814843750004 0.058072917187499996 0.38333333281250004 0.054947917187499994 0.3981481484375 0.052864582812500005 0.45 0.06510416718749999 0.45046296249999995 0.07864583281250001 0.4671296296875 0.10546875 0.475 0.1138020828125 0.5620370375 0.13125 0.60694444375 0.1377604171875 0.5898148140624999 0.1466145828125 0.5296296296875 0.1236979171875 0.46666666718750005
0 0 0.5879629625 0.052604167187499995 0.6763888890625 0.1236979171875 0.6138888890625 0.1138020828125 0.5620370375 0.10546875 0.475 0.0354166671875 0.45694444375 0.0427083328125 0.41898148125 0.0203125 0.4078703703125 0 0.4078703703125 0 0.5879629625
0 0.3122395828125 0.765740740625 0.3268229171875 0.7194444437499999 0.3307291671875 0.6828703703125 0.25625 0.6856481484375 0.27578125 0.7546296296875 0.28203125 0.7925925921875 0.27786458281250004 0.828703703125 0.2609375 0.8449074078125 0.2166666671875 0.8726851859375 0.20442708281250002 0.871296296875 0.21770833281250002 0.883796296875 0.22161458281250002 0.8916666671875 0.22005208281250002 0.9175925921875001 0.21223958281250002 0.959259259375 0.1940104171875 0.9981481484374999 0.2479166671875 0.9995370375 0.26015625 0.9685185187500001 0.2794270828125 0.9018518515625 0.3122395828125 0.765740740625
0 0.22916666718749998 0.5875 0.22552083281250002 0.58194444375 0.2309895828125 0.5944444437499999 0.23854166718749997 0.6245370375 0.26901041718749996 0.602777778125 0.2630208328125 0.5949074078125001 0.22916666718749998 0.5875
0 0.1486979171875 0.70648148125 0.1565104171875 0.684259259375 0.1705729171875 0.6231481484375 0.1838541671875 0.6041666671875 0.1966145828125 0.5935185187500001 0.1924479171875 0.5888888890625 0.19192708281249998 0.5851851859375 0.18984375 0.5638888890625 0.1940104171875 0.559259259375 0.19140625 0.5546296296875 0.1877604171875 0.521296296875 0.1893229171875 0.5074074078125 0.1981770828125 0.49629629687500004 0.1971354171875 0.43240740781250003 0.2026041671875 0.3958333328125 0.1916666671875 0.396759259375 0.1848958328125 0.39305555625 0.1638020828125 0.39074074062499997 0.1627604171875 0.44907407343749994 0.1565104171875 0.4675925921875 0.15234375 0.5129629625 0.1466145828125 0.5305555562500001 0.1377604171875 0.5898148140624999 0.12734375 0.64444444375 0.1325520828125 0.6620370375 0.12838541718750002 0.6777777781250001 0.1268229171875 0.709259259375 0.14010416718750002 0.7328703703125 0.1505208328125 0.7375 0.1591145828125 0.73055555625 0.14921875 0.7166666671875 0.1486979171875 0.70648148125
0 0.1638020828125 0.41018518593750003 0.15286458281249998 0.3768518515625 0.14453125 0.3620370375 0.1403645828125 0.34722222187499996 0.1424479171875 0.3324074078125 0.13515625 0.3138888890625 0.13515625 0.302777778125 0.1109375 0.2754629625 0.0997395828125 0.29814814843750004 0.10390625 0.3083333328125 0.0955729171875 0.36944444375 0.1013020828125 0.38240740781250004 0.11223958281249999 0.4296296296875 0.1236979171875 0.447222221875 0.1388020828125 0.4861111109375 0.14921875 0.5018518515625 0.1520833328125 0.5115740734374999 0.1565104171875 0.4675925921875 0.1627604171875 0.44907407343749994 0.1638020828125 0.41018518593750003
0 0.9979166671874999 0.8004629624999999 0.9854166671875 0.8208333328125 0.95078125 0.8351851859374999 0.94765625 0.8861111109375001 0.9419270828125 0.915740740625 0.9458333328125 0.9254629624999999 0.95625 0.9393518515625001 0.9864583328125001 0.9236111109375 0.9997395828125001 0.9055555562500001 0.9979166671874999 0.8004629624999999