0 0.675 0 0.6606770828124999 0.045370370312500005 0.6611979171875 0.05 0.6690104171875 0.0861111109375 0.6893229171875 0.1351851859375 0.6981770828125 0.16388888906250001 0.6986979171875001 0.20277777812500003 0.7033854171875 0.2203703703125 0.7197916671875 0.22453703749999998 0.73125 0.20231481406250001 0.740625 0.20694444375 0.7567708328125 0.20879629687499998 0.77109375 0.1898148140625 0.7841145828125 0.1583333328125 0.8057291671875 0.11620370312499999 0.8307291671874999 0.1606481484375 0.8630208328125001 0.1254629625 0.9130208328125 0.1634259265625 0.9361979171874999 0.0981481484375 0.9455729171874999 0 0.675 0
3 0.96796875 0.43240740781250003 0.9627604171874999 0.46481481406249997 0.9731770828125 0.48425925937500003 0.97421875 0.5259259265625 0.9684895828125001 0.5527777781250001 0.96953125 0.5824074078125 0.96796875 0.5981481484375 0.96015625 0.6083333328125 0.9994791671875 0.6245370375 0.9994791671875 0.3171296296875 0.9705729171874999 0.3990740734375 0.96796875 0.43240740781250003
2 0.8916666671875 0.24953703749999998 0.9020833328125001 0.21435185156249997 0.9161458328125001 0.2078703703125 0.9190104171875 0.1833333328125 0.9143229171874999 0.165740740625 0.8630208328125001 0.1254629625 0.8307291671874999 0.1606481484375 0.81171875 0.2138888890625 0.81953125 0.26944444375 0.8447916671875 0.2856481484375 0.8536458328125001 0.2773148140625 0.8729166671874999 0.26898148125 0.8916666671875 0.24953703749999998
0 0.9627604171874999 0.675 0.95859375 0.6824074078125 0.96015625 0.6944444437499999 0.9546875 0.6958333328124999 0.9463541671875 0.70601851875 0.94453125 0.7166666671875 0.9572916671874999 0.7106481484375 0.9778645828125001 0.7324074078125 0.9723958328125001 0.7449074078125 0.9635416671874999 0.75601851875 0.9994791671875 0.7726851859375 0.9989583328125 0.6254629625 0.9682291671875 0.6569444437499999 0.9627604171874999 0.675
0 0.6541666671875 0.7115740734375 0.6645833328124999 0.715277778125 0.6661458328125 0.7189814812499999 0.66953125 0.7166666671875 0.6625 0.64305555625 0.6075520828125 0.6453703703125 0.6065104171875 0.690740740625 0.6005208328125 0.7041666671875 0.59609375 0.70648148125 0.5950520828125 0.7268518515625 0.6049479171875001 0.7296296296875 0.6096354171875 0.7546296296875 0.6151041671875 0.7726851859375 0.6278645828125 0.734259259375 0.6385416671875 0.7115740734375 0.6541666671875 0.7115740734375
3 0.90859375 0.5453703703125 0.9028645828125 0.5203703703125 0.8778645828125 0.4611111109375 0.8596354171874999 0.42592592656250006 0.8375 0.3763888890625 0.821875 0.371759259375 0.8140625 0.3736111109375 0.8078125 0.36898148124999997 0.8005208328125001 0.371759259375 0.7986979171875 0.378703703125 0.8002604171875 0.3851851859375 0.809375 0.40231481406249997 0.8244791671874999 0.4171296296875 0.8395833328125001 0.4254629625 0.8731770828125001 0.4731481484375 0.8747395828125001 0.5129629625 0.8841145828125001 0.547222221875 0.8841145828125001 0.5601851859375 0.8877604171875 0.5833333328125 0.8877604171875 0.6046296296875 0.8893229171874999 0.615740740625 0.8916666671875 0.616203703125 0.8940104171875 0.6148148140624999 0.90859375 0.559259259375 0.90859375 0.5453703703125
0 0.0158854171875 0.5574074078125 0.010677082812499999 0.5259259265625 0.021875 0.5236111109375 0.025260417187500002 0.5148148140625 0.0005208328124999999 0.478240740625 0 0.603240740625 0.0231770828125 0.5833333328125 0.0231770828125 0.5694444437499999 0.0158854171875 0.5574074078125
0 0.8671875 0.6699074078125 0.87578125 0.6611111109375 0.8888020828125001 0.63055555625 0.8877604171875 0.5833333328125 0.8846354171874999 0.5648148140625 0.8841145828125001 0.546296296875 0.87578125 0.5175925921875 0.8671875 0.5023148140625 0.8338541671874999 0.46898148125 0.7807291671875001 0.4625 0.7270833328124999 0.44398148125 0.7638020828125 0.5648148140625 0.7791666671875 0.5986111109375 0.7955729171875 0.615740740625 0.7997395828125 0.6481481484375 0.8166666671874999 0.6736111109375 0.8234375 0.6736111109375 0.8255208328125001 0.684722221875 0.8421875 0.6773148140624999 0.8598958328125 0.6754629624999999 0.8671875 0.6699074078125
0 0.9546875 0.6949074078125 0.96015625 0.69351851875 0.95859375 0.68148148125 0.9627604171874999 0.6740740734374999 0.9682291671875 0.6560185187500001 0.9997395828125001 0.6240740734375 0.9606770828125001 0.6074074078125 0.9684895828125001 0.597222221875 0.9700520828125001 0.58148148125 0.9690104171874999 0.5518518515624999 0.9747395828125001 0.525 0.9736979171875 0.48425925937500003 0.96328125 0.46481481406249997 0.96796875 0.4361111109375 0.9671875 0.43379629687500004 0.953125 0.4365740734375 0.946875 0.4291666671875 0.93125 0.44398148125 0.9177083328125001 0.45231481406249996 0.9091145828125 0.4703703703125 0.9033854171875 0.4879629625 0.9033854171875 0.5175925921875 0.9158854171874999 0.521296296875 0.9158854171874999 0.54351851875 0.9122395828125001 0.577777778125 0.9033854171875 0.634259259375 0.8966145828125001 0.6555555562500001 0.91015625 0.6601851859375001 0.91328125 0.6805555562500001 0.91953125 0.690740740625 0.9216145828125001 0.7018518515625 0.91875 0.715277778125 0.9260416671874999 0.7199074078125001 0.934375 0.7208333328125 0.9432291671874999 0.7180555562500001 0.9458333328125 0.70601851875 0.9546875 0.6949074078125
0 0.9091145828125 0.45648148125 0.91484375 0.43981481406249995 0.9119791671874999 0.43009259218749996 0.8953125 0.408796296875 0.8859375 0.39027777812500003 0.8705729171875 0.36759259218749996 0.875 0.3550925921875 0.8791666671874999 0.3541666671875 0.8825520828125001 0.3481481484375 0.8825520828125001 0.34351851875 0.8645833328125001 0.33194444375 0.8645833328125001 0.3171296296875 0.85 0.3078703703125 0.8317708328125001 0.309722221875 0.8203125 0.32083333281250004 0.80078125 0.372222221875 0.8078125 0.36990740781250003 0.8140625 0.3745370375 0.821875 0.3726851859375 0.8375 0.3773148140625 0.8859375 0.4800925921875 0.8901041671875 0.47453703750000004 0.9005208328125001 0.47268518593750003 0.9091145828125 0.45648148125
0 0.8708333328125001 0.471759259375 0.8390625 0.4263888890625 0.8239583328125001 0.41805555625 0.8088541671874999 0.403240740625 0.7984375 0.38101851875000003 0.7950520828125 0.3861111109375 0.79296875 0.41851851875 0.7953125 0.440277778125 0.8015625 0.44120370312499996 0.8052083328125 0.4458333328125 0.8130208328125 0.4393518515625 0.8151041671874999 0.440277778125 0.8231770828125 0.45 0.825 0.4606481484375 0.834375 0.471759259375 0.8630208328125001 0.5004629625 0.8697916671874999 0.5041666671875 0.87421875 0.502777778125 0.87265625 0.475 0.8708333328125001 0.471759259375
0 0.23854166718749997 0.9300925921875001 0.2169270828125 0.934259259375 0.22421875 0.975 0.22369791718749998 0.9888888890624999 0.22552083281250002 0.9995370375 0.2604166671875 0.9995370375 0.2606770828125 0.9879629624999999 0.2549479171875 0.9648148140625 0.23854166718749997 0.9300925921875001