0 0.5513020828124999 0.7870370375 0.5528645828125 0.7759259265625 0.55703125 0.7675925921875 0.5536458328125 0.746759259375 0.5255208328125 0.7837962968750001 0.51796875 0.803703703125 0.48984375 0.8546296296874999 0.49322916718750004 0.858796296875 0.5041666671875 0.858796296875 0.5317708328124999 0.83101851875 0.55703125 0.8148148140625 0.5513020828124999 0.7870370375
0 0.9630208328125001 0.7430555562500001 0.9119791671874999 0.7976851859375 0.9059895828125001 0.8120370375 0.9059895828125001 0.828703703125 0.9192708328125001 0.8541666671874999 0.9299479171874999 0.8675925921875001 0.93515625 0.9009259265624999 0.9458333328125 0.915277778125 0.9895833328125001 0.93194444375 0.9994791671875 0.9393518515625001 0.9989583328125 0.6995370375000001 0.9682291671875 0.73194444375 0.9630208328125001 0.7430555562500001
0 0.2966145828125 0.8351851859374999 0.2830729171875 0.8101851859375 0.2791666671875 0.7949074078125 0.2638020828125 0.7916666671875 0.23932291718749998 0.8731481484374999 0.246875 0.8800925921875 0.2682291671875 0.8745370375 0.29140625 0.8509259265625 0.2966145828125 0.8351851859374999
2 0.9028645828125 0.40277777812500004 0.9080729171874999 0.303703703125 0.9138020828125001 0.2629629625 0.9078125 0.2513888890625 0.8947916671874999 0.24398148125 0.88125 0.241203703125 0.8658854171874999 0.29722222187499997 0.8575520828125001 0.3648148140625 0.8518229171874999 0.38703703749999996 0.8471354171875 0.434259259375 0.8484375 0.44768518593750006 0.8697916671874999 0.45416666718750004 0.8838541671875 0.45416666718750004 0.8924479171874999 0.447222221875 0.8966145828125001 0.4240740734375 0.9028645828125 0.40277777812500004
0 0.6307291671875 0.7254629625 0.6484375 0.7115740734375 0.6572916671875 0.7078703703125 0.6625 0.6976851859375001 0.675 0.6921296296875 0.69375 0.6958333328124999 0.6984375 0.691203703125 0.7049479171875 0.6777777781250001 0.6966145828125 0.64444444375 0.6760416671875 0.6319444437499999 0.6630208328125 0.633796296875 0.6588541671875 0.63101851875 0.6565104171875 0.6074074078125 0.6458333328125 0.5958333328125 0.6390625 0.5949074078125001 0.62734375 0.6148148140624999 0.6244791671875001 0.6393518515625 0.6 0.6495370375 0.5934895828125 0.6583333328125 0.5861979171875 0.6759259265625001 0.5815104171875001 0.6879629625 0.5807291671875 0.696759259375 0.5690104171875 0.703703703125 0.5716145828125 0.7231481484375 0.56953125 0.7361111109375 0.5658854171875001 0.74351851875 0.5716145828125 0.75555555625 0.5760416671875 0.7708333328125 0.5916666671875 0.7810185187500001 0.6109375 0.771759259375 0.6158854171875 0.752777778125 0.6307291671875 0.7254629625
0 0.8065104171874999 0.715740740625 0.8106770828125001 0.7111111109375 0.81015625 0.6805555562500001 0.8080729171875 0.6629629625 0.8106770828125001 0.6490740734375 0.7765625 0.6513888890625 0.7458333328125 0.6486111109375 0.7359375 0.6513888890625 0.7346354171875 0.652777778125 0.73515625 0.6666666671875 0.7208333328125 0.68194444375 0.7119791671875 0.6976851859375001 0.6984375 0.7004629625 0.6763020828124999 0.6925925921875 0.6895833328125 0.7171296296875 0.7098958328125 0.7458333328125 0.721875 0.758796296875 0.7354166671875 0.7625 0.7848958328125 0.7365740734374999 0.8104166671874999 0.7273148140625 0.8065104171874999 0.715740740625
0 0.5791666671875 0.8865740734375 0.5583333328125 0.8652777781250001 0.54375 0.8541666671874999 0.5348958328125 0.8393518515625 0.5182291671875 0.8541666671874999 0.48541666718750004 0.8615740734375 0.47864583281249995 0.8745370375 0.46015625 0.8759259265624999 0.46640625 0.9 0.49609375 0.95648148125 0.50078125 0.972222221875 0.5119791671875 0.9949074078125 0.5213541671875 0.9995370375 0.6203125 0.9995370375 0.61015625 0.9583333328125001 0.5955729171875 0.9120370375 0.5791666671875 0.8865740734375
0 0.70625 0.933796296875 0.7427083328124999 0.916203703125 0.73046875 0.8546296296874999 0.721875 0.8439814812499999 0.70625 0.83101851875 0.6869791671875001 0.8421296296874999 0.6765625 0.8513888890624999 0.6627604171875 0.8740740734375001 0.6596354171875001 0.897222221875 0.6541666671875 0.9087962968750001 0.6421875 0.9263888890624999 0.6338541671875 0.9263888890624999 0.62890625 0.93148148125 0.6341145828125 0.9685185187500001 0.6354166671875 0.9689814812499999 0.665625 0.9541666671875 0.6817708328125 0.9495370375000001 0.70625 0.933796296875
0 0.8052083328125 0 0.8161458328125001 0.017129629687500002 0.8708333328125001 0.017129629687500002 0.88359375 0.022222221875 0.89140625 0.1481481484375 0.89140625 0.1981481484375 0.8841145828125001 0.23240740781250002 0.8947916671874999 0.24583333281250003 0.9078125 0.2523148140625 0.9135416671875 0.26342592656249997 0.9328125 0.24398148125 0.9390625 0.24305555625 0.93828125 0.2759259265625 0.9481770828125 0.2824074078125 0.946875 0.2986111109375 0.9567708328125001 0.3023148140625 0.9796875 0.2828703703125 0.9908854171874999 0.2629629625 0.99296875 0.2166666671875 0.9997395828125001 0.20740740781250003 0.9997395828125001 0 0.8052083328125 0
1 0.2786458328125 0.4106481484375 0.2640625 0.41805555625 0.24583333281250003 0.42083333281249996 0.2299479171875 0.4296296296875 0.265625 0.46527777812500004 0.2692708328125 0.466203703125 0.2916666671875 0.46157407343749995 0.3033854171875 0.40833333281249995 0.2786458328125 0.4106481484375
2 0.20182291718749998 0.30555555624999997 0.20026041718749998 0.2824074078125 0.1955729171875 0.2546296296875 0.1893229171875 0.177777778125 0.1825520828125 0.055555556250000006 0.1661458328125 0.0476851859375 0.1588541671875 0.0476851859375 0.121875 0.05601851875 0.11015625 0.07685185156249999 0.11901041718750001 0.0981481484375 0.12005208281249999 0.1268518515625 0.11432291718750001 0.1833333328125 0.11223958281249999 0.23055555625 0.15677083281249998 0.28194444375 0.1963541671875 0.33194444375 0.1940104171875 0.3203703703125 0.20182291718749998 0.3111111109375 0.20182291718749998 0.30555555624999997