0 0.48671875 0.30555555624999997 0.4778645828125 0.27870370312500004 0.4703125 0.26435185156249996 0.4640625 0.266203703125 0.4596354171875 0.2898148140625 0.46119791718750003 0.302777778125 0.47057291718750005 0.3203703703125 0.47682291718750003 0.3453703703125 0.48125 0.3495370375 0.4859375 0.334722221875 0.49921875 0.32685185156249996 0.48671875 0.30555555624999997
0 0.9427083328125001 0.5763888890625 0.93046875 0.5851851859375 0.93203125 0.602777778125 0.9359375 0.616203703125 0.9302083328125 0.6180555562500001 0.9114583328125001 0.6152777781250001 0.8986979171874999 0.625 0.89765625 0.6398148140625 0.9005208328125001 0.6550925921874999 0.909375 0.6625 0.9200520828125001 0.6611111109375 0.91328125 0.678703703125 0.9216145828125001 0.7009259265625001 0.9291666671875 0.7134259265625 0.95 0.7106481484375 0.9994791671875 0.7208333328125 0.9994791671875 0.5726851859375001 0.9697916671875 0.5800925921875 0.9427083328125001 0.5763888890625
3 0.8002604171875 0.525 0.7981770828125 0.49629629687500004 0.7893229171875 0.465740740625 0.775 0.4578703703125 0.7619791671875 0.4578703703125 0.7546875 0.46342592656250003 0.7533854171875001 0.48981481406249994 0.7776041671875 0.5356481484375 0.8020833328125001 0.5708333328124999 0.8080729171875 0.565740740625 0.81171875 0.5490740734374999 0.8002604171875 0.525
0 0.1184895828125 0 0.1174479171875 0.045370370312500005 0.1203125 0.0504629625 0.128125 0.0634259265625 0.1427083328125 0.07638888906249999 0.17916666718750002 0.10138888906250001 0.17890625 0.08518518593749999 0.1872395828125 0.052777778124999994 0.1747395828125 0.0361111109375 0.1729166671875 0 0.1184895828125 0
0 0.3044270828125 0 0.31953125 0.018518518749999997 0.32760416718749996 0.0458333328125 0.3359375 0.0476851859375 0.34375 0.0634259265625 0.35 0.06527777812499999 0.35598958281250004 0.0574074078125 0.3643229171875 0.0379629625 0.3661458328125 0 0.3044270828125 0
3 0.9994791671875 0.078240740625 0.984375 0.0745370375 0.9723958328125001 0.0671296296875 0.95625 0.0726851859375 0.9200520828125001 0.0731481484375 0.92109375 0.0953703703125 0.93125 0.1125 0.9541666671875 0.12361111093749999 0.9729166671874999 0.1384259265625 0.9854166671875 0.140277778125 0.9953125 0.133796296875 0.9997395828125001 0.12592592656249998 0.9994791671875 0.078240740625
0 0.9471354171874999 0.93148148125 0.9455729171874999 0.8953703703125001 0.95625 0.8875 0.9760416671875 0.8828703703125 0.9997395828125001 0.8861111109375001 0.9997395828125001 0.8648148140625 0.9893229171875 0.8361111109375001 0.98203125 0.8083333328125001 0.9721354171875 0.7953703703125 0.9700520828125001 0.7851851859375001 0.9703125 0.7810185187500001 0.9791666671874999 0.7754629625 0.99375 0.771759259375 0.9966145828125 0.76851851875 0.9997395828125001 0.7601851859375001 0.9994791671875 0.7199074078125001 0.9411458328125001 0.709722221875 0.9291666671875 0.7125 0.9252604171875 0.7203703703125 0.9236979171874999 0.7666666671875 0.9169270828125 0.796296296875 0.92109375 0.8481481484375 0.9216145828125001 0.9203703703125001 0.9088541671874999 0.8995370375 0.90859375 0.9018518515625 0.9106770828125 0.9203703703125001 0.9221354171874999 0.9768518515625001 0.9458333328125 0.9828703703125001 0.9455729171874999 0.9620370375 0.9513020828125001 0.9509259265625 0.9471354171874999 0.93148148125
0 0.35546875 0.0981481484375 0.3518229171875 0.08518518593749999 0.3489583328125 0.0800925921875 0.3380208328125 0.0828703703125 0.3260416671875 0.071759259375 0.31875 0.0773148140625 0.3182291671875 0.0791666671875 0.3270833328125 0.0865740734375 0.3372395828125 0.102777778125 0.3361979171875 0.12129629687500001 0.34322916718749996 0.1245370375 0.35208333281250004 0.11620370312499999 0.35494791718749996 0.1074074078125 0.35546875 0.0981481484375
0 0.5645833328125 0.9263888890624999 0.5494791671875 0.9208333328125 0.5078125 0.9171296296874999 0.5005208328124999 0.9171296296874999 0.48619791718750005 0.9379629625 0.46328125 0.9990740734375001 0.5942708328124999 0.9995370375 0.59296875 0.978703703125 0.5752604171875 0.9509259265625 0.5645833328125 0.9263888890624999
0 0.40729166718750004 0.23194444375 0.4075520828125 0.2166666671875 0.4036458328125 0.20694444375 0.3921875 0.20231481406250001 0.37447916718749996 0.18101851875 0.3619791671875 0.1763888890625 0.35208333281250004 0.1763888890625 0.340625 0.178240740625 0.3361979171875 0.184259259375 0.3419270828125 0.20648148125 0.3609375 0.24305555625 0.40208333281249997 0.253240740625 0.41875 0.26898148125 0.43177083281249995 0.2773148140625 0.44817708281249996 0.2509259265625 0.44166666718750003 0.24212962968750001 0.40729166718750004 0.23194444375
0 0 0 0 0.06435185156249999 0.0182291671875 0.0393518515625 0.0403645828125 0 0 0
3 0.5216145828125 0.48981481406249994 0.5278645828124999 0.478703703125 0.5278645828124999 0.459259259375 0.52578125 0.4481481484375 0.5109375 0.42083333281249996 0.4916666671875 0.3986111109375 0.48463541718750003 0.409259259375 0.47682291718750003 0.440740740625 0.4692708328125 0.4458333328125 0.46276041718750005 0.45555555625000005 0.4622395828125 0.440740740625 0.4682291671875 0.4356481484375 0.4752604171875 0.42129629687500003 0.4731770828125 0.40555555625000006 0.47473958281249995 0.40092592656250003 0.47760416718750004 0.39305555625 0.4859375 0.39398148125 0.48619791718750005 0.3861111109375 0.48151041718750004 0.35 0.47682291718750003 0.3453703703125 0.47057291718750005 0.3203703703125 0.46119791718750003 0.3018518515625 0.4596354171875 0.2888888890625 0.46380208281249996 0.26574074062499997 0.46197916718750004 0.24953703749999998 0.45416666718750004 0.2486111109375 0.44895833281249997 0.2513888890625 0.43177083281249995 0.2773148140625 0.4 0.2523148140625 0.3614583328125 0.24305555625 0.3515625 0.24953703749999998 0.32890625 0.29722222187499997 0.31953125 0.325 0.31692708281250004 0.34351851875 0.3145833328125 0.39027777812500003 0.2838541671875 0.3393518515625 0.2630208328125 0.3115740734375 0.240625 0.2921296296875 0.2309895828125 0.296296296875 0.22942708281250002 0.303703703125 0.23307291718749998 0.3166666671875 0.2549479171875 0.352777778125 0.2270833328125 0.3523148140625 0.22526041718749998 0.36944444375 0.2322916671875 0.3828703703125 0.2401041671875 0.378240740625 0.2515625 0.391203703125 0.278125 0.3958333328125 0.3203125 0.4171296296875 0.3216145828125 0.41944444374999995 0.31953125 0.44351851875000003 0.3229166671875 0.4495370375 0.34375 0.4550925921875 0.3869791671875 0.4986111109375 0.40208333281249997 0.4763888890625 0.41510416718750004 0.478240740625 0.4369791671875 0.4893518515625 0.45520833281249995 0.503240740625 0.4739583328125 0.5319444437499999 0.48802083281249997 0.5384259265625 0.5140625 0.51898148125 0.52109375 0.50648148125 0.5216145828125 0.48981481406249994
3 0.1731770828125 0 0.1747395828125 0.0361111109375 0.1872395828125 0.053703703125 0.17890625 0.0861111109375 0.1794270828125 0.10185185156250001 0.1856770828125 0.1111111109375 0.18359375 0.13055555624999998 0.1888020828125 0.15 0.1927083328125 0.15694444375 0.1963541671875 0.1625 0.20833333281250002 0.16898148125 0.21510416718749997 0.178240740625 0.2666666671875 0.17268518593749999 0.2880208328125 0.18379629687500001 0.3083333328125 0.17916666718750002 0.3309895828125 0.14351851875 0.33671875 0.12222222187500001 0.3377604171875 0.102777778125 0.32760416718749996 0.0875 0.31875 0.0800925921875 0.3192708328125 0.078240740625 0.3265625 0.0726851859375 0.3385416671875 0.083796296875 0.34609375 0.08148148125 0.3424479171875 0.061111110937500004 0.3375 0.0495370375 0.3278645828125 0.046296296875 0.31979166718749996 0.01805555625 0.3046875 0 0.1731770828125 0
0 0.2455729171875 0.9583333328125001 0.23333333281250002 0.9421296296874999 0.2203125 0.9365740734375001 0.1822916671875 0.9365740734375001 0.1614583328125 0.928240740625 0.11432291718750001 0.9305555562500001 0.1216145828125 0.98055555625 0.121875 0.9995370375 0.2286458328125 0.9995370375 0.2421875 0.9986111109375001 0.24505208281250002 0.98055555625 0.2455729171875 0.9583333328125001
0 0 0.9472222218749999 0.0114583328125 0.9449074078124999 0.0479166671875 0.9800925921875001 0.05546875 0.9574074078124999 0.06119791718749999 0.9231481484374999 0.0575520828125 0.89444444375 0.06015625 0.8666666671875 0.05390625 0.8490740734375001 0.0486979171875 0.8074074078125 0.03828125 0.7638888890625 0.025520832812499998 0.74398148125 0 0.7226851859375001 0 0.9472222218749999