0 0.9375 0.0986111109375 0.9229166671875 0.0828703703125 0.9041666671874999 0.08101851875 0.8911458328125 0.0986111109375 0.8791666671874999 0.10694444375 0.8640625 0.1300925921875 0.8231770828125 0.1833333328125 0.8419270828125001 0.22407407343750002 0.84140625 0.28796296250000003 0.8364583328125 0.2986111109375 0.871875 0.32453703749999996 0.8911458328125 0.3328703703125 0.9 0.3449074078125 0.9046875 0.35601851875 0.928125 0.35972222187499997 0.9994791671875 0.4171296296875 0.9989583328125 0.13935185156250002 0.9692708328125 0.1245370375 0.9375 0.0986111109375
0 0.6440104171875001 0.1861111109375 0.63984375 0.1666666671875 0.63359375 0.0731481484375 0.6278645828125 0.0175925921875 0.6223958328125 0.003240740625 0.6125 0.00601851875 0.5807291671875 0.0041666671875 0.5752604171875 0.0148148140625 0.5486979171875 0.1101851859375 0.5372395828125 0.16851851874999998 0.54375 0.184722221875 0.55 0.19120370312499999 0.5578125 0.1634259265625 0.6078125 0.1745370375 0.6440104171875001 0.1861111109375
0 0.7203125 0.4365740734375 0.72734375 0.43148148124999997 0.73359375 0.4175925921875 0.7252604171875 0.3990740734375 0.7291666671875 0.384722221875 0.7364583328125 0.3773148140625 0.7541666671875 0.3763888890625 0.7606770828125 0.3638888890625 0.75859375 0.27870370312500004 0.7557291671875 0.2671296296875 0.7453125 0.2606481484375 0.73125 0.258796296875 0.7223958328125 0.2736111109375 0.696875 0.30046296250000004 0.690625 0.2949074078125 0.6690104171875 0.29444444375 0.6721354171875 0.3129629625 0.67265625 0.378703703125 0.6768229171875 0.403703703125 0.67890625 0.46388888906250003 0.6885416671875 0.46898148125 0.7078125 0.45324074062499997 0.7078125 0.440277778125 0.7203125 0.4365740734375
0 0.6127604171875001 0.6 0.6111979171875 0.5759259265625001 0.60390625 0.5425925921875 0.6018229171875 0.522222221875 0.6013020828125 0.4509259265625 0.5822916671875 0.44490740781250004 0.5893229171875001 0.434259259375 0.5713541671875 0.4050925921875 0.5526041671875 0.40416666718750005 0.5411458328125 0.396759259375 0.53828125 0.42314814843750004 0.5338541671875 0.43009259218749996 0.5161458328124999 0.43194444374999996 0.4895833328125 0.44490740781250004 0.47057291718750005 0.46388888906250003 0.46796875 0.47222222187499996 0.4752604171875 0.490740740625 0.47682291718750003 0.51944444375 0.47682291718750003 0.527777778125 0.47265625 0.54444444375 0.49010416718750005 0.5486111109375 0.5057291671875 0.5615740734375 0.51171875 0.5879629625 0.5192708328125 0.5986111109375 0.5432291671875 0.5958333328125 0.55 0.6078703703125 0.5588541671875 0.6115740734374999 0.5393229171875 0.652777778125 0.5625 0.6569444437499999 0.5721354171875 0.6555555562500001 0.575 0.621759259375 0.6127604171875001 0.6
0 0.7411458328125 0.7162037031249999 0.7833333328125 0.7189814812499999 0.79921875 0.7083333328125 0.7924479171875001 0.6574074078125001 0.7903645828125 0.609259259375 0.78046875 0.6009259265625 0.7776041671875 0.571759259375 0.7692708328125 0.566203703125 0.7526041671875 0.5643518515625 0.7515625 0.5763888890625 0.7411458328125 0.5726851859375001 0.72265625 0.5796296296875 0.74921875 0.5944444437499999 0.7033854171875 0.640740740625 0.69765625 0.690740740625 0.6984375 0.7356481484375 0.7130208328125 0.7236111109375 0.7244791671875 0.7226851859375001 0.7411458328125 0.7162037031249999
0 0.23463541718749997 0.984259259375 0.23359375 0.978703703125 0.24505208281250002 0.875 0.25234375 0.825 0.25052083281250004 0.816203703125 0.24322916718749998 0.821759259375 0.2377604171875 0.8361111109375001 0.23411458281250003 0.8546296296874999 0.22890625 0.91944444375 0.2244791671875 0.940277778125 0.21328125 0.940740740625 0.20703125 0.9648148140625 0.2049479171875 0.9824074078124999 0.2065104171875 0.99351851875 0.2078125 0.9986111109375001 0.2166666671875 0.9995370375 0.2838541671875 0.9995370375 0.2713541671875 0.9921296296875 0.23697916718749998 0.9856481484374999 0.23463541718749997 0.984259259375
0 0.2552083328125 0.7050925921875 0.2484375 0.703240740625 0.24348958281250002 0.753703703125 0.24244791718749997 0.7916666671875 0.25729166718749996 0.7921296296875 0.2606770828125 0.7601851859375001 0.26901041718749996 0.7148148140624999 0.2552083328125 0.7050925921875
0 0.8283854171874999 0.9620370375 0.82578125 0.9351851859375 0.8171875 0.9208333328125 0.7703125 0.8875 0.7619791671875 0.878240740625 0.7572916671875001 0.86898148125 0.7333333328125 0.8430555562500001 0.703125 0.81898148125 0.69453125 0.8518518515625001 0.6864583328125 0.8736111109375001 0.6565104171875 0.9009259265624999 0.6643229171875 0.9305555562500001 0.6635416671875001 0.9995370375 0.8442708328125 0.9995370375 0.84296875 0.9870370375 0.8354166671875 0.98101851875 0.8283854171874999 0.9620370375
3 0.85703125 0.8768518515625001 0.8549479171875 0.8574074078124999 0.8559895828125 0.827777778125 0.8442708328125 0.8356481484374999 0.8265625 0.840277778125 0.8130208328125 0.8375 0.80625 0.83194444375 0.79921875 0.8175925921875 0.79765625 0.7953703703125 0.7924479171875001 0.7666666671875 0.7971354171875 0.7370370375 0.7890625 0.721759259375 0.7828125 0.7180555562500001 0.7734375 0.7180555562500001 0.76953125 0.7398148140624999 0.76796875 0.784259259375 0.77109375 0.8129629625 0.7794270828125 0.8453703703125001 0.7971354171875 0.8546296296874999 0.79921875 0.8703703703125001 0.79921875 0.8916666671875 0.8151041671874999 0.909722221875 0.8484375 0.9115740734375001 0.86953125 0.9064814812499999 0.8606770828125001 0.89351851875 0.85703125 0.8768518515625001
1 0.30546875 0.25648148125 0.3075520828125 0.23333333281250002 0.2984375 0.2171296296875 0.2916666671875 0.21435185156249997 0.2786458328125 0.21898148125 0.27109375 0.22777777812500002 0.2658854171875 0.24351851875000002 0.2643229171875 0.2666666671875 0.2669270828125 0.28055555625 0.27395833281250004 0.2893518515625 0.28072916718749996 0.290277778125 0.2901041671875 0.2865740734375 0.30130208281250004 0.26944444375 0.30546875 0.25648148125
0 0.28463541718749996 0.5962962968750001 0.29140625 0.5546296296875 0.2950520828125 0.546296296875 0.2864583328125 0.5245370375 0.2635416671875 0.5375 0.2557291671875 0.5458333328125 0.2513020828125 0.5574074078125 0.2502604171875 0.6 0.2455729171875 0.63055555625 0.24296875 0.6620370375 0.2481770828125 0.7018518515625 0.26875 0.7134259265625 0.27265625 0.7018518515625 0.27890625 0.6564814812499999 0.28463541718749996 0.5962962968750001
0 0 0.7333333328125 0.0135416671875 0.7365740734374999 0.056770832812500005 0.7365740734374999 0.0731770828125 0.7351851859375 0.08151041718749999 0.709259259375 0.08671875 0.6703703703125 0.08463541718749999 0.6583333328125 0.0783854171875 0.640740740625 0.0700520828125 0.634259259375 0.0442708328125 0.578240740625 0.0328125 0.56898148125 0.0161458328125 0.5615740734375 0 0.540277778125 0 0.7333333328125