0 0 0 0 0.13287037031249999 0.015625 0.1208333328125 0.0322916671875 0.0828703703125 0.071875 0.0458333328125 0.10625 0.1004629625 0.1708333328125 0.1106481484375 0.190625 0.141203703125 0.21171875 0.06944444375 0.2182291671875 0 0 0
3 0.3 0.6347222218749999 0.3151041671875 0.6421296296875 0.3338541671875 0.6393518515625 0.3346354171875 0.60555555625 0.32734375 0.5481481484375 0.31640625 0.49351851875 0.3018229171875 0.44629629687500005 0.30390625 0.42870370312499995 0.30130208281250004 0.4018518515625 0.26875 0.3578703703125 0.20833333281250002 0.290277778125 0.15625 0.25601851875000003 0.1236979171875 0.39351851875 0.11640625 0.4546296296875 0.11796875 0.48703703750000005 0.1091145828125 0.5009259265625 0.1080729171875 0.534259259375 0.1109375 0.5495370375 0.1234375 0.5513888890625 0.1307291671875 0.5578703703125 0.1354166671875 0.571759259375 0.140625 0.5726851859375001 0.15572916718750002 0.5865740734375 0.17916666718750002 0.5921296296875 0.19140625 0.5981481484375 0.15546875 0.621296296875 0.17421875 0.68148148125 0.1765625 0.68194444375 0.2536458328125 0.678240740625 0.2848958328125 0.653240740625 0.3 0.6347222218749999
2 0.1903645828125 0.1425925921875 0.1703125 0.1115740734375 0.1078125 0.10138888906250001 0.06875 0.1263888890625 0.059114582812500004 0.21296296250000002 0.0953125 0.2384259265625 0.1734375 0.1949074078125 0.19088541718750002 0.15092592656249998 0.1903645828125 0.1425925921875
0 0.20078125 0.7870370375 0.19609375 0.759259259375 0.1768229171875 0.690740740625 0.13984375 0.5731481484375001 0.1348958328125 0.571759259375 0.1307291671875 0.5578703703125 0.1234375 0.5513888890625 0.1166666671875 0.5504629624999999 0.109375 0.5550925921875 0.10442708281249999 0.5620370375 0.10546875 0.5833333328125 0.11015625 0.590740740625 0.103125 0.5939814812499999 0.0856770828125 0.6166666671875001 0.08151041718749999 0.6333333328124999 0.07890625 0.6620370375 0.06588541718749999 0.7120370375 0.08125 0.70601851875 0.10859375 0.7240740734375 0.09244791718749999 0.75555555625 0.08671875 0.796296296875 0.0940104171875 0.8083333328125001 0.0979166671875 0.8328703703125001 0.1145833328125 0.85601851875 0.1317708328125 0.871759259375 0.1786458328125 0.8449074078125 0.1963541671875 0.8245370375000001 0.20078125 0.7870370375
3 0.0393229171875 0.4546296296875 0 0.40231481406249997 0.0002604171875 0.4768518515625 0.0184895828125 0.559259259375 0.0372395828125 0.5981481484375 0.0421875 0.6041666671875 0.05598958281250001 0.6009259265625 0.06692708281250001 0.5231481484375 0.0393229171875 0.4546296296875
0 0 0.4754629625 0.0005208328124999999 0.6504629625 0.0346354171875 0.609259259375 0.0184895828125 0.559259259375 0 0.4754629625
0 0.20442708281250002 0.8666666671875 0.24296875 0.70648148125 0.2520833328125 0.6791666671875001 0.17421875 0.6833333328125 0.19609375 0.759259259375 0.19973958281249998 0.7805555562500001 0.20078125 0.7888888890625 0.1971354171875 0.8231481484375 0.1786458328125 0.8449074078125 0.1299479171875 0.872222221875 0.1359375 0.8791666671874999 0.14140625 0.890740740625 0.13671875 0.9203703703125001 0.1278645828125 0.9648148140625 0.11510416718750001 0.98194444375 0.10651041718750001 0.9990740734375001 0.1510416671875 0.9995370375 0.16067708281249998 0.9981481484374999 0.1888020828125 0.9175925921875001 0.20442708281250002 0.8666666671875
0 0.15572916718750002 0.5865740734375 0.140625 0.5726851859375001 0.1549479171875 0.6203703703125 0.15677083281249998 0.6208333328125 0.19140625 0.5981481484375 0.17916666718750002 0.5921296296875 0.15572916718750002 0.5865740734375
0 0.0809895828125 0.6370370375000001 0.08515625 0.6166666671875001 0.10260416718750001 0.5939814812499999 0.1096354171875 0.590740740625 0.1049479171875 0.5833333328125 0.10390625 0.5620370375 0.1088541671875 0.5550925921875 0.1158854171875 0.5509259265625001 0.11041666718750001 0.5495370375 0.1091145828125 0.54444444375 0.10755208281249999 0.534259259375 0.1080729171875 0.5083333328124999 0.10859375 0.5009259265625 0.1174479171875 0.48703703750000005 0.1158854171875 0.45370370312499997 0.12291666718750001 0.39305555625 0.0799479171875 0.38333333281250004 0.08203125 0.43333333281249997 0.0809895828125 0.45185185156249996 0.075 0.45416666718750004 0.07421875 0.4574074078125 0.0721354171875 0.48055555625 0.07369791718749999 0.5 0.06640625 0.5268518515625 0.05598958281250001 0.6009259265625 0.04453125 0.6611111109375 0.04921875 0.70648148125 0.0546875 0.7254629625 0.06640625 0.7101851859375 0.07890625 0.6620370375 0.0809895828125 0.6370370375000001
0 0.0744791671875 0.4550925921875 0.08046875 0.45277777812500003 0.08151041718749999 0.44166666718750003 0.08046875 0.409259259375 0.07109375 0.372222221875 0.05703125 0.352777778125 0.0575520828125 0.31851851875000003 0.051302082812500004 0.3111111109375 0.0450520828125 0.290740740625 0.0348958328125 0.28194444375 0.0223958328125 0.258796296875 0.0135416671875 0.2625 0.0059895828125 0.2833333328125 0.0059895828125 0.2953703703125 0.0119791671875 0.2995370375 0.0203125 0.30046296250000004 0.0231770828125 0.30740740781250003 0.0221354171875 0.31759259218749997 0.01640625 0.3324074078125 0.0169270828125 0.35648148125 0.0122395828125 0.36759259218749996 0.0122395828125 0.3953703703125 0.025 0.4106481484375 0.0364583328125 0.4291666671875 0.0421875 0.43379629687500004 0.0723958328125 0.4986111109375 0.07161458281250001 0.48148148125 0.07369791718749999 0.4583333328125 0.0744791671875 0.4550925921875
0 0.99921875 0.8435185187500001 0.98359375 0.8240740734375 0.9971354171875 0.8027777781250001 0.9997395828125001 0.7861111109375 0.9739583328125001 0.7893518515625 0.9861979171874999 0.765740740625 0.971875 0.7486111109375 0.9260416671874999 0.7671296296875 0.9177083328125001 0.7736111109375 0.9192708328125001 0.7958333328125 0.884375 0.8236111109375001 0.8747395828125001 0.847222221875 0.8684895828125001 0.8768518515625001 0.87890625 0.88055555625 0.8763020828125001 0.909259259375 0.8635416671874999 0.9023148140625 0.8596354171874999 0.91851851875 0.8604166671875 0.921759259375 0.8807291671874999 0.9393518515625001 0.9036458328125001 0.93101851875 0.925 0.9069444437499999 0.9375 0.928240740625 0.9713541671874999 0.9393518515625001 0.9994791671875 0.9828703703125001 0.9997395828125001 0.89351851875 0.9872395828125 0.88055555625 0.99921875 0.8435185187500001