3 0 0.44907407343749994 0.014583332812499999 0.4865740734375 0.0348958328125 0.5013888890625 0.0455729171875 0.49351851875 0.05338541718749999 0.45277777812500003 0.07369791718749999 0.3759259265625 0.058854167187499994 0.3421296296875 0.04375 0.33101851875 0.0302083328125 0.3171296296875 0.0020833328125000002 0.30046296250000004 0 0.3231481484375 0 0.44907407343749994
3 0.54453125 0.8324074078124999 0.55703125 0.76851851875 0.5520833328125 0.7625 0.5411458328125 0.7569444437499999 0.5333333328125 0.7569444437499999 0.5208333328125 0.7495370375 0.5091145828125 0.7648148140625 0.5002604171875 0.8416666671874999 0.5018229171875 0.8620370375 0.5145833328125 0.8847222218749999 0.5223958328125 0.8847222218749999 0.5291666671875 0.883796296875 0.5388020828125 0.8740740734375001 0.54453125 0.8324074078124999
0 0.1598958328125 0 0.1580729171875 0.0018518515625 0.15703125 0.025 0.1598958328125 0.029166667187500002 0.1822916671875 0.03101851875 0.21458333281250003 0.028240740625 0.2557291671875 0.029166667187500002 0.2604166671875 0.0208333328125 0.2653645828125 0.021296296875000002 0.2684895828125 0 0.1598958328125 0
0 0.87109375 0.0259259265625 0.9010416671874999 0.0236111109375 0.909375 0.0143518515625 0.9174479171875 0 0.7796875 0.0013888890625 0.7924479171875001 0.04351851875 0.8059895828125001 0.059259259375 0.80546875 0.071296296875 0.8153645828125 0.0953703703125 0.8177083328125001 0.09675925937499999 0.828125 0.09120370312500001 0.8346354171874999 0.10370370312499999 0.8515625 0.1513888890625 0.8544270828125 0.10833333281249999 0.8533854171874999 0.0888888890625 0.87109375 0.0259259265625
2 0.2692708328125 0 0.2658854171875 0.022222221875 0.2609375 0.021759259375 0.2528645828125 0.040740740625 0.25234375 0.05 0.26119791718749996 0.0574074078125 0.26171875 0.0870370375 0.2697916671875 0.0976851859375 0.2869791671875 0.0976851859375 0.303125 0.0921296296875 0.3114583328125 0.0921296296875 0.3734375 0.1004629625 0.3973958328125 0.09398148125 0.403125 0.0893518515625 0.40989583281249997 0.0893518515625 0.41510416718750004 0.078240740625 0.428125 0.08194444375 0.4330729171875 0.065740740625 0.4341145828125 0.0296296296875 0.42552083281249997 0.015277778124999999 0.40208333281249997 0.010648148437500001 0.396875 0 0.2692708328125 0
0 0.56484375 0.10370370312499999 0.57265625 0.077777778125 0.5705729171875 0.061111110937500004 0.56484375 0.045370370312500005 0.5653645828125 0.0120370375 0.5640625 0.0004629625 0.47161458281249996 0 0.49192708281249997 0.046296296875 0.5223958328125 0.12361111093749999 0.5333333328125 0.128240740625 0.5421875 0.1199074078125 0.5455729171875 0.13333333281249998 0.5489583328125 0.134722221875 0.5552083328124999 0.13287037031249999 0.5643229171875 0.125 0.56484375 0.10370370312499999
0 0.3252604171875 0.584259259375 0.3294270828125 0.5314814812499999 0.3359375 0.5254629625 0.4088541671875 0.515277778125 0.5145833328125 0.50601851875 0.5197916671875 0.5013888890625 0.5390625 0.503240740625 0.53671875 0.471296296875 0.53828125 0.45370370312499997 0.55234375 0.44259259218749997 0.55078125 0.4203703703125 0.54296875 0.39074074062499997 0.54296875 0.372222221875 0.5393229171875 0.353703703125 0.5317708328124999 0.346759259375 0.5166666671875 0.3449074078125 0.5072916671875001 0.3393518515625 0.49765625 0.3583333328125 0.48151041718750004 0.43055555625 0.47760416718750004 0.4421296296875 0.43541666718750005 0.4513888890625 0.43255208281249996 0.43333333281249997 0.44296875 0.43333333281249997 0.44557291718750003 0.4240740734375 0.44557291718750003 0.397222221875 0.44296875 0.375 0.44244791718750004 0.3518518515625 0.43828125 0.33148148125 0.42760416718750005 0.3328703703125 0.4231770828125 0.3546296296875 0.4135416671875 0.3745370375 0.4010416671875 0.3773148140625 0.3997395828125 0.38148148125 0.3986979171875 0.3898148140625 0.40598958281249997 0.4203703703125 0.40703125 0.4370370375 0.41796875 0.43333333281249997 0.40833333281249995 0.4606481484375 0.3854166671875 0.46805555625000006 0.35989583281250004 0.471759259375 0.3463541671875 0.4606481484375 0.315625 0.4875 0.30625 0.49768518593750005 0.3 0.5097222218749999 0.2911458328125 0.5143518515625 0.28125 0.508796296875 0.2708333328125 0.49490740781250003 0.26510416718749996 0.4921296296875 0.25833333281250004 0.496759259375 0.2565104171875 0.503703703125 0.25338541718749996 0.5425925921875 0.2596354171875 0.5648148140625 0.26484375 0.5694444437499999 0.2643229171875 0.5888888890625 0.28177083281250004 0.6273148140625 0.2877604171875 0.627777778125 0.2901041671875 0.640277778125 0.3151041671875 0.6625 0.32864583281250004 0.665277778125 0.33046875 0.63055555625 0.3299479171875 0.6 0.3252604171875 0.584259259375
0 0.73046875 0.9990740734375001 0.7723958328125 0.9995370375 0.7611979171875001 0.95 0.7447916671875 0.9060185187500001 0.73046875 0.9990740734375001
3 0.60390625 0.8833333328125 0.60703125 0.85555555625 0.60703125 0.8222222218749999 0.6044270828125 0.7990740734374999 0.5895833328125 0.7875 0.5640625 0.7875 0.5528645828125 0.8 0.54453125 0.8324074078124999 0.5388020828125 0.8740740734375001 0.5455729171875 0.89444444375 0.5567708328125 0.9087962968750001 0.5666666671875 0.916203703125 0.5833333328125 0.916203703125 0.5890625 0.9125 0.5963541671875 0.9023148140625 0.60390625 0.8833333328125
3 0.5416666671875 0.9458333328125 0.5177083328125 0.9541666671875 0.5111979171875001 0.9685185187500001 0.5049479171875 0.997222221875 0.5052083328125 0.9995370375 0.5453125 0.9995370375 0.5528645828125 0.9611111109375001 0.5473958328124999 0.9495370375000001 0.5416666671875 0.9458333328125
0 0.3859375 0.5578703703125 0.3765625 0.5708333328124999 0.35598958281250004 0.590740740625 0.3640625 0.6328703703125 0.42161458281249997 0.5601851859375 0.41770833281249997 0.528240740625 0.3859375 0.5578703703125
0 0.47734375 0.9074074078125 0.4877604171875 0.8666666671875 0.49609375 0.85555555625 0.49921875 0.8435185187500001 0.5091145828125 0.7648148140625 0.5208333328125 0.7495370375 0.5338541671875 0.7569444437499999 0.5416666671875 0.7569444437499999 0.5526041671875 0.7625 0.5544270828125 0.7425925921875 0.56640625 0.696296296875 0.5596354171875 0.652777778125 0.5427083328125 0.6263888890625 0.5208333328125 0.6041666671875 0.509375 0.584722221875 0.5 0.5912037031249999 0.49322916718750004 0.5995370375 0.4778645828125 0.625 0.45546875 0.7129629625 0.43255208281249996 0.8296296296874999 0.43567708281249995 0.896296296875 0.40338541718750004 0.89444444375 0.40052083281249995 0.9199074078124999 0.41875 0.9300925921875001 0.4369791671875 0.933796296875 0.43828125 0.9472222218749999 0.4427083328125 0.9476851859375 0.46640625 0.9425925921875 0.4674479171875 0.9240740734375 0.47734375 0.9074074078125
0 0 0.225 0.0984375 0.2865740734375 0.109375 0.2856481484375 0.1125 0.2828703703125 0.11822916718750001 0.2773148140625 0.12838541718750002 0.259259259375 0.14296875 0.19444444375 0.11145833281249999 0.1708333328125 0.06770833281250001 0.1458333328125 0.0140625 0.1041666671875 0.0041666671875 0.09953703750000001 0 0.10138888906250001 0 0.225