0 0.2609375 0 0.2638020828125 0.030555556249999997 0.2721354171875 0.075 0.2736979171875 0.125 0.2984375 0.13194444375 0.309375 0.141203703125 0.32083333281250004 0.146759259375 0.33125 0.146759259375 0.353125 0.14398148125000002 0.36015625 0.11851851875 0.3643229171875 0.1101851859375 0.36875 0.10231481406250001 0.3752604171875 0.10092592656249999 0.3778645828125 0.0870370375 0.3690104171875 0.059259259375 0.3700520828125 0.040740740625 0.3578125 0.0356481484375 0.3513020828125 0.0240740734375 0.3513020828125 0.00555555625 0.3489583328125 0 0.2609375 0
0 0.21614583281250002 0.10601851874999998 0.2328125 0.10694444375 0.24322916718749998 0.10138888906250001 0.2567708328125 0.103240740625 0.2518229171875 0.0574074078125 0.23932291718749998 0.0009259265625 0.00390625 0 0.0890625 0.1476851859375 0.1807291671875 0.11435185156250001 0.2 0.0976851859375 0.21614583281250002 0.10601851874999998
0 0.22109375 0.3546296296875 0.18697916718750002 0.30416666718749996 0.11614583281249999 0.2375 0.08645833281250001 0.1986111109375 0.04375 0.15694444375 0.00078125 0.1268518515625 0 0.22870370312500002 0.0153645828125 0.246296296875 0.0203125 0.291203703125 0.10833333281249999 0.3726851859375 0.159375 0.3513888890625 0.1677083328125 0.3449074078125 0.1744791671875 0.3356481484375 0.1901041671875 0.3375 0.19765625 0.34722222187499996 0.1950520828125 0.3740740734375 0.19583333281249998 0.40046296249999996 0.2049479171875 0.39074074062499997 0.20963541718749998 0.3703703703125 0.22109375 0.3546296296875
0 0.459375 0.6041666671875 0.43645833281249996 0.616203703125 0.4291666671875 0.6273148140625 0.41302083281249996 0.6356481484375001 0.3997395828125 0.6490740734375 0.40598958281249997 0.6601851859375001 0.41484375 0.6990740734374999 0.42395833281249995 0.7023148140625 0.4380208328125 0.691203703125 0.47473958281249995 0.6490740734375 0.459375 0.6041666671875
0 0.3171875 0.8643518515625 0.33359375 0.8490740734375001 0.3377604171875 0.796296296875 0.33359375 0.7666666671875 0.3260416671875 0.7476851859375 0.309375 0.7226851859375001 0.2994791671875 0.7125 0.2692708328125 0.7134259265625 0.24583333281250003 0.7050925921875 0.2109375 0.7041666671875 0.1796875 0.7115740734375 0.1666666671875 0.746759259375 0.1057291671875 0.7745370375 0.0966145828125 0.7990740734374999 0.10390625 0.8324074078124999 0.1109375 0.8541666671874999 0.1213541671875 0.858796296875 0.1640625 0.8671296296875 0.190625 0.8671296296875 0.2541666671875 0.8615740734375 0.2854166671875 0.8652777781250001 0.3171875 0.8643518515625
3 0.9247395828125 0.665740740625 0.91953125 0.6425925921875 0.9028645828125 0.590740740625 0.8986979171874999 0.5675925921875 0.9002604171874999 0.5379629625 0.8940104171875 0.5231481484375 0.9296875 0.5013888890625 0.99921875 0.4824074078125 0.9994791671875 0.25509259218749997 0.9786458328125001 0.2699074078125 0.965625 0.2606481484375 0.9520833328125 0.2578703703125 0.93125 0.25601851875000003 0.90625 0.2606481484375 0.8885416671874999 0.27638888906250003 0.87109375 0.30740740781250003 0.8731770828125001 0.31944444375000003 0.871875 0.3226851859375 0.8346354171874999 0.36666666718749996 0.8252604171875 0.39351851875 0.8018229171875 0.4481481484375 0.79453125 0.4888888890625 0.7908854171875 0.5324074078125001 0.79296875 0.5629629625 0.80546875 0.6111111109375 0.853125 0.6884259265625 0.8744791671875 0.6875 0.8973958328125 0.6671296296875 0.9026041671874999 0.665277778125 0.9083333328125001 0.66898148125 0.9091145828125 0.675 0.9049479171874999 0.7129629625 0.9078125 0.7180555562500001 0.9302083328125 0.7328703703125 0.9372395828125001 0.7101851859375 0.9361979171874999 0.6944444437499999 0.9247395828125 0.665740740625
0 0.9848958328125 0.5476851859375 0.97578125 0.5703703703125 0.9736979171875 0.6120370375 0.97734375 0.6555555562500001 0.9731770828125 0.6731481484375 0.9591145828125001 0.6981481484375001 0.9528645828125001 0.7138888890625 0.9450520828125001 0.7490740734375 0.9619791671875 0.7523148140625 0.9997395828125001 0.7481481484375 0.9994791671875 0.5375 0.9848958328125 0.5476851859375
0 0.9989583328125 0.48194444374999995 0.9416666671874999 0.49583333281249997 0.91171875 0.5101851859375001 0.9234375 0.5393518515625 0.93125 0.546759259375 0.9395833328125001 0.559722221875 0.95 0.566203703125 0.9760416671875 0.5699074078125 0.9848958328125 0.5476851859375 0.9997395828125001 0.5370370375 0.9989583328125 0.48194444374999995
0 0.9895833328125001 0.17268518593749999 0.9856770828125001 0.177777778125 0.9854166671875 0.18657407343750002 0.9802083328125001 0.1828703703125 0.9708333328125001 0.1828703703125 0.95 0.19398148125 0.9393229171874999 0.20833333281250002 0.9325520828125 0.22685185156249998 0.92890625 0.246296296875 0.9328125 0.25509259218749997 0.965625 0.259722221875 0.9786458328125001 0.26898148125 0.9997395828125001 0.253703703125 0.9994791671875 0.1708333328125 0.9895833328125001 0.17268518593749999
0 0.4799479171875 0.4546296296875 0.48411458281249997 0.42222222187499997 0.4953125 0.4199074078125 0.49765625 0.40555555625000006 0.5059895828125 0.396296296875 0.5065104171875 0.3851851859375 0.49114583281249996 0.3791666671875 0.4908854171875 0.3648148140625 0.48619791718750005 0.34722222187499996 0.47760416718750004 0.3356481484375 0.46458333281249997 0.32453703749999996 0.44322916718750005 0.3125 0.40260416718750003 0.2773148140625 0.3942708328125 0.271759259375 0.3890625 0.2726851859375 0.34921875 0.40277777812500004 0.33255208281250004 0.4240740734375 0.3505208328125 0.4421296296875 0.3619791671875 0.46805555625000006 0.3791666671875 0.4763888890625 0.3856770828125 0.50555555625 0.3942708328125 0.5208333328125 0.42864583281249996 0.5254629625 0.4505208328125 0.515277778125 0.4700520828125 0.48518518593750004 0.4799479171875 0.4546296296875
3 0.3734375 0 0.35104166718749996 0.0023148140625 0.3513020828125 0.0240740734375 0.3578125 0.0356481484375 0.3700520828125 0.040740740625 0.3690104171875 0.059259259375 0.3778645828125 0.0870370375 0.3752604171875 0.10092592656249999 0.36875 0.10231481406250001 0.36015625 0.11851851875 0.3528645828125 0.14444444375 0.34713541718749996 0.20740740781250003 0.359375 0.21435185156249997 0.3921875 0.2226851859375 0.42395833281249995 0.2365740734375 0.4369791671875 0.27638888906250003 0.44114583281249997 0.27638888906250003 0.45208333281249996 0.2884259265625 0.4739583328125 0.32083333281250004 0.48333333281249996 0.32083333281250004 0.49713541718750004 0.296296296875 0.5044270828124999 0.27870370312500004 0.5091145828125 0.2611111109375 0.5231770828125 0.22407407343750002 0.5466145828125 0.14444444375 0.5611979171875 0.0870370375 0.5690104171875 0 0.3734375 0