3 0 0.9648148140625 0.0046875 0.9800925921875001 0.0192708328125 0.9828703703125001 0.0260416671875 0.9726851859375 0.0322916671875 0.9699074078125 0.0393229171875 0.9620370375 0.0440104171875 0.9259259265625 0.04140625 0.9074074078125 0.0333333328125 0.891203703125 0.021875 0.8819444437499999 0.0119791671875 0.8819444437499999 0 0.896296296875 0 0.9648148140625
0 0.8674479171874999 0.6111111109375 0.85703125 0.5851851859375 0.8578125 0.5754629625 0.884375 0.5875 0.8869791671874999 0.5875 0.8927083328125001 0.58101851875 0.9020833328125001 0.603240740625 0.9119791671874999 0.6041666671875 0.9205729171874999 0.5879629625 0.9216145828125001 0.5731481484375001 0.9294270828125001 0.5611111109375 0.9125 0.5365740734375 0.9052083328125 0.5337962968750001 0.8927083328125001 0.5226851859375 0.8765625 0.5254629625 0.8705729171875 0.509259259375 0.8627604171875 0.47407407343749997 0.8533854171874999 0.447222221875 0.83046875 0.4074074078125 0.8244791671874999 0.3754629625 0.8026041671874999 0.3856481484375 0.8013020828125 0.39074074062499997 0.80390625 0.42870370312499995 0.8166666671874999 0.4291666671875 0.8265625 0.4328703703125 0.82890625 0.45 0.8221354171874999 0.4888888890625 0.8231770828125 0.4981481484375 0.8325520828125 0.5305555562500001 0.83203125 0.5648148140625 0.8356770828125001 0.5990740734375 0.83984375 0.615740740625 0.8346354171874999 0.6388888890625 0.8299479171874999 0.678703703125 0.82890625 0.7101851859375 0.834375 0.7115740734375 0.8510416671875 0.7041666671875 0.87109375 0.659259259375 0.8674479171874999 0.6111111109375
0 0.80234375 0.45555555625000005 0.80703125 0.4379629625 0.79140625 0.4148148140625 0.78828125 0.40277777812500004 0.7833333328125 0.3949074078125 0.7786458328125 0.38935185156249996 0.7705729171875 0.3861111109375 0.8046875 0.3736111109375 0.8044270828125001 0.3601851859375 0.7994791671875 0.3495370375 0.7859375 0.333796296875 0.7567708328125 0.333796296875 0.7447916671875 0.3273148140625 0.7234375 0.3273148140625 0.7231770828124999 0.3453703703125 0.7325520828125 0.378703703125 0.7315104171875 0.41944444374999995 0.7356770828125 0.427777778125 0.7372395828125 0.44259259218749997 0.7346354171875 0.45185185156249996 0.73359375 0.475 0.7526041671875 0.48564814843750004 0.7666666671875 0.4754629625 0.7885416671875001 0.5050925921875 0.7921875 0.5041666671875 0.79765625 0.49351851875 0.80234375 0.45555555625000005
0 0.9481770828125 0.7083333328125 0.9411458328125001 0.696759259375 0.934375 0.7254629625 0.925 0.721759259375 0.9166666671874999 0.709722221875 0.9072916671875 0.7199074078125001 0.9106770828125 0.747222221875 0.9375 0.766203703125 0.9388020828125001 0.771296296875 0.9372395828125001 0.7814814812499999 0.9489583328125001 0.8004629624999999 0.98515625 0.815740740625 0.9966145828125 0.9009259265624999 0.9994791671875 0.9050925921875 0.9997395828125001 0.7509259265625 0.9552083328125001 0.73194444375 0.9481770828125 0.7083333328125
0 0.9997395828125001 0.634259259375 0.9997395828125001 0.5 0.9979166671874999 0.49398148124999997 0.9760416671875 0.5078703703125 0.95625 0.5254629625 0.9432291671874999 0.51898148125 0.9375 0.5226851859375 0.9231770828125001 0.5481481484375 0.9364583328125 0.56898148125 0.9588541671874999 0.58194444375 0.9747395828125001 0.6018518515625 0.9752604171874999 0.6111111109375 0.9684895828125001 0.6361111109375 0.96484375 0.6629629625 0.9458333328125 0.6643518515625 0.9419270828125 0.68148148125 0.9421875 0.683796296875 0.953125 0.683796296875 0.9635416671874999 0.6800925921875 0.9739583328125001 0.684722221875 0.9841145828125001 0.6666666671875 0.98828125 0.6509259265625 0.9997395828125001 0.634259259375
0 0.9192708328125001 0.48194444374999995 0.9020833328125001 0.46342592656250003 0.9005208328125001 0.4625 0.8955729171875 0.46944444374999994 0.890625 0.4875 0.8859375 0.49120370312499995 0.8721354171875 0.49351851875 0.8721354171875 0.5148148140625 0.8765625 0.5254629625 0.8911458328125 0.521759259375 0.9125 0.5365740734375 0.92421875 0.5120370375000001 0.9278645828125001 0.49629629687500004 0.9192708328125001 0.48194444374999995
3 0.9567708328125001 0.5254629625 0.9760416671875 0.5078703703125 0.9981770828125001 0.49351851875 0.9997395828125001 0.4731481484375 0.9994791671875 0.30601851875 0.9932291671875 0.3115740734375 0.9854166671875 0.3125 0.9348958328125001 0.3078703703125 0.88125 0.3115740734375 0.8666666671875 0.31898148125 0.8580729171874999 0.3361111109375 0.8528645828125001 0.3648148140625 0.85546875 0.3898148140625 0.8684895828125001 0.42314814843750004 0.8947916671874999 0.45694444375 0.9192708328125001 0.48194444374999995 0.9278645828125001 0.49629629687500004 0.92421875 0.5111111109375 0.9127604171874999 0.5351851859375001 0.9239583328125001 0.5476851859375 0.9380208328125 0.5226851859375 0.94375 0.51898148125 0.9567708328125001 0.5254629625
0 0.2880208328125 0.4671296296875 0.28463541718749996 0.471296296875 0.296875 0.5263888890625 0.3033854171875 0.49629629687500004 0.3028645828125 0.478703703125 0.2880208328125 0.4671296296875
0 0.3895833328125 0.6023148140625 0.378125 0.578240740625 0.37057291718749996 0.5703703703125 0.3658854171875 0.5425925921875 0.3651041671875 0.5226851859375 0.3479166671875 0.5328703703125 0.3182291671875 0.55601851875 0.296875 0.5365740734375 0.30078125 0.5796296296875 0.2947916671875 0.5856481484375 0.2723958328125 0.5921296296875 0.2721354171875 0.5990740734375 0.27578125 0.6111111109375 0.28984375 0.63148148125 0.296875 0.6513888890625 0.3223958328125 0.6365740734374999 0.40026041718750005 0.6166666671875001 0.3895833328125 0.6023148140625
0 0.2919270828125 0.6537037031249999 0.28567708281250004 0.6388888890625 0.2645833328125 0.6023148140625 0.2515625 0.5958333328125 0.2328125 0.5939814812499999 0.22734375 0.6916666671875 0.23697916718749998 0.6921296296875 0.259375 0.6763888890625 0.2708333328125 0.6643518515625 0.2919270828125 0.6537037031249999
0 0.3497395828125 0.921296296875 0.32864583281250004 0.9013888890624999 0.3114583328125 0.9004629625 0.3072916671875 0.8708333328125001 0.3020833328125 0.8708333328125001 0.2838541671875 0.8819444437499999 0.271875 0.8847222218749999 0.2546875 0.883796296875 0.22395833281250002 0.853240740625 0.20416666718749998 0.8439814812499999 0.1854166671875 0.8449074078125 0.1833333328125 0.8541666671874999 0.17135416718750002 0.859722221875 0.16953125 0.8990740734375 0.1578125 0.8995370375 0.1447916671875 0.9078703703125001 0.13723958281249998 0.9398148140625 0.1244791671875 0.9615740734375 0.09921875 0.990740740625 0.12395833281249999 0.9995370375 0.33541666718749996 0.9995370375 0.3408854171875 0.997222221875 0.3434895828125 0.9583333328125001 0.3497395828125 0.921296296875
0 0 0.79444444375 0.0057291671875 0.7958333328125 0.06302083281250001 0.778240740625 0.0994791671875 0.7726851859375 0.1744791671875 0.721759259375 0.2065104171875 0.6805555562500001 0.22265625 0.647222221875 0.22421875 0.56851851875 0.20182291718749998 0.48148148125 0.1864583328125 0.4356481484375 0.1583333328125 0.3986111109375 0.13229166718750002 0.3828703703125 0.090625 0.40416666718750005 0.07083333281250001 0.4199074078125 0.0421875 0.4328703703125 0.0013020828125 0.45648148125 0 0.4824074078125 0 0.79444444375
0 0.45598958281249996 0.7601851859375001 0.45807291718750004 0.7481481484375 0.46588541718750004 0.7351851859375 0.46692708281249995 0.728703703125 0.4575520828125 0.66944444375 0.46328125 0.6296296296875 0.4518229171875 0.6601851859375001 0.43958333281249995 0.68101851875 0.425 0.6763888890625 0.41588541718750005 0.6675925921875 0.41197916718750005 0.6523148140624999 0.4 0.6495370375 0.3924479171875 0.6796296296875 0.38359375 0.702777778125 0.40052083281249995 0.7115740734375 0.40703125 0.7203703703125 0.4192708328125 0.746759259375 0.42734375 0.753703703125 0.4203125 0.76805555625 0.4270833328125 0.76805555625 0.4375 0.7754629625 0.4484375 0.7791666671875 0.4536458328125 0.7736111109375 0.47109375 0.777777778125 0.45598958281249996 0.7601851859375001
0 0.84609375 0.80648148125 0.85546875 0.7583333328124999 0.86015625 0.7194444437499999 0.8505208328125 0.7041666671875 0.834375 0.7115740734375 0.82890625 0.7111111109375 0.8205729171874999 0.7379629624999999 0.8065104171874999 0.796296296875 0.7919270828125 0.872222221875 0.79375 0.8884259265625 0.80625 0.8986111109375001 0.8166666671874999 0.8986111109375001 0.8247395828125 0.8879629625 0.8330729171875 0.8583333328125 0.84609375 0.80648148125
0 0.4721354171875 0.5935185187500001 0.4734375 0.5291666671875 0.43932291718750005 0.5861111109375 0.4348958328125 0.6013888890625 0.4192708328125 0.616203703125 0.39921875 0.6268518515625 0.39895833281250004 0.640277778125 0.41197916718750005 0.64398148125 0.4421875 0.6625 0.4505208328125 0.6606481484375 0.45598958281249996 0.6490740734375 0.4721354171875 0.5935185187500001
0 0.6328125 0.834722221875 0.63828125 0.8222222218749999 0.6234375 0.81805555625 0.61875 0.7995370375 0.60703125 0.8203703703125 0.6013020828125 0.8351851859374999 0.59921875 0.8546296296874999 0.6020833328124999 0.8550925921875001 0.6119791671875 0.853240740625 0.6229166671875 0.846759259375 0.6328125 0.834722221875
0 0.6098958328124999 0.7263888890625 0.6252604171875 0.7740740734375 0.63125 0.7828703703125 0.6283854171875001 0.747222221875 0.6208333328125 0.73194444375 0.6098958328124999 0.7263888890625