0 0.29140625 0.5879629625 0.2981770828125 0.5731481484375001 0.3072916671875 0.566203703125 0.3096354171875 0.5611111109375 0.30625 0.546759259375 0.3145833328125 0.5449074078125 0.3385416671875 0.559722221875 0.3518229171875 0.5601851859375 0.3434895828125 0.527777778125 0.321875 0.4921296296875 0.3036458328125 0.48101851875 0.2901041671875 0.4791666671875 0.2875 0.47268518593750003 0.26875 0.48564814843750004 0.2520833328125 0.4893518515625 0.2442708328125 0.5004629625 0.23515625 0.527777778125 0.22578125 0.5416666671875 0.21953125 0.5666666671875 0.21744791718749998 0.584259259375 0.22760416718749998 0.61898148125 0.23958333281250002 0.6273148140625 0.2442708328125 0.6347222218749999 0.2567708328125 0.63101851875 0.26875 0.6365740734374999 0.2796875 0.646759259375 0.28984375 0.6398148140625 0.28671875 0.6074074078125 0.29140625 0.5879629625
0 0.1669270828125 0.5240740734375 0.16640625 0.5046296296875 0.13619791718750002 0.42870370312499995 0.1166666671875 0.39398148125 0.10729166718750001 0.3856481484375 0.0752604171875 0.4203703703125 0.07109375 0.47407407343749997 0.07369791718749999 0.4916666671875 0.0908854171875 0.521296296875 0.0940104171875 0.54444444375 0.1067708328125 0.5699074078125 0.1208333328125 0.5856481484375 0.1463541671875 0.590277778125 0.1565104171875 0.5796296296875 0.1705729171875 0.54351851875 0.1669270828125 0.5240740734375
0 0.06328125 0.459259259375 0.07083333281250001 0.4625 0.0721354171875 0.4601851859375 0.075 0.42083333281249996 0.0625 0.43101851875 0.0309895828125 0.4768518515625 0.0442708328125 0.4893518515625 0.0536458328125 0.49120370312499995 0.058333332812500006 0.5078703703125 0.0653645828125 0.49259259218749996 0.06588541718749999 0.4768518515625 0.06328125 0.459259259375
3 0.21848958281250003 0.29722222187499997 0.2221354171875 0.27870370312500004 0.2205729171875 0.26203703749999996 0.2109375 0.2486111109375 0.203125 0.24212962968750001 0.1786458328125 0.2393518515625 0.1744791671875 0.24398148125 0.16796875 0.252777778125 0.16015625 0.271296296875 0.15963541718750002 0.2888888890625 0.1546875 0.291203703125 0.1403645828125 0.3166666671875 0.153125 0.33194444375 0.1625 0.3226851859375 0.16875 0.31990740781250004 0.1776041671875 0.33101851875 0.1864583328125 0.33194444375 0.2 0.3078703703125 0.21197916718749998 0.308796296875 0.21848958281250003 0.29722222187499997
0 0.2036458328125 0.308796296875 0.20052083281250002 0.3078703703125 0.18697916718750002 0.33194444375 0.178125 0.33101851875 0.16875 0.31990740781250004 0.1630208328125 0.3226851859375 0.15703125 0.3333333328125 0.1572916671875 0.36064814843750004 0.175 0.3763888890625 0.184375 0.378240740625 0.1888020828125 0.3759259265625 0.20338541718749997 0.33148148125 0.2036458328125 0.308796296875
3 0.3700520828125 0.7120370375 0.3752604171875 0.6824074078125 0.3768229171875 0.66944444375 0.37421875 0.6564814812499999 0.3721354171875 0.5944444437499999 0.3684895828125 0.575 0.3604166671875 0.5578703703125 0.3536458328125 0.5606481484375 0.3380208328125 0.559722221875 0.3140625 0.5449074078125 0.3072916671875 0.5458333328125 0.30546875 0.547222221875 0.30911458281250004 0.5611111109375 0.3067708328125 0.566203703125 0.29765625 0.5731481484375001 0.2908854171875 0.5879629625 0.28671875 0.6046296296875 0.2893229171875 0.6398148140625 0.3036458328125 0.6560185187500001 0.3346354171875 0.6805555562500001 0.3205729171875 0.7203703703125 0.3221354171875 0.73148148125 0.32890625 0.7509259265625 0.33046875 0.772222221875 0.3375 0.778240740625 0.34427083281250004 0.7800925921874999 0.35078125 0.7675925921875 0.3580729171875 0.7370370375 0.3700520828125 0.7120370375
0 0.1502604171875 0.375 0.1481770828125 0.3481481484375 0.1497395828125 0.3379629625 0.1533854171875 0.3324074078125 0.140625 0.3171296296875 0.1260416671875 0.346759259375 0.1174479171875 0.35648148125 0.1174479171875 0.3620370375 0.1205729171875 0.3648148140625 0.11901041718750001 0.371296296875 0.1080729171875 0.384259259375 0.1166666671875 0.39305555625 0.1364583328125 0.42731481406249994 0.1434895828125 0.4138888890625 0.1481770828125 0.3953703703125 0.1502604171875 0.375
0 0.1731770828125 0.8333333328125001 0.1783854171875 0.8203703703125 0.1828125 0.7828703703125 0.1359375 0.7754629625 0.1307291671875 0.7810185187500001 0.1263020828125 0.79351851875 0.1184895828125 0.8055555562500001 0.1184895828125 0.8268518515625001 0.12213541718750001 0.8388888890624999 0.1205729171875 0.8666666671875 0.1135416671875 0.8800925921875 0.1059895828125 0.8870370375000001 0.1049479171875 0.915740740625 0.10078125 0.9481481484375 0.1130208328125 0.9486111109375001 0.1260416671875 0.9449074078124999 0.12265625 0.9638888890624999 0.12265625 0.9768518515625001 0.1270833328125 0.9828703703125001 0.1486979171875 0.9138888890624999 0.16953125 0.8574074078124999 0.1731770828125 0.8333333328125001
3 0.2567708328125 0.4865740734375 0.2645833328125 0.48842592656250006 0.27005208281250004 0.48425925937500003 0.26953125 0.47592592656250005 0.2630208328125 0.4643518515625 0.2359375 0.446759259375 0.23463541718749997 0.447222221875 0.2325520828125 0.490740740625 0.22890625 0.525 0.22916666718749998 0.5291666671875 0.2348958328125 0.5291666671875 0.24244791718749997 0.5046296296875 0.2520833328125 0.490277778125 0.2567708328125 0.4865740734375
3 0.8299479171874999 0 0.8299479171874999 0.0120370375 0.83984375 0.034259259375000004 0.8403645828125 0.0648148140625 0.8421875 0.06527777812499999 0.8473958328125001 0.0625 0.8552083328125001 0.0486111109375 0.8588541671875 0.0486111109375 0.8643229171875 0.0416666671875 0.8731770828125001 0.013888889062500001 0.8729166671874999 0 0.8299479171874999 0
0 0.9846354171874999 0.902777778125 0.99765625 0.8583333328125 0.9997395828125001 0.85 0.99921875 0.7879629625 0.9861979171874999 0.7648148140625 0.9700520828125001 0.727777778125 0.9515625 0.69305555625 0.8552083328125001 0.6921296296875 0.8385416671874999 0.7004629625 0.83828125 0.7509259265625 0.84921875 0.8629629624999999 0.8765625 0.8652777781250001 0.8872395828125 0.9037037031249999 0.91015625 0.9703703703125001 0.92109375 0.975 0.9231770828125001 0.9981481484374999 0.9458333328125 0.9986111109375001 0.9533854171874999 0.95555555625 0.965625 0.94305555625 0.9846354171874999 0.902777778125
0 0.94296875 0.4675925921875 0.9268229171875 0.515740740625 0.92265625 0.5546296296875 0.9174479171875 0.5824074078125 0.9432291671874999 0.583796296875 0.9828125 0.5939814812499999 0.99140625 0.6046296296875 0.9994791671875 0.628240740625 0.9994791671875 0.42453703750000005 0.9739583328125001 0.4356481484375 0.94296875 0.4675925921875