3 0.1078125 0.321759259375 0.11328125 0.3009259265625 0.10338541718750001 0.26944444375 0.10755208281249999 0.24907407343750002 0.0958333328125 0.2365740734375 0.0838541671875 0.2365740734375 0.056770832812500005 0.2800925921875 0.05 0.2856481484375 0.0403645828125 0.3138888890625 0.0403645828125 0.34629629687499996 0.0421875 0.346759259375 0.054166667187499996 0.3421296296875 0.0671875 0.3328703703125 0.1078125 0.321759259375
0 0.94765625 0.615740740625 0.9419270828125 0.5629629625 0.92890625 0.4675925921875 0.9270833328125001 0.4643518515625 0.9119791671874999 0.46342592656250003 0.8979166671875 0.4773148140625 0.8973958328125 0.4791666671875 0.9 0.4791666671875 0.9153645828125001 0.475 0.8986979171874999 0.5148148140625 0.8822916671875 0.5356481484375 0.8645833328125001 0.5504629624999999 0.85 0.5671296296875 0.8270833328125 0.578240740625 0.8059895828125001 0.5944444437499999 0.8111979171874999 0.63055555625 0.8140625 0.6319444437499999 0.8223958328125001 0.628240740625 0.8427083328125 0.6078703703125 0.8609375 0.6050925921875 0.8635416671874999 0.6125 0.8953125 0.5828703703125 0.9268229171875 0.696296296875 0.9348958328125001 0.709722221875 0.940625 0.709722221875 0.9471354171874999 0.702777778125 0.94921875 0.6879629625 0.94765625 0.615740740625
3 0.0041666671875 0 0.0395833328125 0.053240740625000005 0.06692708281250001 0.0648148140625 0.07265625 0.10092592656249999 0.07421875 0.12222222187500001 0.0919270828125 0.1620370375 0.1109375 0.1986111109375 0.12291666718750001 0.15879629687500002 0.1716145828125 0.1759259265625 0.18307291718750002 0.11944444375 0.18203125 0.0916666671875 0.17890625 0.071296296875 0.17135416718750002 0.0615740734375 0.1484375 0.0504629625 0.1380208328125 0.042129629687499996 0.115625 0.034722221875 0.055208332812500004 0.003240740625 0.0364583328125 0 0.0041666671875 0
3 0.9106770828125 0.6777777781250001 0.9010416671874999 0.6699074078125 0.8932291671874999 0.6504629625 0.8838541671875 0.640277778125 0.871875 0.6180555562500001 0.8625 0.6125 0.8549479171875 0.622222221875 0.8502604171874999 0.6490740734375 0.8518229171874999 0.665740740625 0.8651041671874999 0.68101851875 0.8729166671874999 0.7013888890625 0.8848958328125001 0.7106481484375 0.8911458328125 0.7189814812499999 0.9065104171874999 0.7046296296875 0.9106770828125 0.6953703703125 0.9106770828125 0.6777777781250001
3 0.9018229171875 0.9333333328125001 0.8955729171875 0.9111111109375001 0.88515625 0.83055555625 0.88515625 0.825 0.8888020828125001 0.815740740625 0.8908854171874999 0.7898148140625 0.8877604171875 0.75 0.88359375 0.725 0.8739583328125 0.7106481484375 0.8684895828125001 0.7212962968750001 0.8596354171874999 0.7546296296875 0.8716145828125 0.7666666671875 0.86953125 0.7990740734374999 0.87890625 0.8009259265625 0.8783854171875 0.81851851875 0.8278645828125001 0.9370370375 0.8166666671874999 0.95694444375 0.8036458328125 0.965277778125 0.7658854171875 0.98148148125 0.7658854171875 0.996296296875 0.7682291671875 0.9976851859375 0.8729166671874999 0.9995370375 0.896875 0.98194444375 0.9028645828125 0.952777778125 0.9018229171875 0.9333333328125001
0 0.609375 0.9050925921875 0.5927083328125 0.9004629625 0.5794270828125 0.909259259375 0.5643229171875 0.952777778125 0.5518229171875 0.9712962968750001 0.54296875 0.99444444375 0.5442708328125 0.9995370375 0.625 0.9995370375 0.64140625 0.9629629625 0.6388020828125 0.9472222218749999 0.609375 0.9050925921875
3 0.965625 0.7819444437499999 0.940625 0.7578703703125 0.9278645828125001 0.7370370375 0.928125 0.7180555562500001 0.9114583328125001 0.7134259265625 0.89765625 0.765740740625 0.8997395828125001 0.7824074078125001 0.9270833328125001 0.828240740625 0.9989583328125 0.8745370375 0.9997395828125001 0.8231481484375 0.98125 0.80694444375 0.965625 0.7819444437499999
0 0.28463541718749996 0.6777777781250001 0.28984375 0.6601851859375001 0.30078125 0.64444444375 0.3065104171875 0.6231481484375 0.3205729171875 0.6009259265625 0.32369791718749996 0.5916666671875 0.3263020828125 0.55648148125 0.3265625 0.4875 0.3171875 0.48379629687500003 0.2875 0.5319444437499999 0.2609375 0.5671296296875 0.2549479171875 0.58055555625 0.2557291671875 0.6078703703125 0.2502604171875 0.5768518515625 0.23463541718749997 0.51944444375 0.2244791671875 0.5050925921875 0.2169270828125 0.527777778125 0.2143229171875 0.553703703125 0.22578125 0.5648148140625 0.22526041718749998 0.6009259265625 0.21953125 0.6324074078125 0.21171875 0.6583333328125 0.22369791718749998 0.7009259265625001 0.24583333281250003 0.7226851859375001 0.2526041671875 0.7365740734374999 0.26484375 0.7194444437499999 0.2721354171875 0.7 0.28463541718749996 0.6777777781250001
0 0.9994791671875 0.7976851859375 0.9994791671875 0.6143518515624999 0.9559895828125 0.7074074078125 0.9994791671875 0.7976851859375
2 0.3299479171875 0.9231481484374999 0.3174479171875 0.896296296875 0.2645833328125 0.7976851859375 0.1934895828125 0.6990740734374999 0.18828125 0.652777778125 0.17916666718750002 0.6300925921875 0.1604166671875 0.6050925921875 0.1359375 0.566203703125 0.1307291671875 0.566203703125 0.12291666718750001 0.571759259375 0.1184895828125 0.5962962968750001 0.13046875 0.60648148125 0.13333333281249998 0.6291666671875 0.1536458328125 0.646759259375 0.1669270828125 0.66851851875 0.1731770828125 0.69351851875 0.1736979171875 0.7240740734375 0.17578125 0.7333333328125 0.18802083281249998 0.728240740625 0.20052083281250002 0.728240740625 0.2630208328125 0.8263888890625 0.3200520828125 0.928703703125 0.32265625 0.952777778125 0.32109375 0.98148148125 0.3229166671875 0.98194444375 0.33203125 0.9768518515625001 0.3330729171875 0.95555555625 0.3299479171875 0.9231481484374999
0 0.15 0.4921296296875 0.15572916718750002 0.4865740734375 0.16354166718750002 0.496759259375 0.1799479171875 0.5 0.18515625 0.48055555625 0.19453125 0.4268518515625 0.2013020828125 0.3731481484375 0.21223958281250002 0.3379629625 0.21901041718749997 0.3 0.21458333281250003 0.28101851875 0.2049479171875 0.2796296296875 0.2052083328125 0.2976851859375 0.19583333281249998 0.2754629625 0.1901041671875 0.27453703749999997 0.18984375 0.259259259375 0.1736979171875 0.23333333281250002 0.1736979171875 0.2296296296875 0.1755208328125 0.21898148125 0.1838541671875 0.22638888906250001 0.1901041671875 0.2384259265625 0.19583333281249998 0.2384259265625 0.20598958281250002 0.2101851859375 0.2127604171875 0.2018518515625 0.21458333281250003 0.190277778125 0.2046875 0.184722221875 0.1708333328125 0.1773148140625 0.12291666718750001 0.15879629687500002 0.11119791718750001 0.1990740734375 0.10338541718750001 0.21851851875 0.10338541718750001 0.23148148124999998 0.1080729171875 0.25 0.10338541718750001 0.2703703703125 0.11328125 0.3009259265625 0.1080729171875 0.321296296875 0.0671875 0.3328703703125 0.054166667187499996 0.3421296296875 0.040625 0.346759259375 0.0268229171875 0.35925925937500003 0.03203125 0.396296296875 0.04609375 0.440740740625 0.058854167187499994 0.4643518515625 0.1125 0.5384259265625 0.1244791671875 0.5041666671875 0.1375 0.49398148124999997 0.15 0.4921296296875