2 0.7354166671875 0.38194444375000003 0.75 0.38842592656249997 0.7552083328125 0.3791666671875 0.76875 0.36805555624999997 0.778125 0.36898148124999997 0.7825520828125 0.3425925921875 0.8158854171875 0.2925925921875 0.8106770828125001 0.284259259375 0.8096354171875 0.27777777812500004 0.8111979171874999 0.25555555625 0.8096354171875 0.2416666671875 0.79765625 0.240740740625 0.80078125 0.22685185156249998 0.7955729171875 0.21111111093749999 0.7924479171875001 0.1861111109375 0.7955729171875 0.1601851859375 0.7872395828125 0.1351851859375 0.7739583328124999 0.1199074078125 0.7546875 0.11620370312499999 0.74453125 0.1268518515625 0.7372395828125 0.1490740734375 0.7401041671875 0.16805555625 0.746875 0.16805555625 0.7557291671875 0.1634259265625 0.7598958328125 0.1550925921875 0.7671875 0.15972222187500001 0.77109375 0.171296296875 0.7671875 0.184722221875 0.7348958328124999 0.184722221875 0.721875 0.1773148140625 0.71953125 0.17962962968750001 0.7096354171875 0.20740740781250003 0.71015625 0.222222221875 0.7153645828124999 0.246296296875 0.7049479171875 0.26944444375 0.70078125 0.2898148140625 0.70078125 0.3111111109375 0.6861979171875 0.3509259265625 0.675 0.3671296296875 0.66640625 0.384259259375 0.6796875 0.38842592656249997 0.6958333328124999 0.38842592656249997 0.709375 0.3949074078125 0.71875 0.40416666718750005 0.7244791671875 0.40416666718750005 0.7315104171875 0.4018518515625 0.7346354171875 0.39351851875 0.7354166671875 0.38194444375000003
0 0.7325520828125 0.8888888890625 0.7278645828125 0.8675925921875001 0.7205729171875 0.746296296875 0.7078125 0.6180555562500001 0.7 0.6208333328125 0.6200520828125 0.7185185187500001 0.6494791671875 0.7328703703125 0.6940104171875 0.7453703703125 0.6877604171875 0.7898148140625 0.6888020828125 0.88148148125 0.6809895828125 0.9018518515625 0.6825520828125 0.9481481484375 0.6838541671875 0.9486111109375001 0.7286458328125 0.9375 0.7325520828125 0.9018518515625 0.7325520828125 0.8888888890625
0 0.5994791671875 0.941203703125 0.59453125 0.95 0.59296875 0.965740740625 0.5934895828125 0.972222221875 0.5979166671875 0.98101851875 0.6263020828125 0.9712962968750001 0.60625 0.94305555625 0.5994791671875 0.941203703125
0 0.8440104171874999 0.6240740734375 0.84765625 0.60555555625 0.8440104171874999 0.5935185187500001 0.8359375 0.5828703703125 0.821875 0.5856481484375 0.8184895828125001 0.578703703125 0.81953125 0.565740740625 0.8104166671874999 0.558796296875 0.803125 0.5421296296875 0.7940104171875 0.5333333328125 0.7919270828125 0.5111111109375 0.7877604171875 0.49629629687500004 0.78828125 0.46481481406249997 0.7838541671875 0.45416666718750004 0.7734375 0.44398148125 0.7666666671875 0.4421296296875 0.76171875 0.42870370312499995 0.7541666671875 0.4171296296875 0.7333333328125 0.416203703125 0.7255208328125 0.4375 0.7130208328125 0.4375 0.71015625 0.4148148140625 0.7046875 0.40231481406249997 0.6932291671875 0.3986111109375 0.68515625 0.4046296296875 0.6799479171875 0.42129629687500003 0.6971354171875 0.46388888906250003 0.703125 0.48564814843750004 0.7083333328125 0.48842592656250006 0.7234375 0.4865740734375 0.73125 0.47361111093749997 0.7419270828125 0.4731481484375 0.7643229171875 0.5601851859375 0.7453125 0.5773148140625 0.7463541671875 0.5800925921875 0.7567708328125 0.5921296296875 0.7947916671875 0.6208333328125 0.8020833328125001 0.6300925921875 0.8104166671874999 0.63101851875 0.8171875 0.641203703125 0.8276041671875 0.6476851859375 0.8361979171874999 0.6416666671875 0.8361979171874999 0.63055555625 0.8440104171874999 0.6240740734375
0 0.8348958328125 0.558796296875 0.8166666671874999 0.5375 0.8122395828125001 0.5287037031249999 0.81171875 0.5018518515625 0.8151041671874999 0.49490740781250003 0.8307291671874999 0.49305555625 0.8375 0.4893518515625 0.85 0.471759259375 0.85234375 0.4601851859375 0.86171875 0.44444444375 0.86328125 0.43333333281249997 0.8614583328125001 0.42453703750000005 0.8291666671875 0.415277778125 0.8223958328125001 0.416203703125 0.803125 0.4328703703125 0.7846354171875001 0.45555555625000005 0.7888020828125 0.465740740625 0.78828125 0.497222221875 0.7924479171875001 0.5111111109375 0.79453125 0.5333333328125 0.8036458328125 0.5421296296875 0.8109375 0.558796296875 0.8200520828125001 0.565740740625 0.8190104171874999 0.578703703125 0.8234375 0.5856481484375 0.8354166671875 0.583796296875 0.8388020828125 0.5703703703125 0.8348958328125 0.558796296875
0 0.55625 0.9263888890624999 0.53125 0.8921296296874999 0.5067708328125 0.8856481484375 0.51328125 0.9370370375 0.5122395828124999 0.9703703703125001 0.51640625 0.9990740734375001 0.5421875 0.9995370375 0.5643229171875 0.9870370375 0.5690104171875 0.9398148140625 0.55625 0.9263888890624999
0 0.21979166718749998 0.7356481484375 0.20416666718749998 0.7486111109375 0.20286458281250003 0.7509259265625 0.20286458281250003 0.765740740625 0.2065104171875 0.7787037031249999 0.21770833281250002 0.7810185187500001 0.24609375 0.753703703125 0.23020833281250003 0.734722221875 0.21979166718749998 0.7356481484375
0 0.59453125 0.6777777781250001 0.5864583328124999 0.6541666671875 0.5640625 0.6541666671875 0.5458333328125 0.6625 0.5260416671875 0.6643518515625 0.5125 0.6726851859375 0.50078125 0.675 0.49921875 0.6833333328125 0.5 0.7189814812499999 0.5109375 0.721759259375 0.55625 0.721759259375 0.5760416671875 0.7162037031249999 0.58046875 0.7 0.59453125 0.6777777781250001
0 0.4018229171875 0.965740740625 0.38125 0.94398148125 0.3505208328125 0.9615740734375 0.33671875 0.9546296296874999 0.34140625 0.9731481484375 0.3536458328125 0.9995370375 0.3958333328125 0.9995370375 0.3997395828125 0.9981481484374999 0.3997395828125 0.977777778125 0.4018229171875 0.965740740625
0 0.27109375 0.7009259265625001 0.2770833328125 0.7143518515625 0.29635416718749996 0.6791666671875001 0.27109375 0.6777777781250001 0.27109375 0.7009259265625001
0 0.3630208328125 0.6375 0.3395833328125 0.6300925921875 0.33125 0.6208333328125 0.32890625 0.625 0.3278645828125 0.6388888890625 0.3252604171875 0.647222221875 0.3182291671875 0.6504629625 0.31328125 0.6583333328125 0.3135416671875 0.6634259265625 0.3447916671875 0.6791666671875001 0.3609375 0.691203703125 0.36953125 0.6611111109375 0.36953125 0.64351851875 0.3630208328125 0.6375
0 0.16484375 0.6731481484375 0.17734375 0.6518518515625 0.1872395828125 0.6268518515625 0.20546875 0.5990740734375 0.20052083281250002 0.5921296296875 0.1921875 0.5893518515625 0.1770833328125 0.5763888890625 0.16848958281249998 0.5740740734374999 0.1565104171875 0.6120370375 0.1544270828125 0.628703703125 0.15703125 0.6546296296875 0.15703125 0.68148148125 0.15390625 0.702777778125 0.1541666671875 0.733796296875 0.16171875 0.7240740734375 0.1658854171875 0.709259259375 0.16484375 0.6731481484375