0 0.9822916671874999 0.2708333328125 0.9708333328125001 0.278240740625 0.96484375 0.2888888890625 0.9591145828125001 0.3101851859375 0.96015625 0.32777777812500003 0.96328125 0.3425925921875 0.96796875 0.3583333328125 0.97421875 0.36666666718749996 0.96171875 0.3851851859375 0.9760416671875 0.39305555625 0.9994791671875 0.415277778125 0.9997395828125001 0.2953703703125 0.996875 0.2865740734375 0.9822916671874999 0.2708333328125
0 0.9182291671874999 0.7356481484375 0.9341145828125 0.690740740625 0.93203125 0.684259259375 0.909375 0.6643518515625 0.9015625 0.6504629625 0.8833333328125 0.64305555625 0.8473958328125001 0.6578703703125 0.8338541671874999 0.6708333328125 0.8229166671874999 0.6726851859375 0.80546875 0.6944444437499999 0.8080729171875 0.734259259375 0.8106770828125001 0.752777778125 0.8145833328125001 0.7615740734374999 0.8776041671874999 0.7754629625 0.8848958328125001 0.7615740734374999 0.9088541671874999 0.7356481484375 0.9182291671874999 0.7356481484375
0 0.9997395828125001 0.6888888890625 0.9854166671875 0.6921296296875 0.9536458328125 0.7125 0.9432291671874999 0.7162037031249999 0.9286458328125 0.7162037031249999 0.91875 0.734722221875 0.9104166671874999 0.733796296875 0.9041666671874999 0.7402777781250001 0.8846354171874999 0.7620370375000001 0.88671875 0.7870370375 0.8921875 0.7949074078125 0.9005208328125001 0.7949074078125 0.9557291671874999 0.7606481484375001 0.9994791671875 0.7384259265625001 0.9997395828125001 0.6888888890625
0 0.4877604171875 0.2166666671875 0.48671875 0.19537037031249999 0.5015625 0.1976851859375 0.5106770828125 0.190740740625 0.5106770828125 0.18148148125000002 0.5002604171875 0.15277777812499999 0.49453125 0.1268518515625 0.46796875 0.1074074078125 0.47630208281249997 0.10185185156250001 0.47630208281249997 0.0888888890625 0.4682291671875 0.07083333281250001 0.4505208328125 0.0550925921875 0.440625 0.0550925921875 0.4322916671875 0.042129629687499996 0.4135416671875 0.0328703703125 0.40911458281249996 0.018518518749999997 0.4015625 0.0050925921875 0.3942708328125 0.0050925921875 0.38619791718749996 0.0175925921875 0.36276041718749996 0.0703703703125 0.35598958281250004 0.08148148125 0.3565104171875 0.09351851875 0.43541666718750005 0.196759259375 0.44609375 0.21574074062499998 0.4614583328125 0.25601851875000003 0.4817708328125 0.25601851875000003 0.4875 0.2541666671875 0.49244791718750003 0.24444444375000002 0.4877604171875 0.2166666671875
3 0.371875 0.3513888890625 0.3770833328125 0.353240740625 0.3963541671875 0.3476851859375 0.3981770828125 0.315740740625 0.3971354171875 0.3 0.3958333328125 0.29675925937500003 0.36875 0.28101851875 0.3239583328125 0.2578703703125 0.2609375 0.23009259218749997 0.25390625 0.2629629625 0.2518229171875 0.2925925921875 0.24348958281250002 0.3231481484375 0.259375 0.333796296875 0.26614583281250004 0.3523148140625 0.2822916671875 0.35601851875 0.353125 0.3375 0.35625 0.3375 0.371875 0.3513888890625
0 0.3328125 0.178240740625 0.2942708328125 0.2125 0.2708333328125 0.22916666718749998 0.2494791671875 0.20138888906250002 0.23203125 0.19444444375 0.23671875 0.2259259265625 0.2557291671875 0.2513888890625 0.2606770828125 0.23055555625 0.2630208328125 0.22916666718749998 0.32083333281250004 0.25509259218749997 0.3546875 0.2736111109375 0.3408854171875 0.20277777812500003 0.3361979171875 0.184259259375 0.3328125 0.178240740625
0 0.9994791671875 0.859722221875 0.9997395828125001 0.7398148140624999 0.9338541671874999 0.7763888890625 0.8901041671875 0.809722221875 0.88828125 0.8268518515625001 0.8817708328125 0.8513888890624999 0.8588541671875 0.8513888890624999 0.8526041671875 0.840277778125 0.8296875 0.846759259375 0.8294270828125001 0.8601851859374999 0.8307291671874999 0.8615740734375 0.8354166671875 0.8634259265625 0.8471354171875 0.859259259375 0.8372395828125001 0.8925925921875001 0.8377604171874999 0.8981481484374999 0.8419270828125001 0.9296296296875 0.8479166671874999 0.9375 0.85625 0.9375 0.8807291671874999 0.9245370375 0.9395833328125001 0.8847222218749999 0.9994791671875 0.859722221875
0 0.9078125 0.38842592656249997 0.9380208328125 0.38194444375000003 0.93828125 0.3148148140625 0.93125 0.315277778125 0.9130208328125 0.29305555625 0.9072916671875 0.291203703125 0.8916666671875 0.290277778125 0.8692708328125001 0.30694444375 0.865625 0.321759259375 0.8859375 0.32453703749999996 0.8924479171874999 0.3351851859375 0.8760416671875 0.3421296296875 0.8661458328125 0.3513888890625 0.8505208328125 0.3736111109375 0.8270833328125 0.3958333328125 0.7828125 0.42453703750000005 0.7809895828125 0.4379629625 0.7770833328125 0.44490740781250004 0.7645833328125 0.4643518515625 0.7388020828124999 0.4953703703125 0.7510416671875 0.5041666671875 0.8088541671874999 0.45601851875 0.8854166671874999 0.3976851859375 0.9078125 0.38842592656249997
0 0.9872395828125 0.503703703125 0.98046875 0.4879629625 0.9783854171874999 0.45185185156249996 0.9692708328125 0.440277778125 0.9625 0.4384259265625 0.9575520828125 0.44351851875000003 0.95546875 0.4861111109375 0.94609375 0.5518518515624999 0.95078125 0.5740740734374999 0.9546875 0.58101851875 0.984375 0.5615740734375 0.9888020828125 0.546296296875 0.9872395828125 0.503703703125
3 0.41302083281249996 0.2115740734375 0.4265625 0.215277778125 0.44505208281249997 0.21296296250000002 0.4203125 0.1745370375 0.3708333328125 0.1115740734375 0.37057291718749996 0.147222221875 0.37421875 0.20555555625 0.38203125 0.2388888890625 0.3916666671875 0.2476851859375 0.4 0.2384259265625 0.40703125 0.21851851875 0.41302083281249996 0.2115740734375
0 0.8302083328125001 0.846759259375 0.8442708328125 0.8412037031249999 0.8526041671875 0.840277778125 0.8588541671875 0.8513888890624999 0.8817708328125 0.8513888890624999 0.88828125 0.8268518515625001 0.8924479171874999 0.796296296875 0.88671875 0.7870370375 0.8846354171874999 0.7629629625 0.8776041671874999 0.7754629625 0.8651041671874999 0.7745370375 0.8166666671874999 0.7615740734374999 0.8052083328125 0.7634259265625001 0.8028645828125001 0.771296296875 0.8091145828125 0.7861111109375 0.8122395828125001 0.8129629625 0.8075520828125 0.827777778125 0.79453125 0.853703703125 0.7963541671875001 0.8847222218749999 0.80625 0.8736111109375001 0.8296875 0.8606481484374999 0.8302083328125001 0.846759259375