0 0.34036458281250004 0.1666666671875 0.3419270828125 0.1175925921875 0.34036458281250004 0.06851851875000001 0.3390625 0.0671296296875 0.321875 0.06435185156249999 0.3104166671875 0.06805555625000001 0.3049479171875 0.11388888906250001 0.2953125 0.1115740734375 0.2903645828125 0.11944444375 0.30026041718749996 0.1351851859375 0.2981770828125 0.1546296296875 0.30078125 0.17314814843749998 0.3143229171875 0.18148148125000002 0.3145833328125 0.21342592656249998 0.32760416718749996 0.1921296296875 0.33359375 0.1898148140625 0.34036458281250004 0.1666666671875
0 0.6419270828125 0.6296296296875 0.6450520828124999 0.6138888890625 0.6450520828124999 0.5990740734375 0.6408854171875 0.5916666671875 0.6575520828125 0.5620370375 0.63125 0.5050925921875 0.615625 0.48842592656250006 0.59140625 0.47222222187499996 0.58828125 0.45648148125 0.59296875 0.43981481406249995 0.59296875 0.41111111093749997 0.5888020828125 0.3861111109375 0.5841145828125 0.371296296875 0.5830729171875 0.35925925937500003 0.59296875 0.3509259265625 0.5903645828124999 0.3361111109375 0.578125 0.32453703749999996 0.5666666671875 0.34027777812500004 0.5614583328125 0.34027777812500004 0.5544270828125 0.315740740625 0.55390625 0.29444444375 0.5442708328125 0.2856481484375 0.5328125 0.2800925921875 0.521875 0.2875 0.5153645828125 0.296296296875 0.5143229171875 0.309259259375 0.50703125 0.32777777812500003 0.50703125 0.3453703703125 0.5096354171875 0.3638888890625 0.5106770828125 0.3916666671875 0.52578125 0.4509259265625 0.534375 0.4699074078125 0.5434895828124999 0.478703703125 0.4859375 0.490277778125 0.4830729171875 0.51944444375 0.4994791671875 0.5263888890625 0.5109375 0.5208333328125 0.525 0.521759259375 0.5317708328124999 0.516203703125 0.540625 0.5134259265625001 0.5526041671875 0.5134259265625001 0.5536458328125 0.534722221875 0.5252604171875 0.547222221875 0.53046875 0.5629629625 0.5356770828124999 0.6351851859375001 0.5432291671875 0.609722221875 0.5489583328125 0.6125 0.559375 0.6041666671875 0.56171875 0.6074074078125 0.5684895828125 0.646296296875 0.57578125 0.6629629625 0.5802083328125 0.66898148125 0.5953125 0.6800925921875 0.6114583328125 0.6699074078125 0.6229166671875 0.6495370375 0.6419270828125 0.6296296296875
0 0.3908854171875 0.29444444375 0.3921875 0.2865740734375 0.4 0.2875 0.39921875 0.28055555625 0.38125 0.27453703749999997 0.37447916718749996 0.278240740625 0.3825520828125 0.3129629625 0.3916666671875 0.32453703749999996 0.40260416718750003 0.3291666671875 0.40078125 0.3046296296875 0.3932291671875 0.303240740625 0.3908854171875 0.29444444375
0 0.1471354171875 0.55648148125 0.1419270828125 0.5388888890625 0.1276041671875 0.5245370375 0.12265625 0.5398148140625 0.1127604171875 0.5861111109375 0.10703125 0.622222221875 0.1598958328125 0.6375 0.16067708281249998 0.597222221875 0.1565104171875 0.577777778125 0.1471354171875 0.55648148125
0 0.3138020828125 0.18148148125000002 0.30026041718749996 0.17314814843749998 0.29765625 0.1546296296875 0.2997395828125 0.1361111109375 0.2901041671875 0.12175925937500001 0.28072916718749996 0.11342592656249999 0.2723958328125 0.1226851859375 0.2640625 0.1254629625 0.2575520828125 0.140740740625 0.2627604171875 0.1583333328125 0.2658854171875 0.1851851859375 0.2658854171875 0.22870370312500002 0.2916666671875 0.22916666718749998 0.3010416671875 0.22638888906250001 0.3138020828125 0.2138888890625 0.3138020828125 0.18148148125000002
0 0.3174479171875 0.5870370375 0.31015625 0.5231481484375 0.30859375 0.4879629625 0.3174479171875 0.42129629687500003 0.3221354171875 0.3648148140625 0.3143229171875 0.3398148140625 0.30026041718749996 0.3083333328125 0.2830729171875 0.25833333281250004 0.271875 0.24398148125 0.2604166671875 0.2513888890625 0.2604166671875 0.2375 0.23854166718749997 0.24305555625 0.19973958281249998 0.272222221875 0.24921875 0.303703703125 0.21901041718749997 0.5546296296875 0.21901041718749997 0.6083333328125 0.20963541718749998 0.6361111109375 0.20026041718749998 0.652777778125 0.215625 0.671759259375 0.29375 0.641203703125 0.3174479171875 0.6370370375000001 0.3174479171875 0.5870370375
0 0.23072916718749997 0.9143518515625001 0.22265625 0.9416666671874999 0.22005208281250002 0.9583333328125001 0.21223958281250002 0.9768518515625001 0.2127604171875 0.997222221875 0.2682291671875 0.9995370375 0.26796875 0.9731481484375 0.24479166718749998 0.9476851859375 0.23072916718749997 0.9143518515625001
0 0.08359375 0.5018518515625 0.09427083281250001 0.5023148140625 0.11484375 0.5 0.09114583281250001 0.4578703703125 0.08359375 0.5018518515625
0 0.184375 0.69305555625 0.1721354171875 0.7111111109375 0.16067708281249998 0.7629629625 0.1481770828125 0.7879629625 0.175 0.790277778125 0.1864583328125 0.8050925921875001 0.2036458328125 0.8050925921875001 0.2130208328125 0.8134259265624999 0.22135416718749998 0.8356481484374999 0.21796875 0.7916666671875 0.1872395828125 0.69351851875 0.184375 0.69305555625
0 0.6877604171875 0.85555555625 0.6505208328125 0.8004629624999999 0.6528645828124999 0.8574074078124999 0.6606770828124999 0.8666666671875 0.6640625 0.8800925921875 0.6760416671875 0.8671296296875 0.6869791671875001 0.8625 0.6877604171875 0.85555555625
0 0.9997395828125001 0.3898148140625 0.9822916671874999 0.3495370375 0.9703125 0.3384259265625 0.953125 0.3356481484375 0.9505208328125001 0.3263888890625 0.94375 0.3236111109375 0.94296875 0.322222221875 0.9502604171875 0.309259259375 0.9489583328125001 0.3078703703125 0.9328125 0.2986111109375 0.9192708328125001 0.2986111109375 0.9010416671874999 0.30416666718749996 0.9247395828125 0.35 0.9239583328125001 0.358796296875 0.91875 0.3513888890625 0.9109375 0.34861111093749997 0.90625 0.35046296250000003 0.9049479171874999 0.3518518515625 0.9049479171874999 0.3638888890625 0.9143229171874999 0.3731481484375 0.91953125 0.397222221875 0.9200520828125001 0.4240740734375 0.9268229171875 0.45648148125 0.93046875 0.49259259218749996 0.9299479171874999 0.5324074078125001 0.9463541671875 0.5393518515625 0.9515625 0.5319444437499999 0.9640625 0.5337962968750001 0.9916666671875 0.5504629624999999 0.98984375 0.51944444375 0.9997395828125001 0.5120370375000001 0.9997395828125001 0.3898148140625
0 0.89453125 0.48981481406249994 0.8825520828125001 0.41203703750000004 0.86953125 0.372222221875 0.8518229171874999 0.334259259375 0.8291666671875 0.2736111109375 0.8088541671874999 0.25601851875000003 0.7963541671875001 0.2328703703125 0.7885416671875001 0.22453703749999998 0.78828125 0.209259259375 0.7817708328124999 0.19583333281249998 0.7666666671875 0.17361111093749998 0.7489583328125 0.16157407343750002 0.7145833328125 0.17268518593749999 0.6848958328125 0.2004629625 0.6684895828124999 0.20648148125 0.6713541671875001 0.22453703749999998 0.6869791671875001 0.2365740734375 0.6989583328125 0.240277778125 0.7026041671875001 0.228240740625 0.7072916671875 0.22916666718749998 0.7080729171875 0.23333333281250002 0.70390625 0.26574074062499997 0.7364583328125 0.3134259265625 0.7927083328125 0.40416666718750005 0.8104166671874999 0.42453703750000005 0.83359375 0.459259259375 0.83359375 0.477777778125 0.8294270828125001 0.5 0.8231770828125 0.521296296875 0.8239583328125001 0.5236111109375 0.8619791671874999 0.558796296875 0.8828125 0.5643518515625 0.8955729171875 0.5583333328125 0.8966145828125001 0.534259259375 0.89453125 0.48981481406249994
0 0.5875 0.7754629625 0.5825520828124999 0.7546296296875 0.5963541671875 0.7356481484375 0.6002604171875 0.7240740734375 0.5736979171875001 0.6898148140625 0.5729166671875 0.6699074078125 0.5515625 0.6569444437499999 0.5393229171875 0.7175925921874999 0.5361979171875 0.7416666671875001 0.5419270828125 0.7666666671875 0.5473958328124999 0.809722221875 0.559375 0.7893518515625 0.5708333328124999 0.778240740625 0.5875 0.7754629625
0 0.5291666671875 0.89398148125 0.5450520828125 0.8731481484374999 0.5502604171875001 0.85555555625 0.5380208328125 0.8476851859375 0.5270833328125 0.8523148140625001 0.5036458328125 0.8513888890624999 0.49427083281249995 0.8699074078125 0.478125 0.890277778125 0.45546875 0.9055555562500001 0.49010416718750005 0.921759259375 0.4984375 0.921759259375 0.5151041671875001 0.915277778125 0.5244791671875 0.9069444437499999 0.5291666671875 0.89398148125