0 0.5890625 0.7430555562500001 0.5697916671875001 0.7236111109375 0.5552083328124999 0.728240740625 0.5559895828125 0.771296296875 0.5697916671875001 0.7763888890625 0.5802083328125 0.7763888890625 0.5953125 0.7726851859375 0.62109375 0.7546296296875 0.5890625 0.7430555562500001
0 0.5934895828125 0.5175925921875 0.5817708328125 0.49768518593750005 0.5744791671875 0.49398148124999997 0.5614583328125 0.49490740781250003 0.53125 0.508796296875 0.5393229171875 0.5175925921875 0.5408854171875 0.5259259265625 0.56640625 0.5722222218749999 0.5955729171875 0.6425925921875 0.6044270828125 0.6740740734374999 0.6255208328124999 0.6949074078125 0.62890625 0.6620370375 0.6278645828125 0.6148148140624999 0.5934895828125 0.5175925921875
0 0.14765625 0.9648148140625 0.1458333328125 0.9615740734375 0.1390625 0.9541666671875 0.1276041671875 0.9523148140625001 0.09921875 0.9703703703125001 0.09895833281250001 0.9976851859375 0.128125 0.9995370375 0.14375 0.9949074078125 0.14921875 0.9861111109375 0.14765625 0.9648148140625
3 0.5197916671875 0.8171296296874999 0.540625 0.803240740625 0.5502604171875001 0.7916666671875 0.5559895828125 0.772222221875 0.5552083328124999 0.728240740625 0.5697916671875001 0.7236111109375 0.5890625 0.7430555562500001 0.6213541671875 0.7550925921875 0.6283854171875001 0.7398148140624999 0.62578125 0.6953703703125 0.6044270828125 0.6731481484375 0.59609375 0.64444444375 0.5830729171875 0.6120370375 0.5658854171875001 0.5722222218749999 0.5403645828125 0.5259259265625 0.5380208328125 0.516203703125 0.5286458328125 0.5097222218749999 0.490625 0.5254629625 0.48203125 0.5490740734374999 0.47552083281249996 0.55694444375 0.47239583281249997 0.559722221875 0.45416666718750004 0.558796296875 0.43515625 0.5759259265625001 0.4330729171875 0.609259259375 0.4252604171875 0.634259259375 0.39921875 0.7009259265625001 0.38359375 0.7824074078125001 0.37421875 0.8083333328125001 0.3796875 0.83101851875 0.40052083281249995 0.8421296296874999 0.4203125 0.86898148125 0.4458333328125 0.853240740625 0.496875 0.8458333328125001 0.5197916671875 0.8171296296874999
0 0.19296875 0.7101851859375 0.19973958281249998 0.6898148140625 0.2075520828125 0.6759259265625001 0.20807291718749998 0.665740740625 0.20546875 0.6555555562500001 0.2 0.6458333328125 0.1875 0.64305555625 0.18020833281249998 0.6328703703125 0.1520833328125 0.678240740625 0.1453125 0.684722221875 0.14010416718750002 0.683796296875 0.1309895828125 0.7009259265625001 0.12838541718750002 0.715740740625 0.1354166671875 0.7273148140625 0.1484375 0.7393518515624999 0.1526041671875 0.7393518515624999 0.1666666671875 0.7365740734374999 0.1822916671875 0.728240740625 0.19296875 0.7101851859375
0 0.8997395828125001 0.902777778125 0.909375 0.8828703703125 0.9005208328125001 0.8763888890624999 0.8942708328125001 0.89305555625 0.8880208328125001 0.89398148125 0.8744791671875 0.8847222218749999 0.8671875 0.8745370375 0.8658854171874999 0.8759259265624999 0.8622395828125 0.8879629625 0.85703125 0.9472222218749999 0.8497395828125001 0.9796296296874999 0.8557291671874999 0.9875 0.8609375 0.9884259265625 0.8841145828125001 0.965740740625 0.89140625 0.9425925921875 0.8997395828125001 0.902777778125
0 0.9645833328125001 0.88101851875 0.9692708328125 0.8773148140625 0.9705729171874999 0.8648148140625 0.9671875 0.8578703703125001 0.9598958328125 0.8550925921875001 0.9559895828125 0.85 0.9526041671875 0.83101851875 0.946875 0.8263888890625 0.9401041671874999 0.8254629625 0.9325520828125 0.85555555625 0.9294270828125001 0.8861111109375001 0.9333333328125001 0.8921296296874999 0.9484375 0.89398148125 0.9513020828125001 0.8888888890625 0.953125 0.878240740625 0.9645833328125001 0.88101851875
0 0.88203125 0.8240740734375 0.9158854171874999 0.759259259375 0.9205729171874999 0.7296296296875 0.796875 0.596759259375 0.75625 0.5615740734375 0.7489583328125 0.55601851875 0.746875 0.55694444375 0.7380208328125 0.5643518515625 0.72578125 0.5833333328125 0.72109375 0.609259259375 0.7325520828125 0.7074074078125 0.7361979171875 0.8138888890624999 0.7528645828125 0.8611111109375 0.77265625 0.928703703125 0.7591145828125 0.9675925921875 0.7802083328125 0.9995370375 0.8442708328125 0.9995370375 0.85703125 0.9472222218749999 0.86328125 0.8851851859375 0.88203125 0.8240740734375
3 0.3895833328125 0.0986111109375 0.38723958281250004 0.11574074062499999 0.39453125 0.134259259375 0.3986979171875 0.1574074078125 0.40729166718750004 0.17361111093749998 0.4140625 0.18101851875 0.41171875 0.0898148140625 0.41041666718750003 0.083796296875 0.3895833328125 0.0986111109375
0 0.40052083281249995 0.28379629687499996 0.4213541671875 0.290277778125 0.4265625 0.29675925937500003 0.43255208281249996 0.29444444375 0.43723958281249997 0.2796296296875 0.43255208281249996 0.25 0.43203125 0.225 0.4291666671875 0.2125 0.4203125 0.2125 0.4140625 0.20138888906250002 0.4109375 0.2004629625 0.3864583328125 0.1949074078125 0.3700520828125 0.1981481484375 0.3669270828125 0.22314814843750003 0.3669270828125 0.29444444375 0.3760416671875 0.309722221875 0.38333333281250004 0.309722221875 0.38723958281250004 0.303703703125 0.3932291671875 0.28472222187499996 0.40052083281249995 0.28379629687499996
0 0.3919270828125 0.45370370312499997 0.3924479171875 0.45185185156249996 0.38619791718749996 0.44259259218749997 0.4028645828125 0.41111111093749997 0.39921875 0.396296296875 0.4010416671875 0.3865740734375 0.41614583281249995 0.38935185156249996 0.434375 0.384722221875 0.4484375 0.36898148124999997 0.4604166671875 0.3625 0.4674479171875 0.352777778125 0.4721354171875 0.33055555625 0.48723958281249996 0.28796296250000003 0.47291666718750003 0.2791666671875 0.45677083281249997 0.27453703749999997 0.4380208328125 0.28194444375 0.4322916671875 0.2958333328125 0.4270833328125 0.2976851859375 0.4213541671875 0.291203703125 0.4 0.28472222187499996 0.3927083328125 0.2856481484375 0.38671875 0.3046296296875 0.3828125 0.3106481484375 0.3752604171875 0.3111111109375 0.3747395828125 0.3240740734375 0.3682291671875 0.333796296875 0.3604166671875 0.3375 0.3473958328125 0.3541666671875 0.3291666671875 0.358796296875 0.3369791671875 0.3726851859375 0.3690104171875 0.4074074078125 0.3674479171875 0.4268518515625 0.36328125 0.44907407343749994 0.3513020828125 0.49259259218749996 0.3625 0.503240740625 0.3713541671875 0.490277778125 0.38333333281250004 0.478240740625 0.3919270828125 0.45370370312499997
0 0.33671875 0.6009259265625 0.32369791718749996 0.5740740734374999 0.32369791718749996 0.5546296296875 0.3424479171875 0.49351851875 0.3518229171875 0.4916666671875 0.3658854171875 0.4370370375 0.3690104171875 0.40833333281249995 0.3369791671875 0.3726851859375 0.32864583281250004 0.35972222187499997 0.2953125 0.353240740625 0.28671875 0.3425925921875 0.2809895828125 0.3240740734375 0.2802083328125 0.2958333328125 0.309375 0.308796296875 0.3184895828125 0.302777778125 0.31588541718749996 0.29444444375 0.3174479171875 0.2703703703125 0.31302083281250004 0.24305555625 0.2901041671875 0.2504629625 0.26614583281250004 0.2541666671875 0.246875 0.246759259375 0.22890625 0.33148148125 0.21015625 0.40277777812500004 0.2065104171875 0.43148148124999997 0.21979166718749998 0.4578703703125 0.2466145828125 0.48703703750000005 0.2903645828125 0.609259259375 0.2989583328125 0.6236111109375 0.3166666671875 0.6347222218749999 0.32083333281250004 0.6254629625 0.3372395828125 0.61851851875 0.33671875 0.6009259265625
3 0.546875 0.2976851859375 0.5552083328124999 0.28101851875 0.5682291671875 0.2773148140625 0.5791666671875 0.26805555625 0.59453125 0.23148148124999998 0.5614583328125 0.2115740734375 0.5416666671875 0.20601851875000002 0.48072916718750003 0.20138888906250002 0.43541666718750005 0.20601851875000002 0.4302083328125 0.21064814843750002 0.43255208281249996 0.24907407343750002 0.43723958281249997 0.28148148125 0.45677083281249997 0.2736111109375 0.47291666718750003 0.278240740625 0.4869791671875 0.2865740734375 0.4721354171875 0.33055555625 0.4791666671875 0.3393518515625 0.4984375 0.3449074078125 0.509375 0.34398148125 0.521875 0.334722221875 0.546875 0.2976851859375
0 0.47161458281249996 0.9351851859375 0.4721354171875 0.902777778125 0.4640625 0.89305555625 0.4453125 0.89305555625 0.4328125 0.8856481484375 0.4010416671875 0.8421296296874999 0.3802083328125 0.83101851875 0.3747395828125 0.809259259375 0.36484375 0.8018518515625 0.36171875 0.75555555625 0.3544270828125 0.7296296296875 0.32473958281250004 0.6796296296875 0.3177083328125 0.6634259265625 0.30520833281250004 0.6541666671875 0.284375 0.6486111109375 0.275 0.6541666671875 0.25703125 0.6861111109375 0.2528645828125 0.7111111109375 0.24140625 0.7259259265625 0.21796875 0.7787037031249999 0.1833333328125 0.8356481484374999 0.18046875 0.8444444437499999 0.18671875 0.85 0.1815104171875 0.877777778125 0.1799479171875 0.896296296875 0.18515625 0.9277777781250001 0.18359375 0.9518518515625001 0.196875 0.9995370375 0.4526041671875 0.9995370375 0.46119791718750003 0.9879629624999999 0.46380208281249996 0.977777778125 0.47161458281249996 0.9351851859375
3 0.7356770828125 0.9648148140625 0.74296875 0.9490740734375 0.74921875 0.9018518515625 0.7481770828125 0.877777778125 0.74140625 0.847222221875 0.7408854171875 0.8398148140625 0.7434895828125 0.8361111109375001 0.7356770828125 0.8138888890624999 0.73203125 0.7083333328125 0.7205729171875 0.6101851859375 0.7252604171875 0.584259259375 0.7372395828125 0.5648148140625 0.7130208328125 0.559722221875 0.6859375 0.5375 0.6825520828125 0.49444444374999996 0.6684895828124999 0.45370370312499997 0.6557291671875001 0.42731481406249994 0.6104166671875 0.38935185156249996 0.5932291671875001 0.3921296296875 0.5846354171875 0.4129629625 0.6174479171875 0.509259259375 0.6171875 0.5171296296875 0.609375 0.5115740734374999 0.6046875 0.5115740734374999 0.596875 0.5134259265625001 0.5934895828125 0.5175925921875 0.6283854171875001 0.6148148140624999 0.6294270828124999 0.6620370375 0.6263020828125 0.7 0.6294270828124999 0.7379629624999999 0.621875 0.7550925921875 0.5885416671875 0.7773148140624999 0.5815104171875001 0.7925925921875 0.5880208328125 0.8106481484374999 0.6380208328125 0.809722221875 0.6484375 0.8134259265624999 0.6559895828125 0.840740740625 0.6565104171875 0.8638888890624999 0.6841145828124999 0.878703703125 0.6877604171875 0.9129629625 0.6908854171875001 0.99444444375 0.7026041671875001 0.9995370375 0.7098958328125 0.9958333328125001 0.725 0.98101851875 0.7356770828125 0.9648148140625
3 0.36875 0.3328703703125 0.3752604171875 0.3231481484375 0.37578125 0.309259259375 0.3635416671875 0.2875 0.35625 0.28101851875 0.33541666718749996 0.28472222187499996 0.32083333281250004 0.30046296250000004 0.3104166671875 0.3078703703125 0.28046875 0.2953703703125 0.2815104171875 0.3231481484375 0.2872395828125 0.3416666671875 0.2901041671875 0.3458333328125 0.2984375 0.353240740625 0.3291666671875 0.358796296875 0.3479166671875 0.353240740625 0.3609375 0.3365740734375 0.36875 0.3328703703125
3 0.22630208281250003 0.522222221875 0.22942708281250002 0.4916666671875 0.22942708281250002 0.46851851875 0.21979166718749998 0.45694444375 0.20234375 0.4574074078125 0.1731770828125 0.547222221875 0.1817708328125 0.5643518515625 0.1911458328125 0.5699074078125 0.19583333281249998 0.56898148125 0.21770833281250002 0.5513888890625 0.22630208281250003 0.522222221875