0 0.4361979171875 0.5379629625 0.44114583281249997 0.5310185187500001 0.45625 0.55601851875 0.4625 0.558796296875 0.46848958281249997 0.553703703125 0.45703125 0.50648148125 0.45078125 0.49351851875 0.43541666718750005 0.48101851875 0.425 0.4643518515625 0.4171875 0.45601851875 0.40260416718750003 0.45324074062499997 0.3916666671875 0.45694444375 0.3869791671875 0.46342592656250003 0.3296875 0.55601851875 0.2596354171875 0.6805555562500001 0.27682291718749996 0.7425925921875 0.2888020828125 0.7953703703125 0.2997395828125 0.7990740734374999 0.30130208281250004 0.8166666671874999 0.3111979171875 0.852777778125 0.3213541671875 0.8652777781250001 0.3427083328125 0.8652777781250001 0.36015625 0.8083333328125001 0.4361979171875 0.6648148140625 0.4361979171875 0.5379629625
0 0.58125 0.5912037031249999 0.6557291671875001 0.5736111109375 0.6502604171875 0.5509259265625001 0.6419270828125 0.5287037031249999 0.63125 0.515277778125 0.5984375 0.54305555625 0.5747395828124999 0.5731481484375001 0.56953125 0.5953703703125 0.5572916671875 0.6171296296875 0.5447916671875 0.6291666671875 0.5291666671875 0.63101851875 0.53203125 0.64351851875 0.5455729171875 0.6620370375 0.5489583328125 0.6773148140624999 0.5588541671875 0.66805555625 0.5658854171875001 0.6555555562500001 0.58125 0.5912037031249999
0 0.9997395828125001 0.9240740734375 0.9997395828125001 0.7703703703125 0.975 0.7597222218749999 0.95625 0.7550925921875 0.9526041671875 0.7773148140624999 0.9395833328125001 0.7708333328125 0.93359375 0.7814814812499999 0.9315104171874999 0.7925925921875 0.9315104171874999 0.8138888890624999 0.92890625 0.8370370375 0.9427083328125001 0.8513888890624999 0.9450520828125001 0.859259259375 0.93828125 0.8648148140625 0.93828125 0.8990740734375 0.9505208328125001 0.9060185187500001 0.9528645828125001 0.8898148140625001 0.9572916671874999 0.890277778125 0.9622395828125001 0.9111111109375001 0.9729166671874999 0.941203703125 0.9895833328125001 0.9449074078124999 0.98359375 0.9240740734375 0.9989583328125 0.9328703703125001 0.9997395828125001 0.9240740734375
0 0.87890625 0.384259259375 0.8614583328125001 0.3634259265625 0.8546875 0.35046296250000003 0.8421875 0.3541666671875 0.8375 0.358796296875 0.82734375 0.3953703703125 0.8122395828125001 0.41944444374999995 0.821875 0.416203703125 0.8338541671874999 0.41805555625 0.83671875 0.41944444374999995 0.840625 0.43009259218749996 0.8432291671875 0.43009259218749996 0.8697916671874999 0.41805555625 0.8778645828125 0.3981481484375 0.87890625 0.384259259375
0 0.9395833328125001 0.7699074078125 0.9533854171874999 0.775 0.9559895828125 0.75555555625 0.9578125 0.715277778125 0.8875 0.7023148140625 0.8658854171874999 0.6944444437499999 0.8786458328125001 0.7254629625 0.9270833328125001 0.7958333328125 0.93203125 0.790740740625 0.93359375 0.7805555562500001 0.9395833328125001 0.7699074078125
0 0.9997395828125001 0.12129629687500001 0.9979166671874999 0.1199074078125 0.9802083328125001 0.13194444375 0.9544270828125001 0.1574074078125 0.95625 0.1578703703125 0.9729166671874999 0.1523148140625 0.9989583328125 0.14861111093749999 0.9997395828125001 0.12129629687500001
0 0.8380208328125001 0.35972222187499997 0.8427083328125 0.3550925921875 0.8544270828125 0.3509259265625 0.8497395828125001 0.3231481484375 0.84765625 0.2870370375 0.8434895828125001 0.2611111109375 0.83203125 0.22870370312500002 0.85078125 0.21203703749999997 0.8481770828125 0.1990740734375 0.8276041671875 0.1504629625 0.7541666671875 0.11435185156250001 0.7380208328125 0.0976851859375 0.721875 0.0875 0.7052083328125 0.09305555625 0.67578125 0.125 0.6341145828125 0.22685185156249998 0.6268229171875 0.29351851875 0.6341145828125 0.34351851875 0.6361979171875001 0.3509259265625 0.6567708328124999 0.384722221875 0.6828125 0.403240740625 0.7166666671875 0.41805555625 0.7505208328124999 0.428240740625 0.7828125 0.43194444374999996 0.8125 0.4199074078125 0.8278645828125001 0.3953703703125 0.8380208328125001 0.35972222187499997
3 0.06796875 0.6981481484375001 0.07161458281250001 0.678703703125 0.0830729171875 0.652777778125 0.08854166718749999 0.63101851875 0.0723958328125 0.6245370375 0.05729166718749999 0.628240740625 0.0458333328125 0.6486111109375 0.0380208328125 0.6523148140624999 0.01640625 0.6546296296875 0.014322917187500001 0.6777777781250001 0.0169270828125 0.6990740734374999 0.025260417187500002 0.70648148125 0.02734375 0.7268518515625 0.0333333328125 0.7375 0.0411458328125 0.741203703125 0.060416667187499995 0.7300925921875 0.06796875 0.7194444437499999 0.06796875 0.6981481484375001
3 0 0.9925925921875001 0.009375 0.996759259375 0.0635416671875 0.9995370375 0.06979166718749999 0.99398148125 0.08828125 0.965740740625 0.0997395828125 0.922222221875 0.12317708281249999 0.8740740734375001 0.1393229171875 0.8324074078124999 0.1424479171875 0.803703703125 0.1721354171875 0.746296296875 0.16953125 0.7259259265625 0.1442708328125 0.6773148140624999 0.11875 0.70601851875 0.0921875 0.7291666671875 0.0744791671875 0.7569444437499999 0.0625 0.7699074078125 0.0723958328125 0.79305555625 0.0557291671875 0.8013888890624999 0.0390625 0.8013888890624999 0.0265625 0.808796296875 0.01171875 0.8462962968750001 0 0.8666666671875 0 0.9925925921875001
0 0.62265625 0.70648148125 0.6190104171875 0.690740740625 0.640625 0.66805555625 0.6411458328124999 0.6587962968750001 0.6588541671875 0.6476851859375 0.6747395828125 0.63055555625 0.6669270828125 0.6148148140624999 0.66328125 0.602777778125 0.66015625 0.590740740625 0.66015625 0.578703703125 0.6583333328125 0.5754629625 0.58125 0.5921296296875 0.5658854171875001 0.6564814812499999 0.559375 0.66805555625 0.5481770828125 0.6777777781250001 0.5666666671875 0.68194444375 0.5927083328125 0.68194444375 0.58984375 0.70648148125 0.5903645828124999 0.722222221875 0.5979166671875 0.7430555562500001 0.6059895828124999 0.747222221875 0.6088541671875001 0.7615740734374999 0.61640625 0.746296296875 0.62265625 0.7259259265625 0.62265625 0.70648148125
3 0.4544270828125 0.8398148140625 0.4565104171875 0.7898148140625 0.4643229171875 0.775 0.47109375 0.7518518515625 0.46796875 0.6898148140625 0.46796875 0.6509259265625 0.46171875 0.5944444437499999 0.44166666718750003 0.5310185187500001 0.43671875 0.5379629625 0.43671875 0.54351851875 0.43984375 0.577777778125 0.44765625 0.6120370375 0.45494791718750005 0.6731481484375 0.46171875 0.7481481484375 0.46015625 0.7574074078125 0.45104166718750005 0.778240740625 0.43541666718750005 0.790277778125 0.4231770828125 0.8222222218749999 0.3927083328125 0.8680555562500001 0.3776041671875 0.88101851875 0.359375 0.8884259265625 0.3479166671875 0.8884259265625 0.3182291671875 0.8615740734375 0.303125 0.8439814812499999 0.278125 0.80601851875 0.2625 0.7754629625 0.2515625 0.7606481484375001 0.2390625 0.7495370375 0.2130208328125 0.7050925921875 0.20052083281250002 0.6921296296875 0.1895833328125 0.6875 0.1822916671875 0.6921296296875 0.16848958281249998 0.7212962968750001 0.1721354171875 0.7453703703125 0.21510416718749997 0.8134259265624999 0.22916666718749998 0.81898148125 0.2692708328125 0.85601851875 0.32760416718749996 0.9041666671874999 0.3453125 0.9134259265625 0.3609375 0.9134259265625 0.3942708328125 0.9115740734375001 0.4458333328125 0.85601851875 0.4544270828125 0.8398148140625
3 0.9190104171875 0.3990740734375 0.91640625 0.371296296875 0.9013020828125 0.30648148124999997 0.8981770828125001 0.23518518593749999 0.8635416671874999 0.228240740625 0.8510416671875 0.2125 0.8328125 0.22638888906250001 0.83203125 0.22870370312500002 0.8434895828125001 0.2601851859375 0.84765625 0.28611111093749997 0.8497395828125001 0.322222221875 0.8544270828125 0.35 0.8614583328125001 0.3634259265625 0.9140625 0.4291666671875 0.9244791671874999 0.42731481406249994 0.9247395828125 0.425 0.9190104171875 0.3990740734375
0 0.2401041671875 0.6523148140624999 0.2549479171875 0.6398148140625 0.2325520828125 0.48425925937500003 0.2208333328125 0.4384259265625 0.2109375 0.428240740625 0.1984375 0.42453703750000005 0.1859375 0.4236111109375 0.1755208328125 0.42731481406249994 0.08854166718749999 0.48379629687500003 0.061979167187499996 0.508796296875 0.04609375 0.5333333328125 0.0419270828125 0.5527777781250001 0.0497395828125 0.5722222218749999 0.05989583281250001 0.5884259265625 0.08645833281250001 0.5643518515625 0.1078125 0.5375 0.1302083328125 0.51805555625 0.1369791671875 0.51805555625 0.1265625 0.5328703703125 0.1184895828125 0.5379629625 0.12838541718750002 0.5796296296875 0.1434895828125 0.63148148125 0.1638020828125 0.6861111109375 0.1708333328125 0.6875 0.1786458328125 0.6865740734375 0.2010416671875 0.6754629624999999 0.2401041671875 0.6523148140624999