0 0.7875 0.446759259375 0.8052083328125 0.44120370312499996 0.8643229171875 0.44166666718750003 0.87265625 0.4138888890625 0.8768229171874999 0.309259259375 0.88359375 0.2379629625 0.884375 0.15879629687500002 0.8578125 0.1671296296875 0.8307291671874999 0.16805555625 0.8041666671875 0.165277778125 0.7989583328125 0.1550925921875 0.784375 0.1513888890625 0.7276041671875 0.171759259375 0.71796875 0.1861111109375 0.6903645828125 0.2611111109375 0.6768229171875 0.3046296296875 0.6768229171875 0.3240740734375 0.6846354171875 0.36851851875 0.6877604171875 0.4268518515625 0.7119791671875 0.45601851875 0.7203125 0.459722221875 0.7494791671875001 0.45046296249999995 0.7671875 0.446759259375 0.7875 0.446759259375
0 0.9989583328125 0.2884259265625 0.9697916671875 0.271759259375 0.92734375 0.2601851859375 0.9065104171874999 0.42870370312499995 0.89921875 0.46666666718750005 0.9161458328125001 0.478240740625 0.9317708328125001 0.478240740625 0.9692708328125 0.4763888890625 0.9986979171874999 0.45648148125 0.9989583328125 0.2884259265625
1 0.7674479171875 0.0388888890625 0.7684895828125 0.0268518515625 0.7653645828125 0.0120370375 0.7619791671875 0.00601851875 0.7494791671875001 0.009722221875000001 0.6997395828124999 0.0629629625 0.7083333328125 0.07083333281250001 0.7114583328124999 0.06435185156249999 0.74375 0.028240740625 0.7552083328125 0.017129629687500002 0.7578125 0.01805555625 0.7596354171875 0.030555556249999997 0.7580729171875 0.045370370312500005 0.7518229171875 0.0648148140625 0.7434895828125 0.10648148125000001 0.7505208328124999 0.115277778125 0.7544270828124999 0.08518518593749999 0.7622395828124999 0.0648148140625 0.7674479171875 0.0388888890625
1 0.66171875 0.3333333328125 0.6653645828125 0.315740740625 0.6598958328125 0.3134259265625 0.6567708328124999 0.31805555625 0.6536458328125 0.31805555625 0.6208333328125 0.3115740734375 0.5140625 0.34120370312500004 0.5119791671875 0.34120370312500004 0.5080729171875 0.3324074078125 0.5104166671875 0.3236111109375 0.6153645828125 0.1851851859375 0.6078125 0.1773148140625 0.5723958328125 0.22175925937500002 0.4966145828125 0.325 0.49765625 0.3351851859375 0.5036458328125 0.3458333328125 0.5098958328125 0.35046296250000003 0.515625 0.35046296250000003 0.6135416671875 0.33101851875 0.6520833328125 0.34027777812500004 0.66171875 0.3333333328125
0 0.89921875 0.46666666718750005 0.90546875 0.43333333281249997 0.91171875 0.375 0.92109375 0.315740740625 0.9265625 0.259722221875 0.9140625 0.2486111109375 0.8989583328125 0.24212962968750001 0.8830729171874999 0.2398148140625 0.8768229171874999 0.3101851859375 0.87265625 0.41944444374999995 0.8645833328125001 0.44305555625000004 0.8442708328125 0.466203703125 0.82734375 0.46944444374999994 0.8247395828125 0.48148148125 0.8247395828125 0.497222221875 0.8333333328125001 0.5134259265625001 0.8614583328125001 0.5041666671875 0.884375 0.4865740734375 0.89921875 0.46666666718750005
0 0.6763020828124999 0.3148148140625 0.6768229171875 0.303703703125 0.68828125 0.26574074062499997 0.71796875 0.1861111109375 0.725 0.17546296249999999 0.7778645828124999 0.1546296296875 0.7411458328125 0.10601851874999998 0.7388020828124999 0.1074074078125 0.71953125 0.15277777812499999 0.6736979171875 0.2833333328125 0.66171875 0.3324074078125 0.6544270828125 0.34629629687499996 0.65703125 0.3574074078125 0.66171875 0.3648148140625 0.6596354171875001 0.375 0.6653645828125 0.39074074062499997 0.6802083328124999 0.40972222187499996 0.6854166671875 0.41157407343749997 0.6841145828124999 0.36851851875 0.6768229171875 0.32777777812500003 0.6763020828124999 0.3148148140625
0 0.8588541671875 0.54398148125 0.8565104171875 0.5416666671875 0.8674479171874999 0.5074074078125 0.8671875 0.503240740625 0.8588541671875 0.503240740625 0.8333333328125001 0.5134259265625001 0.8192708328125 0.5125 0.8046875 0.5041666671875 0.7838541671875 0.48472222187499997 0.7380208328125 0.4550925921875 0.7348958328124999 0.45416666718750004 0.7283854171875 0.4583333328125 0.8375 0.5550925921875 0.8463541671874999 0.5578703703125 0.8627604171875 0.5518518515624999 0.8651041671874999 0.5421296296875 0.8588541671875 0.54398148125
0 0 0.6731481484375 0.0010416671875 0.6736111109375 0.0171875 0.66805555625 0.0645833328125 0.6384259265625001 0.06901041718749999 0.6240740734375 0.06901041718749999 0.58055555625 0.0682291671875 0.5458333328125 0.060416667187499995 0.5523148140624999 0.0453125 0.5773148140625 0.0359375 0.58194444375 0.010677082812499999 0.5175925921875 0 0.466203703125 0 0.6731481484375
3 0.1875 0 0.19765625 0.0425925921875 0.22109375 0.10370370312499999 0.253125 0.1541666671875 0.2614583328125 0.15694444375 0.28046875 0.13148148125 0.28463541718749996 0.1166666671875 0.2940104171875 0.102777778125 0.3028645828125 0.0731481484375 0.3044270828125 0.065740740625 0.3033854171875 0.04351851875 0.29765625 0 0.1875 0
0 0 0.46666666718750005 0.010677082812499999 0.51851851875 0.0263020828125 0.5611111109375 0.0364583328125 0.5828703703125 0.0453125 0.578240740625 0.060416667187499995 0.553240740625 0.07083333281250001 0.5476851859375 0.0859375 0.5337962968750001 0.1067708328125 0.5245370375 0.1130208328125 0.5125 0.13359375 0.490740740625 0.12890625 0.465740740625 0.12838541718750002 0.43518518593750005 0.1236979171875 0.4166666671875 0.1109375 0.40694444374999994 0.09895833281250001 0.3865740734375 0.0760416671875 0.3550925921875 0.07421875 0.3518518515625 0.0731770828125 0.334259259375 0.06510416718749999 0.3263888890625 0.059375 0.3365740734375 0.0427083328125 0.33101851875 0.0239583328125 0.3476851859375 0 0.3601851859375 0 0.46666666718750005
3 0.34713541718749996 0.86851851875 0.34713541718749996 0.8509259265625 0.3544270828125 0.821296296875 0.3651041671875 0.8106481484374999 0.37734375 0.7916666671875 0.40703125 0.7083333328125 0.4497395828125 0.6129629624999999 0.44739583281249995 0.608796296875 0.4369791671875 0.60601851875 0.41302083281249996 0.5930555562500001 0.3942708328125 0.5800925921875 0.39296875 0.5768518515625 0.3924479171875 0.5629629625 0.40703125 0.47407407343749997 0.4205729171875 0.41203703750000004 0.4231770828125 0.38055555625 0.41302083281249996 0.358796296875 0.3947916671875 0.3300925921875 0.3875 0.32824074062499997 0.3604166671875 0.34305555625 0.3359375 0.38009259218749997 0.3111979171875 0.440740740625 0.3059895828125 0.4611111109375 0.2861979171875 0.4916666671875 0.23203125 0.615740740625 0.21223958281250002 0.671296296875 0.23828125 0.7259259265625 0.23984375 0.734259259375 0.2388020828125 0.7574074078125 0.23203125 0.7638888890625 0.23723958281250002 0.771296296875 0.19192708281249998 0.8120370375 0.21171875 0.86851851875 0.25052083281250004 0.9495370375000001 0.2619791671875 0.9625 0.2822916671875 0.9689814812499999 0.2953125 0.9875 0.30416666718749996 0.9875 0.3174479171875 0.9240740734375 0.32421875 0.9055555562500001 0.34713541718749996 0.86851851875