0 0.44036458281249996 0.309259259375 0.5270833328125 0.3634259265625 0.49322916718750004 0.32453703749999996 0.4614583328125 0.28194444375 0.44036458281249996 0.309259259375
0 0 0.7120370375 0.014583332812499999 0.7125 0.02265625 0.7101851859375 0.050260417187499996 0.61944444375 0.0596354171875 0.575 0.05859375 0.54444444375 0.051302082812500004 0.5083333328124999 0.0401041671875 0.4865740734375 0 0.45416666718750004 0 0.7120370375
0 0.5434895828124999 0.5490740734374999 0.5528645828125 0.478703703125 0.5705729171875 0.4370370375 0.5731770828125 0.42314814843750004 0.55390625 0.39351851875 0.5453125 0.3736111109375 0.5372395828125 0.3861111109375 0.5315104171875 0.40555555625000006 0.5174479171875 0.4296296296875 0.48828125 0.49351851875 0.46796875 0.5490740734374999 0.4466145828125 0.5981481484375 0.4614583328125 0.6050925921875 0.4984375 0.6134259265625001 0.5203125 0.6134259265625001 0.5270833328125 0.608796296875 0.5341145828125 0.5898148140624999 0.5434895828124999 0.5490740734374999
0 0.959375 0.17268518593749999 0.9484375 0.18194444375000002 0.9408854171875 0.1925925921875 0.9377604171874999 0.20370370312500002 0.9458333328125 0.21064814843750002 0.9651041671874999 0.2078703703125 0.9809895828125 0.23240740781250002 0.9893229171875 0.253703703125 0.9994791671875 0.2699074078125 0.9994791671875 0.1643518515625 0.9739583328125001 0.1671296296875 0.959375 0.17268518593749999
0 0.9026041671874999 0.2125 0.8885416671874999 0.21435185156249997 0.8807291671874999 0.21898148125 0.8653645828125001 0.246296296875 0.8765625 0.2578703703125 0.8833333328125 0.259722221875 0.8893229171874999 0.25833333281250004 0.8986979171874999 0.23148148124999998 0.9026041671874999 0.2125
0 0.9317708328125001 0.890277778125 0.9486979171875 0.8898148140625001 0.9518229171874999 0.8759259265624999 0.9549479171874999 0.83148148125 0.9549479171874999 0.8129629625 0.95234375 0.7925925921875 0.9432291671874999 0.7671296296875 0.93359375 0.7611111109375 0.9411458328125001 0.7513888890625 0.9703125 0.7476851859375 0.9765625 0.7449074078125 0.9833333328125 0.7365740734374999 0.9890625 0.7365740734374999 0.9966145828125 0.73148148125 0.9903645828125001 0.7120370375 0.9848958328125 0.703240740625 0.9796875 0.696759259375 0.9661458328125001 0.6884259265625 0.9606770828125001 0.6805555562500001 0.9692708328125 0.6513888890625 0.9979166671874999 0.6476851859375 0.99921875 0.646296296875 0.99921875 0.63055555625 0.9856770828125001 0.609259259375 0.9893229171875 0.5861111109375 0.98125 0.5791666671875 0.9697916671875 0.5773148140625 0.9565104171875 0.5305555562500001 0.9453125 0.5300925921874999 0.9354166671874999 0.51805555625 0.90234375 0.45370370312499997 0.8950520828125 0.43518518593750005 0.878125 0.40972222187499996 0.8677083328125 0.38935185156249996 0.8565104171875 0.3768518515625 0.8481770828125 0.3601851859375 0.85234375 0.35648148125 0.8411458328125001 0.3375 0.8341145828125001 0.353703703125 0.8263020828125001 0.38055555625 0.8263020828125001 0.415740740625 0.82265625 0.447222221875 0.8200520828125001 0.49444444374999996 0.80859375 0.55648148125 0.8190104171874999 0.5944444437499999 0.8356770828125001 0.6240740734375 0.8309895828125 0.627777778125 0.8252604171875 0.646296296875 0.8203125 0.6754629624999999 0.80625 0.678240740625 0.7880208328125 0.6699074078125 0.7809895828125 0.703703703125 0.81875 0.7615740734374999 0.8611979171874999 0.8370370375 0.87734375 0.86851851875 0.8794270828125 0.878703703125 0.8869791671874999 0.89305555625 0.9005208328125001 0.8921296296874999 0.9078125 0.8884259265625 0.9145833328125 0.8800925921875 0.9236979171874999 0.9148148140625001 0.9302083328125 0.916203703125 0.93359375 0.9083333328125001 0.9315104171874999 0.8990740734375 0.9317708328125001 0.890277778125
0 0.7403645828125 0.8833333328125 0.6932291671875 0.8745370375 0.6971354171875 0.9138888890624999 0.7057291671875 0.91805555625 0.7114583328124999 0.9143518515625001 0.721875 0.9143518515625001 0.7403645828125 0.8833333328125
0 0.7403645828125 0.3361111109375 0.73671875 0.3166666671875 0.7294270828125 0.29444444375 0.72109375 0.27777777812500004 0.7130208328125 0.22546296250000003 0.6989583328125 0.2226851859375 0.6854166671875 0.2273148140625 0.6744791671875 0.22453703749999998 0.6588541671875 0.2125 0.6484375 0.2125 0.6385416671875 0.2171296296875 0.6322916671875001 0.2115740734375 0.6268229171875 0.221296296875 0.62734375 0.252777778125 0.6432291671875 0.29398148125 0.6760416671875 0.333796296875 0.7130208328125 0.3736111109375 0.7239583328125 0.3791666671875 0.7515625 0.40601851875 0.7544270828124999 0.3981481484375 0.7481770828125 0.3574074078125 0.7403645828125 0.3361111109375
0 0.7395833328125 0.4828703703125 0.7526041671875 0.4865740734375 0.7611979171875001 0.471296296875 0.7653645828125 0.4574074078125 0.76640625 0.43240740781250003 0.76484375 0.42222222187499997 0.7520833328125 0.40601851875 0.728125 0.3828703703125 0.7125 0.3726851859375 0.6666666671875 0.3226851859375 0.6317708328125 0.2791666671875 0.6182291671875 0.26898148125 0.6052083328125 0.2541666671875 0.6153645828125 0.3453703703125 0.6169270828125 0.38333333281250004 0.6166666671875001 0.391203703125 0.60859375 0.396296296875 0.6216145828124999 0.42222222187499997 0.634375 0.45694444375 0.6645833328124999 0.48842592656250006 0.6765625 0.49583333281249997 0.6932291671875 0.48564814843750004 0.7067708328125 0.4828703703125 0.7395833328125 0.4828703703125
0 0.5497395828125 0.2601851859375 0.55234375 0.24444444375000002 0.5575520828125 0.23611111093749998 0.5598958328125 0.20601851875000002 0.5401041671875 0.1986111109375 0.5299479171875 0.1990740734375 0.52734375 0.24259259218749998 0.5216145828125 0.2648148140625 0.5200520828124999 0.27870370312500004 0.5223958328125 0.2921296296875 0.5296875 0.2921296296875 0.5338541671875 0.2800925921875 0.5421875 0.2736111109375 0.5497395828125 0.2601851859375
3 0.5958333328125 0.184722221875 0.6143229171875 0.15925925937500002 0.6247395828125 0.12592592656249998 0.63359375 0.08518518593749999 0.6348958328125 0.054166667187499996 0.628125 0.052314814062500006 0.5973958328125 0.05694444375 0.5536458328125 0.040277778125000004 0.5244791671875 0.0393518515625 0.4927083328125 0.033796296875 0.45859375 0.0740740734375 0.45234375 0.09444444375 0.475 0.140277778125 0.49322916718750004 0.141203703125 0.5229166671875001 0.19398148125 0.5296875 0.19953703750000001 0.5442708328125 0.2004629625 0.5604166671875 0.20694444375 0.5580729171875001 0.23333333281250002 0.5580729171875001 0.2370370375 0.5598958328125 0.2375 0.571875 0.23379629687499998 0.5822916671875 0.1949074078125 0.5958333328125 0.184722221875