0 0.3221354171875 0.4916666671875 0.32369791718749996 0.475 0.3140625 0.478240740625 0.3026041671875 0.490277778125 0.28671875 0.5296296296875 0.28567708281250004 0.534259259375 0.28854166718749996 0.534722221875 0.3260416671875 0.5245370375 0.3299479171875 0.5111111109375 0.3221354171875 0.4916666671875
0 0.17135416718750002 0.6125 0.18697916718750002 0.609722221875 0.21380208281250002 0.5314814812499999 0.2309895828125 0.4620370375 0.24244791718749997 0.4388888890625 0.24869791718749998 0.4129629625 0.2513020828125 0.3879629625 0.2596354171875 0.3703703703125 0.2596354171875 0.3351851859375 0.2559895828125 0.2916666671875 0.2440104171875 0.26203703749999996 0.2328125 0.2486111109375 0.2203125 0.25601851875000003 0.21614583281250002 0.27453703749999997 0.2010416671875 0.2986111109375 0.1854166671875 0.315277778125 0.18411458281249998 0.3138888890625 0.18411458281249998 0.2953703703125 0.1828125 0.29398148125 0.159375 0.2921296296875 0.14114583281249998 0.30694444375 0.13046875 0.325 0.12213541718750001 0.34444444375 0.11484375 0.384259259375 0.1278645828125 0.4138888890625 0.13359375 0.45555555625000005 0.12265625 0.4981481484375 0.1169270828125 0.5370370375 0.0877604171875 0.5981481484375 0.08723958281250001 0.6120370375 0.1020833328125 0.628240740625 0.1109375 0.6504629625 0.1223958328125 0.6504629625 0.15 0.6384259265625001 0.1640625 0.6291666671875 0.17135416718750002 0.6125
0 0.1486979171875 0.7833333328125 0.1559895828125 0.76944444375 0.1544270828125 0.6981481484375001 0.1559895828125 0.6601851859375001 0.14375 0.6560185187500001 0.140625 0.64305555625 0.12291666718750001 0.6504629625 0.11145833281249999 0.6504629625 0.10260416718750001 0.628240740625 0.0875 0.6125 0.08359375 0.634259259375 0.0783854171875 0.6518518515625 0.050520832812500006 0.690277778125 0.02890625 0.725 0.0302083328125 0.741203703125 0.0408854171875 0.746296296875 0.0434895828125 0.8074074078125 0.04140625 0.8268518515625001 0.0377604171875 0.8398148140625 0.0453125 0.8495370375 0.0713541671875 0.858796296875 0.096875 0.8800925921875 0.1088541671875 0.8819444437499999 0.1286458328125 0.890277778125 0.13671875 0.878703703125 0.1419270828125 0.8518518515625001 0.1486979171875 0.7833333328125
0 0.3145833328125 0.8949074078124999 0.2880208328125 0.8773148140625 0.23515625 0.8259259265625 0.23333333281250002 0.9606481484374999 0.2494791671875 0.9662037031249999 0.2755208328125 0.9643518515625 0.303125 0.9671296296874999 0.3239583328125 0.9736111109375001 0.32421875 0.9064814812499999 0.3229166671875 0.9041666671874999 0.3145833328125 0.8949074078124999
0 0 0.365277778125 0.009114582812499999 0.3398148140625 0.0005208328124999999 0.30694444375 0 0.365277778125
0 0.44895833281249997 0.35972222187499997 0.4015625 0.290277778125 0.3890625 0.2773148140625 0.3786458328125 0.27453703749999997 0.3645833328125 0.2976851859375 0.3557291671875 0.3023148140625 0.3395833328125 0.3263888890625 0.30859375 0.39074074062499997 0.3479166671875 0.4495370375 0.3583333328125 0.459722221875 0.3671875 0.4773148140625 0.3802083328125 0.49120370312499995 0.42864583281249996 0.47361111093749997 0.50703125 0.43333333281249997 0.44895833281249997 0.35972222187499997
0 0.3557291671875 0.3023148140625 0.3645833328125 0.2976851859375 0.3786458328125 0.27453703749999997 0.3890625 0.2773148140625 0.3924479171875 0.2731481484375 0.3572916671875 0.246759259375 0.3411458328125 0.2393518515625 0.32760416718749996 0.2356481484375 0.2994791671875 0.24398148125 0.2848958328125 0.240277778125 0.2747395828125 0.38703703749999996 0.296875 0.408796296875 0.3463541671875 0.4486111109375 0.30859375 0.3916666671875 0.3356770828125 0.3333333328125 0.3557291671875 0.3023148140625
0 0.7705729171875 0.8611111109375 0.7966145828125 0.8120370375 0.7723958328125 0.778240740625 0.6989583328125 0.828240740625 0.684375 0.834722221875 0.6765625 0.8495370375 0.6466145828125 0.8601851859374999 0.6885416671875 0.91805555625 0.7182291671875001 0.9513888890625 0.7265625 0.953240740625 0.7322916671875 0.9476851859375 0.7549479171875 0.9055555562500001 0.7705729171875 0.8611111109375
0 0.6322916671875001 0.8458333328125001 0.6229166671875 0.7837962968750001 0.6002604171875 0.8009259265625 0.6322916671875001 0.8458333328125001
0 0.6513020828125 0.5527777781250001 0.6513020828125 0.5416666671875 0.653125 0.5384259265625 0.69921875 0.51851851875 0.6861979171875 0.50648148125 0.68359375 0.44907407343749994 0.6755208328125 0.41898148125 0.6591145828125 0.415740740625 0.6393229171875 0.46944444374999994 0.63046875 0.4879629625 0.6145833328125 0.5541666671875001 0.5971354171875001 0.5370370375 0.6059895828124999 0.5731481484375001 0.6078125 0.5754629625 0.6375 0.5625 0.65 0.5541666671875001 0.6513020828125 0.5527777781250001
0 0.7888020828125 0.5981481484375 0.7893229171875 0.58148148125 0.7796875 0.55694444375 0.75859375 0.553703703125 0.7528645828125 0.5231481484375 0.7645833328125 0.5208333328125 0.76484375 0.51851851875 0.7341145828125 0.4166666671875 0.7244791671875 0.40231481406249997 0.7096354171875 0.38703703749999996 0.70234375 0.35 0.70390625 0.3296296296875 0.6828125 0.28472222187499996 0.6729166671875 0.2856481484375 0.653125 0.3078703703125 0.6450520828124999 0.321296296875 0.6669270828125 0.3990740734375 0.6752604171875001 0.41851851875 0.6825520828125 0.44444444375 0.6856770828125 0.50648148125 0.6979166671875 0.51805555625 0.7130208328125 0.5134259265625001 0.7190104171875 0.5166666671875 0.7419270828125 0.609259259375 0.7440104171875 0.6166666671875001 0.7458333328125 0.6171296296875 0.765625 0.608796296875 0.7802083328125 0.609722221875 0.7888020828125 0.5981481484375
0 0.97109375 0.7833333328125 0.9208333328125 0.7615740734374999 0.8833333328125 0.7495370375 0.88046875 0.7879629625 0.8934895828125 0.8379629625 0.8947916671874999 0.8384259265624999 0.9166666671874999 0.8273148140625001 0.9432291671874999 0.7995370375 0.97109375 0.7833333328125
0 0.9330729171875 0.0870370375 0.93046875 0.0740740734375 0.9171875 0.066203703125 0.9072916671875 0.05601851875 0.8979166671875 0.05694444375 0.8671875 0.0393518515625 0.8596354171874999 0.0166666671875 0.8567708328125001 0 0.82734375 0.0009259265625 0.81171875 0.0574074078125 0.7924479171875001 0.10185185156250001 0.7794270828125 0.1490740734375 0.8119791671875 0.1504629625 0.8369791671875 0.146759259375 0.8541666671874999 0.140277778125 0.8770833328125001 0.140277778125 0.8856770828125 0.1518518515625 0.89453125 0.17962962968750001 0.8984375 0.20138888906250002 0.9401041671874999 0.20694444375 0.9526041671875 0.2115740734375 0.9455729171874999 0.125 0.94140625 0.1074074078125 0.9330729171875 0.0870370375
3 0.8565104171875 0 0.8591145828125001 0.0166666671875 0.8671875 0.0393518515625 0.8979166671875 0.05601851875 0.9072916671875 0.0550925921875 0.91875 0.066203703125 0.9994791671875 0.1050925921875 0.9979166671874999 0 0.8565104171875 0
0 0.96796875 0.3361111109375 0.9671875 0.36157407343750003 0.9994791671875 0.3791666671875 0.9994791671875 0.3375 0.9822916671874999 0.32824074062499997 0.96796875 0.3361111109375