0 0.9994791671875 0.0976851859375 0.9828125 0.108796296875 0.9747395828125001 0.12222222187500001 0.9825520828125001 0.127777778125 0.9815104171875 0.15925925937500002 0.97421875 0.1925925921875 0.9700520828125001 0.2296296296875 0.96171875 0.2796296296875 0.9565104171875 0.3009259265625 0.9528645828125001 0.3296296296875 0.953125 0.35601851875 0.975 0.3625 0.9880208328125001 0.3476851859375 0.99921875 0.34444444375 0.9994791671875 0.0976851859375
0 0.25859375 0.6120370375 0.27578125 0.5953703703125 0.2783854171875 0.5731481484375001 0.26875 0.5643518515625 0.26328125 0.5481481484375 0.2638020828125 0.5203703703125 0.27421875 0.49351851875 0.2510416671875 0.458796296875 0.22760416718749998 0.4393518515625 0.1984375 0.4328703703125 0.1786458328125 0.4375 0.1588541671875 0.4375 0.15859375 0.46481481406249997 0.15286458281249998 0.4916666671875 0.15286458281249998 0.540740740625 0.14453125 0.5962962968750001 0.1549479171875 0.63055555625 0.1559895828125 0.6666666671875 0.16354166718750002 0.678240740625 0.1796875 0.6791666671875001 0.1856770828125 0.6981481484375001 0.1924479171875 0.7120370375 0.1979166671875 0.7125 0.2171875 0.68194444375 0.2536458328125 0.64398148125 0.25859375 0.6120370375
0 0.23958333281250002 0.4199074078125 0.2270833328125 0.4125 0.215625 0.39027777812500003 0.19583333281249998 0.3791666671875 0.1838541671875 0.38009259218749997 0.1796875 0.38101851875000003 0.16640625 0.3953703703125 0.1705729171875 0.4138888890625 0.1653645828125 0.42870370312499995 0.1588541671875 0.4384259265625 0.178125 0.4384259265625 0.1979166671875 0.43379629687500004 0.228125 0.440277778125 0.2515625 0.459722221875 0.2755208328125 0.49398148124999997 0.2888020828125 0.4861111109375 0.25729166718749996 0.4384259265625 0.23958333281250002 0.4199074078125
0 0.32864583281250004 0.8773148140625 0.2947916671875 0.8263888890625 0.2854166671875 0.828240740625 0.2518229171875 0.771296296875 0.2466145828125 0.7509259265625 0.2703125 0.7393518515624999 0.28958333281250004 0.721759259375 0.3333333328125 0.69398148125 0.37942708281250004 0.6537037031249999 0.3674479171875 0.6046296296875 0.3575520828125 0.5453703703125 0.3578125 0.5263888890625 0.37057291718749996 0.522222221875 0.3661458328125 0.4625 0.34427083281250004 0.4625 0.3229166671875 0.46805555625000006 0.3020833328125 0.4763888890625 0.275 0.49305555625 0.2643229171875 0.5203703703125 0.2638020828125 0.5481481484375 0.2692708328125 0.5643518515625 0.27890625 0.5740740734374999 0.2763020828125 0.5953703703125 0.2591145828125 0.6120370375 0.2541666671875 0.64398148125 0.2171875 0.6828703703125 0.19765625 0.7129629625 0.18828125 0.74351851875 0.1846354171875 0.7731481484375 0.17734375 0.7925925921875 0.1817708328125 0.8171296296874999 0.1994791671875 0.833796296875 0.2265625 0.8300925921875001 0.2390625 0.8625 0.2557291671875 0.878240740625 0.28072916718749996 0.8828703703125 0.29739583281250004 0.8949074078124999 0.3213541671875 0.9013888890624999 0.3333333328125 0.9013888890624999 0.33828125 0.8990740734375 0.3427083328125 0.8819444437499999 0.32864583281250004 0.8773148140625
0 0.5825520828124999 0.7981481484375 0.559375 0.741203703125 0.5515625 0.74398148125 0.5473958328124999 0.7615740734374999 0.5408854171875 0.7620370375000001 0.54140625 0.7898148140625 0.5552083328124999 0.7921296296875 0.56640625 0.828703703125 0.5744791671875 0.833796296875 0.5833333328125 0.828240740625 0.58671875 0.8203703703125 0.5825520828124999 0.7981481484375
0 0.565625 0.4875 0.515625 0.503240740625 0.5059895828125 0.47592592656250005 0.4973958328125 0.428240740625 0.4908854171875 0.44444444375 0.49713541718750004 0.515740740625 0.50078125 0.5379629625 0.5104166671875 0.54305555625 0.5122395828124999 0.55648148125 0.5135416671875 0.55694444375 0.5302083328125 0.5393518515625 0.58671875 0.49259259218749996 0.565625 0.4875
0 0 0.872222221875 0.0020833328125000002 0.8819444437499999 0.0208333328125 0.8736111109375001 0.0322916671875 0.8643518515625 0.052604167187499995 0.8578703703125001 0.060677082812500005 0.8425925921875 0.0489583328125 0.8143518515625001 0.0309895828125 0.790740740625 0.0265625 0.7708333328125 0.0182291671875 0.778240740625 0.0083333328125 0.7976851859375 0 0.8 0 0.872222221875
0 0 0.7481481484375 0.017708332812499998 0.7495370375 0.0434895828125 0.7351851859375 0.0372395828125 0.7175925921874999 0.0424479171875 0.6990740734374999 0.0575520828125 0.6759259265625001 0.05 0.621759259375 0.025520832812499998 0.6208333328125 0.02265625 0.6370370375000001 0.021614582812499998 0.6768518515624999 0.017708332812499998 0.6875 0 0.7 0 0.7481481484375
0 0.3942708328125 0.5699074078125 0.3770833328125 0.5773148140625 0.36276041718749996 0.5768518515625 0.3669270828125 0.60555555625 0.3791666671875 0.653240740625 0.3924479171875 0.590740740625 0.3966145828125 0.58148148125 0.3942708328125 0.5699074078125
0 0.3916666671875 0.8356481484374999 0.3791666671875 0.8412037031249999 0.3645833328125 0.840277778125 0.35859375 0.8222222218749999 0.35859375 0.7629629625 0.36328125 0.7194444437499999 0.3684895828125 0.6888888890625 0.3786458328125 0.6550925921874999 0.3338541671875 0.69305555625 0.2901041671875 0.7208333328125 0.2708333328125 0.7384259265625001 0.24713541718749998 0.75 0.25234375 0.772222221875 0.2859375 0.828240740625 0.2953125 0.8263888890625 0.3296875 0.878240740625 0.3463541671875 0.8819444437499999 0.365625 0.8763888890624999 0.3919270828125 0.8768518515625001 0.3916666671875 0.8356481484374999
0 0.4447916671875 0.6134259265625001 0.4609375 0.6171296296875 0.46380208281249996 0.5990740734375 0.4421875 0.5791666671875 0.43645833281249996 0.5699074078125 0.42552083281249997 0.5615740734375 0.4192708328125 0.5634259265625 0.4088541671875 0.6384259265625001 0.4401041671875 0.6328703703125 0.4497395828125 0.625 0.4447916671875 0.6134259265625001
0 0.9783854171874999 0.6740740734374999 0.9747395828125001 0.690740740625 0.9778645828125001 0.7083333328125 0.9828125 0.7143518515625 0.9984375 0.7171296296875 0.9997395828125001 0.7120370375 0.9994791671875 0.6356481484375001 0.9783854171874999 0.6740740734374999