0 0 0.16898148125 0.0614583328125 0.20601851875000002 0.0838541671875 0.19120370312499999 0.0880208328125 0.1763888890625 0.09895833281250001 0.1671296296875 0.11822916718750001 0.165277778125 0.1213541671875 0.1856481484375 0.1380208328125 0.16805555625 0.14296875 0.1 0 0.1203703703125 0 0.16898148125
3 0.48463541718750003 0 0.5052083328125 0.022685185937499998 0.5239583328124999 0.0356481484375 0.5510416671875 0.01805555625 0.5645833328125 0.00601851875 0.5653645828125 0 0.48463541718750003 0
0 0.6911458328125 0.7504629625 0.7518229171875 0.6851851859375 0.7255208328125 0.628240740625 0.7015625 0.6078703703125 0.6770833328125 0.5763888890625 0.6591145828125 0.6351851859375001 0.6674479171875001 0.6574074078125001 0.6486979171875 0.7083333328125 0.63359375 0.7398148140624999 0.6325520828125 0.7509259265625 0.6424479171875 0.765740740625 0.6291666671875 0.7828703703125 0.6161458328125 0.790277778125 0.60625 0.7884259265625 0.596875 0.758796296875 0.5713541671875 0.7550925921875 0.5690104171875 0.73055555625 0.5630208328124999 0.7273148140625 0.5583333328125 0.7162037031249999 0.5375 0.7208333328125 0.51875 0.7125 0.50859375 0.6796296296875 0.5028645828125 0.675 0.4888020828125 0.7185185187500001 0.5598958328125 0.7865740734375 0.584375 0.8495370375 0.6140625 0.8291666671875 0.6322916671875001 0.8504629625 0.64609375 0.80648148125 0.6859375 0.741203703125 0.6911458328125 0.7504629625
0 0.4075520828125 0.6296296296875 0.371875 0.616203703125 0.3322916671875 0.5958333328125 0.3182291671875 0.5949074078125001 0.2822916671875 0.5708333328124999 0.2770833328125 0.5625 0.2630208328125 0.584722221875 0.24739583281250002 0.6004629625 0.2361979171875 0.6268518515625 0.24635416718749997 0.6291666671875 0.2604166671875 0.5976851859375001 0.2677083328125 0.596759259375 0.27421875 0.628703703125 0.2716145828125 0.647222221875 0.2848958328125 0.678240740625 0.3635416671875 0.6550925921874999 0.4067708328125 0.6550925921874999 0.4075520828125 0.6296296296875
0 0.1057291671875 0.5949074078125001 0.0986979171875 0.6490740734375 0.1197916671875 0.6643518515625 0.1265625 0.6606481484375 0.14114583281249998 0.66805555625 0.15234375 0.615740740625 0.1328125 0.6013888890625 0.1057291671875 0.5949074078125001
0 0.9809895828125 0 0.7736979171875 0.002777778125 0.7885416671875001 0.027314814062499998 0.8145833328125001 0.0513888890625 0.8307291671874999 0.0449074078125 0.8421875 0.03194444375 0.8510416671875 0.03194444375 0.8760416671875 0.0625 0.9072916671875 0.090277778125 0.9177083328125001 0.09675925937499999 0.9364583328125 0.0791666671875 0.9588541671874999 0.0458333328125 0.9809895828125 0
0 0.16848958281249998 0.0351851859375 0.1729166671875 0.04305555625 0.1942708328125 0.052314814062500006 0.2013020828125 0.047222221875 0.20625 0.0004629625 0.16848958281249998 0.0351851859375
0 0.60625 0.5125 0.625 0.5115740734374999 0.6401041671875001 0.5226851859375 0.63828125 0.5 0.63828125 0.447222221875 0.64296875 0.4379629625 0.6388020828125 0.4268518515625 0.6307291671875 0.415277778125 0.621875 0.4143518515625 0.5890625 0.3773148140625 0.57421875 0.41111111093749997 0.5619791671875001 0.4495370375 0.5333333328125 0.45046296249999995 0.509375 0.4421296296875 0.5049479171875 0.44907407343749994 0.5049479171875 0.48333333281249996 0.49765625 0.49259259218749996 0.5010416671875 0.5041666671875 0.5171875 0.521759259375 0.5270833328125 0.528240740625 0.5364583328125 0.5254629625 0.5677083328125 0.5384259265625 0.5739583328125 0.5328703703125 0.5880208328125 0.528240740625 0.60625 0.5125
0 0.9463541671875 0.2199074078125 0.9552083328125001 0.2208333328125 0.9559895828125 0.197222221875 0.9661458328125001 0.18657407343750002 0.9802083328125001 0.18657407343750002 0.9885416671874999 0.190277778125 0.99296875 0.1833333328125 0.9786458328125001 0.165277778125 0.9333333328125001 0.14305555625 0.9223958328125 0.141203703125 0.9083333328125001 0.1476851859375 0.9091145828125 0.1583333328125 0.9135416671875 0.15972222187500001 0.9138020828125001 0.1620370375 0.90546875 0.184259259375 0.9049479171874999 0.1990740734375 0.9036458328125001 0.20416666718749998 0.9002604171874999 0.20648148125 0.8986979171874999 0.2203703703125 0.9106770828125 0.2398148140625 0.9122395828125001 0.24351851875000002 0.9122395828125001 0.252777778125 0.9135416671875 0.253240740625 0.93125 0.24212962968750001 0.940625 0.23194444375 0.9463541671875 0.2199074078125
0 0.32760416718749996 0.11342592656249999 0.3104166671875 0.09398148125 0.29140625 0.0898148140625 0.2971354171875 0.1166666671875 0.2994791671875 0.1208333328125 0.3369791671875 0.166203703125 0.3453125 0.16157407343750002 0.3536458328125 0.16157407343750002 0.3583333328125 0.171759259375 0.3703125 0.171759259375 0.37552083281250004 0.1625 0.4153645828125 0.1175925921875 0.32760416718749996 0.11342592656249999
0 0.39401041718749996 0.38333333281250004 0.3572916671875 0.27453703749999997 0.3361979171875 0.309259259375 0.3455729171875 0.3138888890625 0.3424479171875 0.3425925921875 0.34296875 0.3583333328125 0.35598958281250004 0.3851851859375 0.3572916671875 0.4365740734375 0.3776041671875 0.41898148125 0.38515625 0.3990740734375 0.39401041718749996 0.38333333281250004