0 0.1377604171875 0.5175925921875 0.1388020828125 0.503703703125 0.1388020828125 0.48981481406249994 0.13359375 0.47407407343749997 0.14609375 0.46296296249999996 0.0958333328125 0.4328703703125 0.08125 0.416203703125 0.0703125 0.415277778125 0.0640625 0.42268518593750004 0.05338541718749999 0.4453703703125 0.0518229171875 0.47222222187499996 0.054947917187499994 0.5009259265625 0.0557291671875 0.503240740625 0.08125 0.503240740625 0.08828125 0.5425925921875 0.0723958328125 0.5513888890625 0.060416667187499995 0.5615740734375 0.04765625 0.5870370375 0.05 0.5875 0.06770833281250001 0.58101851875 0.1317708328125 0.5375 0.1377604171875 0.5175925921875
0 0 0.44351851875000003 0.0046875 0.45231481406249996 0.03125 0.45694444375 0.0408854171875 0.4370370375 0.040625 0.43379629687500004 0.0203125 0.416203703125 0 0.4203703703125 0 0.44351851875000003
3 0.2536458328125 0.4106481484375 0.2677083328125 0.4143518515625 0.2786458328125 0.42268518593750004 0.2942708328125 0.42268518593750004 0.303125 0.434722221875 0.32265625 0.43240740781250003 0.32578125 0.409259259375 0.31640625 0.2824074078125 0.30520833281250004 0.2541666671875 0.2911458328125 0.246759259375 0.2770833328125 0.24953703749999998 0.26953125 0.26203703749999996 0.2466145828125 0.325 0.24244791718749997 0.352777778125 0.23203125 0.38703703749999996 0.23046875 0.427777778125 0.23125 0.4365740734375 0.24322916718749998 0.4421296296875 0.2466145828125 0.43518518593750005 0.24973958281250003 0.4166666671875 0.2536458328125 0.4106481484375
0 0.57578125 0.7 0.5580729171875001 0.646296296875 0.54765625 0.590740740625 0.5348958328125 0.55601851875 0.46979166718750004 0.5912037031249999 0.45286458281249997 0.6231481484375 0.4760416671875 0.7134259265625 0.4916666671875 0.7004629625 0.5072916671875001 0.696759259375 0.57578125 0.7
0 0.6989583328125 0 0.6940104171875 0.00555555625 0.6940104171875 0.077777778125 0.68515625 0.1324074078125 0.6919270828124999 0.1648148140625 0.6989583328125 0.184722221875 0.725 0.20601851875000002 0.7317708328125 0.21435185156249997 0.734375 0.21435185156249997 0.7588541671875 0.203240740625 0.7828125 0.20138888906250002 0.7869791671875 0.20231481406250001 0.7963541671875001 0.21342592656249998 0.8088541671874999 0.2125 0.8158854171875 0.196296296875 0.81953125 0.17962962968750001 0.8096354171875 0.1268518515625 0.8018229171875 0.10185185156250001 0.8018229171875 0.08148148125 0.7888020828125 0.040740740625 0.7716145828125 0.0083333328125 0.7713541671875 0 0.6989583328125 0
0 0.9341145828125 0.42870370312499995 0.94296875 0.4046296296875 0.9744791671874999 0.3578703703125 0.9861979171874999 0.3361111109375 0.9861979171874999 0.321296296875 0.98203125 0.3083333328125 0.9526041671875 0.2699074078125 0.9424479171875 0.25 0.93359375 0.225 0.9265625 0.2125 0.9203125 0.20879629687499998 0.9 0.21435185156249997 0.89296875 0.23055555625 0.8950520828125 0.24814814843750002 0.8861979171875 0.24722222187499998 0.8846354171874999 0.2740740734375 0.87890625 0.2953703703125 0.8708333328125001 0.30601851875 0.85546875 0.3166666671875 0.8481770828125 0.3361111109375 0.8513020828125001 0.3583333328125 0.8424479171874999 0.3731481484375 0.8408854171875 0.39444444375 0.8630208328125001 0.4375 0.87890625 0.4620370375 0.8825520828125001 0.4731481484375 0.8828125 0.48472222187499997 0.8942708328125001 0.4865740734375 0.9072916671875 0.49490740781250003 0.9171875 0.4921296296875 0.92578125 0.475 0.9341145828125 0.42870370312499995
0 0.2466145828125 0.325 0.2643229171875 0.2768518515625 0.2502604171875 0.22777777812500002 0.25234375 0.2175925921875 0.2479166671875 0.20138888906250002 0.2244791671875 0.20231481406250001 0.2109375 0.2078703703125 0.1942708328125 0.2226851859375 0.18125 0.22175925937500002 0.1697916671875 0.22916666718749998 0.1455729171875 0.275 0.1408854171875 0.2888888890625 0.1346354171875 0.3203703703125 0.1473958328125 0.3263888890625 0.1630208328125 0.34120370312500004 0.1786458328125 0.3384259265625 0.18802083281249998 0.34398148125 0.1994791671875 0.3625 0.2208333328125 0.38009259218749997 0.23723958281250002 0.3703703703125 0.24244791718749997 0.353703703125 0.2466145828125 0.325
0 0.365625 0.858796296875 0.4018229171875 0.8120370375 0.35 0.809722221875 0.365625 0.858796296875
0 0.5138020828125 0.3703703703125 0.50703125 0.3648148140625 0.5 0.34398148125 0.4817708328125 0.33194444375 0.471875 0.3328703703125 0.46640625 0.3379629625 0.45859375 0.371296296875 0.45807291718750004 0.40092592656250003 0.4640625 0.40416666718750005 0.4760416671875 0.42453703750000005 0.48020833281249997 0.42453703750000005 0.48645833281249995 0.42268518593750004 0.5028645828125 0.38240740781250004 0.5138020828125 0.3703703703125
3 0.6752604171875001 0.1833333328125 0.66875 0.1708333328125 0.6572916671875 0.1606481484375 0.6395833328125 0.1375 0.6234375 0.1375 0.6130208328125 0.13194444375 0.6080729171875 0.11388888906250001 0.596875 0.10231481406250001 0.5828125 0.10231481406250001 0.5697916671875001 0.09675925937499999 0.5614583328125 0.0856481484375 0.5369791671875 0.090277778125 0.5325520828125 0.09351851875 0.5299479171875 0.10185185156250001 0.5315104171875 0.12129629687500001 0.5489583328125 0.171759259375 0.5927083328125 0.18379629687500001 0.6244791671875001 0.22546296250000003 0.6364583328125 0.246759259375 0.6484375 0.2384259265625 0.6752604171875001 0.19537037031249999 0.6752604171875001 0.1833333328125
1 0.8651041671874999 0.7162037031249999 0.9447916671875 0.7143518515625 0.9994791671875 0.7180555562500001 0.9994791671875 0.6893518515625 0.8591145828125001 0.6925925921875 0.8651041671874999 0.7162037031249999
1 0.9958333328125001 0.608796296875 0.9666666671874999 0.608796296875 0.8377604171874999 0.6138888890625 0.84375 0.641203703125 0.88125 0.641203703125 0.9994791671875 0.6375 0.9997395828125001 0.6129629624999999 0.9958333328125001 0.608796296875
2 0.7127604171875 0.8481481484375 0.7119791671875 0.7708333328125 0.70546875 0.771296296875 0.7018229171875 0.7898148140625 0.7028645828125 0.8481481484375 0.68828125 0.852777778125 0.68984375 0.9055555562500001 0.6963541671875 0.9171296296874999 0.7046875 0.9199074078124999 0.7114583328124999 0.916203703125 0.7153645828124999 0.909259259375 0.7127604171875 0.8481481484375
0 0.72890625 0.7120370375 0.73671875 0.7046296296875 0.7377604171875001 0.6898148140625 0.7361979171875 0.6796296296875 0.7408854171875 0.671296296875 0.74296875 0.6583333328125 0.7377604171875001 0.6268518515625 0.7388020828124999 0.6111111109375 0.74296875 0.5916666671875 0.74296875 0.5731481484375001 0.73203125 0.5629629625 0.7294270828125 0.5527777781250001 0.7294270828125 0.5305555562500001 0.7119791671875 0.5449074078125 0.7057291671875 0.5458333328125 0.6994791671875 0.5393518515625 0.6875 0.5393518515625 0.6794270828125 0.54351851875 0.6838541671875 0.5523148140624999 0.6713541671875001 0.5541666671875001 0.6635416671875001 0.558796296875 0.665625 0.565277778125 0.6716145828125 0.571296296875 0.67265625 0.5898148140624999 0.6708333328125 0.5958333328125 0.64375 0.6013888890625 0.63125 0.5939814812499999 0.6299479171875 0.5925925921874999 0.6338541671875 0.5773148140625 0.6401041671875001 0.5773148140625 0.64453125 0.58148148125 0.6455729171875 0.5703703703125 0.6408854171875 0.5583333328125 0.63984375 0.54444444375 0.6177083328124999 0.54305555625 0.609375 0.546759259375 0.5984375 0.546759259375 0.5916666671875 0.54398148125 0.6018229171875 0.525 0.6013020828125 0.5231481484375 0.5604166671875 0.44768518593750006 0.55390625 0.43981481406249995 0.5265625 0.3865740734375 0.52578125 0.4046296296875 0.5299479171875 0.42129629687500003 0.53984375 0.45185185156249996 0.5486979171875 0.46481481406249997 0.5236979171875 0.5324074078125001 0.5036458328125 0.56805555625 0.49322916718750004 0.5671296296875 0.4869791671875 0.55601851875 0.46953125 0.5898148140624999 0.5348958328125 0.5550925921875 0.54765625 0.5898148140624999 0.5580729171875001 0.646296296875 0.5760416671875 0.7004629625 0.5848958328125 0.7013888890625 0.60625 0.6865740734375 0.6151041671875 0.7041666671875 0.6265625 0.7180555562500001 0.6302083328125 0.7189814812499999 0.6458333328125 0.7199074078125001 0.653125 0.7171296296875 0.6580729171875 0.70648148125 0.65703125 0.6851851859375 0.66484375 0.6731481484375 0.6575520828125 0.6620370375 0.6606770828124999 0.6481481484375 0.6697916671875 0.640277778125 0.6822916671875 0.6365740734374999 0.6859375 0.63101851875 0.70703125 0.7194444437499999 0.7072916671875 0.7606481484375001 0.7255208328125 0.7550925921875 0.7294270828125 0.746296296875 0.72890625 0.7120370375
0 0.38125 0.9662037031249999 0.3963541671875 0.9606481484374999 0.47291666718750003 0.9504629625 0.490625 0.9384259265624999 0.5421875 0.9236111109375 0.5453125 0.9087962968750001 0.5651041671875 0.916203703125 0.5729166671875 0.9134259265625 0.56796875 0.89351851875 0.5653645828125 0.853703703125 0.5833333328125 0.8504629625 0.58828125 0.8333333328125001 0.59609375 0.8166666671874999 0.5380208328125 0.7856481484375 0.48802083281249997 0.7486111109375 0.49296875 0.772222221875 0.5020833328125 0.7875 0.5455729171875 0.8444444437499999 0.5421875 0.8495370375 0.5244791671875 0.8513888890624999 0.5203125 0.8449074078125 0.4953125 0.8458333328125001 0.48333333281249996 0.8412037031249999 0.47864583281249995 0.8125 0.4296875 0.8245370375000001 0.4145833328125 0.8236111109375001 0.41510416718750004 0.8606481484374999 0.3723958328125 0.86898148125 0.3479166671875 0.8856481484375 0.3223958328125 0.896759259375 0.2997395828125 0.9111111109375001 0.30416666718749996 0.9458333328125 0.31979166718749996 0.958796296875 0.3375 0.953240740625 0.3424479171875 0.9898148140625 0.3526041671875 0.9995370375 0.3708333328125 0.9884259265625 0.37890625 0.9675925921875 0.38125 0.9662037031249999
3 0.53515625 0.4981481484375 0.5434895828124999 0.48148148125 0.5486979171875 0.465740740625 0.53984375 0.45277777812500003 0.5294270828125 0.4203703703125 0.52578125 0.40555555625000006 0.5268229171875001 0.38703703749999996 0.5140625 0.36990740781250003 0.50234375 0.38240740781250004 0.4859375 0.42268518593750004 0.47630208281249997 0.425 0.5122395828124999 0.4953703703125 0.51015625 0.5083333328124999 0.49401041718750005 0.5361111109375 0.48671875 0.5555555562500001 0.4927083328125 0.5671296296875 0.503125 0.56805555625 0.5236979171875 0.5324074078125001 0.5309895828125 0.5148148140625 0.53515625 0.4981481484375