0 0.5653645828125 0.23333333281250002 0.5627604171875 0.2138888890625 0.5552083328124999 0.196759259375 0.546875 0.19120370312499999 0.5416666671875 0.1893518515625 0.5302083328125 0.19398148125 0.52265625 0.20370370312500002 0.5169270828125 0.22407407343750002 0.5174479171875 0.24259259218749998 0.5234375 0.25601851875000003 0.5354166671875 0.26527777812500003 0.5473958328124999 0.26527777812500003 0.559375 0.253240740625 0.5611979171875 0.24814814843750002 0.5653645828125 0.23333333281250002
3 0.3841145828125 0 0.4140625 0.058796296875 0.4223958328125 0.06435185156249999 0.428125 0.0615740734375 0.4447916671875 0.0449074078125 0.44765625 0.0388888890625 0.4447916671875 0 0.3841145828125 0
0 0.9393229171874999 0.765740740625 0.9450520828125001 0.7490740734375 0.95078125 0.7 0.95078125 0.6629629625 0.9622395828125001 0.5851851859375 0.96328125 0.56851851875 0.96796875 0.5481481484375 0.9619791671875 0.5356481484375 0.9283854171874999 0.51944444375 0.94375 0.496759259375 0.95390625 0.4861111109375 0.9575520828125 0.4601851859375 0.9658854171875 0.44629629687500005 0.9674479171874999 0.43148148124999997 0.9653645828125 0.4018518515625 0.95 0.3763888890625 0.9338541671874999 0.366203703125 0.9239583328125001 0.366203703125 0.8557291671874999 0.396759259375 0.8424479171874999 0.45648148125 0.83203125 0.475 0.84296875 0.497222221875 0.8486979171875 0.5759259265625001 0.83203125 0.6925925921875 0.82109375 0.7898148140625 0.83125 0.7958333328125 0.8536458328125001 0.8013888890624999 0.8802083328125001 0.8004629624999999 0.9041666671874999 0.8050925921875001 0.94296875 0.796296296875 0.9440104171874999 0.7870370375 0.9393229171874999 0.765740740625
0 0.7625 0.3393518515625 0.7744791671875 0.3375 0.78125 0.315277778125 0.7953125 0.2958333328125 0.803125 0.2958333328125 0.8088541671874999 0.2893518515625 0.81484375 0.2796296296875 0.8091145828125 0.26944444375 0.80390625 0.2518518515625 0.8033854171874999 0.2046296296875 0.7950520828125 0.19537037031249999 0.7950520828125 0.184259259375 0.8130208328125 0.1578703703125 0.84765625 0.1425925921875 0.7802083328125 0.1208333328125 0.7572916671875001 0.11620370312499999 0.7234375 0.11620370312499999 0.7260416671875001 0.1458333328125 0.7114583328124999 0.1291666671875 0.6802083328124999 0.1300925921875 0.6598958328125 0.1375 0.6473958328125 0.1375 0.6375 0.14305555625 0.65390625 0.1629629625 0.66015625 0.1861111109375 0.65390625 0.19351851874999998 0.6533854171875 0.20740740781250003 0.6580729171875 0.22870370312500002 0.6559895828125 0.25555555625 0.6393229171875 0.2638888890625 0.64609375 0.2731481484375 0.6533854171875 0.2916666671875 0.65390625 0.3129629625 0.6471354171875 0.33055555625 0.6419270828125 0.3509259265625 0.6455729171875 0.375 0.6526041671875 0.40231481406249997 0.6630208328125 0.4050925921875 0.6838541671875 0.3958333328125 0.7338541671875001 0.35694444375 0.7625 0.3393518515625
0 0.5484375 0.2995370375 0.54375 0.2856481484375 0.5369791671875 0.2856481484375 0.521875 0.2921296296875 0.5098958328125 0.25509259218749997 0.48854166718750003 0.2486111109375 0.4856770828125 0.252777778125 0.5114583328125 0.2949074078125 0.5473958328124999 0.32083333281250004 0.5606770828125 0.3148148140625 0.5572916671875 0.3078703703125 0.5484375 0.2995370375
0 0.65390625 0.19351851874999998 0.6489583328124999 0.1856481484375 0.6348958328125 0.18842592656249998 0.6184895828125 0.20740740781250003 0.61796875 0.22407407343750002 0.6236979171875 0.240740740625 0.625 0.24305555625 0.634375 0.24398148125 0.6580729171875 0.23148148124999998 0.6533854171875 0.20740740781250003 0.65390625 0.19351851874999998
0 0.6205729171875001 0.246296296875 0.6067708328125 0.23101851875 0.5989583328125 0.228240740625 0.5838541671875 0.2328703703125 0.5752604171875 0.240740740625 0.5729166671875 0.25601851875000003 0.596875 0.2726851859375 0.6067708328125 0.2606481484375 0.6171875 0.25601851875000003 0.6205729171875001 0.246296296875
0 0.64765625 0.13703703750000001 0.6463541671875 0.1291666671875 0.6286458328125 0.115277778125 0.621875 0.11620370312499999 0.6111979171875 0.12407407343750002 0.60703125 0.1361111109375 0.6130208328125 0.1513888890625 0.6286458328125 0.1699074078125 0.6447916671875 0.1699074078125 0.65390625 0.1620370375 0.63828125 0.14351851875 0.64765625 0.13703703750000001
0 0.5833333328125 0.10231481406250001 0.5755208328125 0.0986111109375 0.5455729171875 0.1324074078125 0.5583333328125 0.141203703125 0.5828125 0.1291666671875 0.59609375 0.11944444375 0.5833333328125 0.10231481406250001
0 0.6075520828125 0.1768518515625 0.6028645828125 0.1648148140625 0.5953125 0.15324074062499998 0.5833333328125 0.1476851859375 0.5703125 0.1495370375 0.5674479171875 0.15555555625 0.56484375 0.1740740734375 0.5684895828125 0.1898148140625 0.578125 0.20694444375 0.590625 0.21435185156249997 0.6010416671875001 0.20972222187499998 0.6091145828125 0.2009259265625 0.6075520828125 0.1768518515625
0 0.8486979171875 0.5666666671875 0.84296875 0.497222221875 0.8317708328125001 0.4763888890625 0.8278645828125001 0.4824074078125 0.825 0.5004629625 0.8036458328125 0.5050925921875 0.7927083328125 0.516203703125 0.778125 0.5199074078125 0.7622395828124999 0.5129629625 0.7575520828125 0.477777778125 0.76171875 0.3851851859375 0.77421875 0.3490740734375 0.7747395828125 0.33888888906250003 0.7625 0.34027777812500004 0.7544270828124999 0.3611111109375 0.7502604171875 0.38055555625 0.7372395828125 0.4046296296875 0.7299479171875001 0.440740740625 0.7309895828124999 0.4824074078125 0.7388020828124999 0.5370370375 0.7408854171875 0.565740740625 0.75 0.5856481484375 0.7734375 0.60694444375 0.7895833328124999 0.6171296296875 0.8229166671874999 0.6254629625 0.8427083328125 0.616203703125 0.84453125 0.6120370375 0.8486979171875 0.5666666671875