0 0.9067708328125 0.7402777781250001 0.9138020828125001 0.7324074078125 0.9106770828125 0.7175925921874999 0.90625 0.7078703703125 0.8989583328125 0.708796296875 0.8895833328125 0.7245370375 0.8744791671875 0.7263888890625 0.87421875 0.740740740625 0.87109375 0.7546296296875 0.8671875 0.7569444437499999 0.86328125 0.7648148140625 0.8770833328125001 0.766203703125 0.8869791671874999 0.771759259375 0.8927083328125001 0.75601851875 0.9015625 0.7513888890625 0.9067708328125 0.7402777781250001
0 0.25078125 0.5703703703125 0.26223958281250004 0.5481481484375 0.26223958281250004 0.540740740625 0.26119791718749996 0.527777778125 0.21875 0.45046296249999995 0.2052083328125 0.459722221875 0.1877604171875 0.4953703703125 0.16640625 0.5546296296875 0.1486979171875 0.597222221875 0.1932291671875 0.6625 0.2065104171875 0.6851851859375 0.21015625 0.6925925921875 0.21458333281250003 0.7143518515625 0.2270833328125 0.7115740734375 0.2348958328125 0.7143518515625 0.23046875 0.6425925921875 0.24192708281250003 0.6074074078125 0.25078125 0.5703703703125
2 0.984375 0.1550925921875 0.9776041671875 0.1550925921875 0.9578125 0.1643518515625 0.9533854171874999 0.1833333328125 0.9596354171874999 0.20277777812500003 0.9643229171875 0.22777777812500002 0.9713541671874999 0.2384259265625 0.9989583328125 0.253240740625 0.9997395828125001 0.1666666671875 0.9916666671875 0.16898148125 0.984375 0.1550925921875
3 0.0427083328125 0.6115740734374999 0.0453125 0.6078703703125 0.0643229171875 0.5722222218749999 0.08671875 0.4888888890625 0.0986979171875 0.465740740625 0.10442708281249999 0.44166666718750003 0.1049479171875 0.41851851875 0.1049479171875 0.36944444375 0.10078125 0.34722222187499996 0.10625 0.34305555625 0.1208333328125 0.34398148125 0.1216145828125 0.3324074078125 0.0955729171875 0.303703703125 0.0908854171875 0.29351851875 0.09453125 0.2768518515625 0.090625 0.2699074078125 0.0796875 0.266203703125 0.0645833328125 0.266203703125 0.0557291671875 0.25509259218749997 0.0401041671875 0.25509259218749997 0.0333333328125 0.2606481484375 0.0278645828125 0.27777777812500004 0.0161458328125 0.29675925937500003 0.0002604171875 0.3148148140625 0 0.6236111109375 0.0125 0.60601851875 0.0182291671875 0.603240740625 0.0427083328125 0.6115740734374999
0 0.2010416671875 0.3236111109375 0.2104166671875 0.3134259265625 0.21848958281250003 0.29907407343750003 0.22369791718749998 0.27870370312500004 0.21354166718749998 0.2513888890625 0.18802083281249998 0.2328703703125 0.18515625 0.23611111093749998 0.2036458328125 0.271759259375 0.15572916718750002 0.27453703749999997 0.1416666671875 0.26527777812500003 0.12395833281249999 0.26342592656249997 0.1145833328125 0.2578703703125 0.09453125 0.26203703749999996 0.0908854171875 0.2703703703125 0.09453125 0.27777777812500004 0.0908854171875 0.29444444375 0.10260416718750001 0.3134259265625 0.1216145828125 0.3324074078125 0.11927083281249999 0.3513888890625 0.1640625 0.365277778125 0.1666666671875 0.353240740625 0.178125 0.34120370312500004 0.2010416671875 0.3236111109375
0 0.36484375 0.2703703703125 0.3591145828125 0.22407407343750002 0.34427083281250004 0.15972222187500001 0.3296875 0.15879629687500002 0.3096354171875 0.1675925921875 0.3111979171875 0.1768518515625 0.2872395828125 0.271296296875 0.309375 0.2708333328125 0.3203125 0.27453703749999997 0.3291666671875 0.271759259375 0.34375 0.2736111109375 0.36484375 0.2703703703125
0 0.31015625 0.9324074078125 0.315625 0.9226851859374999 0.3239583328125 0.9171296296874999 0.3263020828125 0.9083333328125001 0.32473958281250004 0.8990740734375 0.315625 0.8828703703125 0.3036458328125 0.878240740625 0.2848958328125 0.878240740625 0.2734375 0.88101851875 0.2677083328125 0.8856481484375 0.2588541671875 0.8865740734375 0.240625 0.8958333328125001 0.23125 0.9060185187500001 0.22239583281250003 0.9106481484375 0.21484375 0.9240740734375 0.20963541718749998 0.9425925921875 0.20416666718749998 0.9541666671875 0.1895833328125 0.959722221875 0.18359375 0.9759259265625 0.18359375 0.99351851875 0.1875 0.9995370375 0.2848958328125 0.9995370375 0.3049479171875 0.997222221875 0.3049479171875 0.9490740734375 0.31015625 0.9324074078125
0 0.31875 0.8328703703125001 0.3307291671875 0.8393518515625 0.33932291718749996 0.8296296296874999 0.34765625 0.809259259375 0.33932291718749996 0.797222221875 0.33203125 0.7805555562500001 0.32734375 0.7648148140625 0.325 0.7402777781250001 0.31692708281250004 0.7453703703125 0.31484375 0.7620370375000001 0.3078125 0.778240740625 0.2932291671875 0.7865740734375 0.27395833281250004 0.7893518515625 0.26875 0.7875 0.2598958328125 0.7773148140624999 0.2270833328125 0.7736111109375 0.22578125 0.7814814812499999 0.22734375 0.8324074078124999 0.2260416671875 0.871759259375 0.24739583281250002 0.8643518515625 0.2828125 0.8328703703125001 0.31875 0.8328703703125001
0 0.328125 0 0.33671875 0.0925925921875 0.3377604171875 0.1351851859375 0.3591145828125 0.22407407343750002 0.36484375 0.2703703703125 0.3697916671875 0.2708333328125 0.3854166671875 0.2699074078125 0.3890625 0.2541666671875 0.40625 0.253240740625 0.4421875 0.20601851875000002 0.4916666671875 0.15324074062499998 0.5182291671875 0.128240740625 0.54375 0.1476851859375 0.6229166671875 0.2393518515625 0.6549479171875 0.21296296250000002 0.6361979171875001 0.1611111109375 0.6205729171875001 0.125 0.6169270828125 0.1129629625 0.6213541671875 0.11342592656249999 0.6216145828124999 0.10648148125000001 0.6153645828125 0.1 0.6140625 0.090277778125 0.6080729171875 0.0861111109375 0.5822916671875 0 0.328125 0
3 0.7348958328124999 0 0.7346354171875 0.0083333328125 0.7291666671875 0.026388889062499997 0.6908854171875001 0.0509259265625 0.6963541671875 0.0773148140625 0.7161458328125 0.0921296296875 0.7458333328125 0.083796296875 0.7552083328125 0.11805555625 0.7817708328124999 0.1449074078125 0.7958333328125 0.1476851859375 0.8330729171875 0.045370370312500005 0.83359375 0.015740740625 0.8286458328125 0 0.7348958328124999 0
0 0.78046875 0.33148148125 0.78984375 0.315740740625 0.7901041671875 0.3078703703125 0.7671875 0.3023148140625 0.7546875 0.3236111109375 0.73515625 0.32685185156249996 0.7416666671875001 0.3421296296875 0.7760416671875 0.384722221875 0.7927083328125 0.4171296296875 0.7903645828125 0.39074074062499997 0.7783854171875 0.3416666671875 0.78046875 0.33148148125
3 0.9864583328125001 0.0245370375 0.9572916671874999 0.0504629625 0.95 0.0476851859375 0.94609375 0.0425925921875 0.9481770828125 0.0361111109375 0.9458333328125 0.028240740625 0.9401041671874999 0.027314814062499998 0.9317708328125001 0.033796296875 0.92734375 0.05 0.9278645828125001 0.065740740625 0.9122395828125001 0.08148148125 0.9111979171875 0.102777778125 0.9216145828125001 0.10648148125000001 0.91484375 0.1324074078125 0.9354166671874999 0.1606481484375 0.9416666671874999 0.1634259265625 0.9609375 0.1504629625 0.9651041671874999 0.1606481484375 0.984375 0.15601851875 0.9927083328125 0.1699074078125 0.9997395828125001 0.1666666671875 0.9997395828125001 0.0083333328125 0.9864583328125001 0.0245370375
0 0.8486979171875 0.772222221875 0.8296875 0.7625 0.8041666671875 0.7625 0.8091145828125 0.7824074078125001 0.8203125 0.8013888890624999 0.8421875 0.784722221875 0.8486979171875 0.7768518515625 0.8486979171875 0.772222221875