3 0 0 0.00078125 0.047222221875 0.0158854171875 0.1416666671875 0.0315104171875 0.1861111109375 0.0424479171875 0.20740740781250003 0.0229166671875 0.2356481484375 0.007291667187500001 0.2504629625 0.0002604171875 0.2675925921875 0.0005208328124999999 0.321759259375 0.0239583328125 0.30046296250000004 0.1138020828125 0.23240740781250002 0.1020833328125 0 0 0
0 0.7020833328125 0.5800925921875 0.69375 0.5699074078125 0.6838541671875 0.58194444375 0.67421875 0.603703703125 0.67109375 0.6296296296875 0.6739583328125 0.6365740734374999 0.6799479171875 0.6425925921875 0.67421875 0.6555555562500001 0.6736979171875 0.675 0.675 0.6754629624999999 0.7216145828125 0.64444444375 0.70546875 0.5879629625 0.7020833328125 0.5800925921875
0 0.76796875 0.7805555562500001 0.76796875 0.7490740734375 0.7604166671875 0.7273148140625 0.6927083328125 0.7236111109375 0.6807291671875 0.7254629625 0.68671875 0.740740740625 0.67265625 0.7601851859375001 0.6705729171875 0.7740740734375 0.6622395828125 0.8027777781250001 0.6440104171875001 0.8324074078124999 0.6640625 0.85601851875 0.6875 0.8754629625 0.6979166671875 0.8828703703125 0.7135416671875 0.8884259265625 0.7197916671875 0.8856481484375 0.7356770828125 0.8611111109375 0.76796875 0.7805555562500001
3 0.9994791671875 0.11898148125 0.9921875 0.1263888890625 0.9416666671874999 0.1300925921875 0.8958333328125001 0.1171296296875 0.8729166671874999 0.1050925921875 0.8567708328125001 0.11342592656249999 0.8455729171874999 0.11574074062499999 0.8481770828125 0.1601851859375 0.8515625 0.171759259375 0.8598958328125 0.15972222187500001 0.8739583328125 0.1504629625 0.8895833328125 0.146759259375 0.9026041671874999 0.1634259265625 0.9359375 0.22175925937500002 0.9677083328125 0.25509259218749997 0.9776041671875 0.258796296875 0.9848958328125 0.24953703749999998 0.9997395828125001 0.2388888890625 0.9994791671875 0.11898148125
0 0.6705729171875 0.7740740734375 0.67265625 0.7601851859375001 0.68671875 0.7398148140624999 0.6807291671875 0.7245370375 0.6927083328125 0.7226851859375001 0.7598958328125 0.7263888890625 0.76328125 0.709259259375 0.7669270828125 0.6518518515625 0.759375 0.6476851859375 0.7203125 0.6449074078125 0.6671875 0.68101851875 0.6526041671875 0.68101851875 0.6463541671875 0.66898148125 0.6338541671875 0.6625 0.6239583328125 0.6615740734375 0.6182291671875 0.69398148125 0.5947916671875 0.708796296875 0.5786458328124999 0.70601851875 0.56796875 0.7129629625 0.5658854171875001 0.728703703125 0.5736979171875001 0.7574074078125 0.5828125 0.7745370375 0.5916666671875 0.7763888890625 0.615625 0.8226851859375 0.6416666671875 0.8430555562500001 0.6440104171875001 0.8324074078124999 0.6622395828125 0.8027777781250001 0.6705729171875 0.7740740734375
0 0.97734375 0.25740740781250004 0.9994791671875 0.26435185156249996 0.9994791671875 0.2393518515625 0.984375 0.24953703749999998 0.97734375 0.25740740781250004
3 0.9984375 0 0.6361979171875001 0.0009259265625 0.6356770828125 0.04351851875 0.6361979171875001 0.051851851562499995 0.63984375 0.053703703125 0.63984375 0.0666666671875 0.6442708328125 0.0745370375 0.7057291671875 0.1300925921875 0.8541666671874999 0.11435185156250001 0.8729166671874999 0.1050925921875 0.8958333328125001 0.1171296296875 0.9416666671874999 0.1300925921875 0.9520833328125 0.1300925921875 0.9921875 0.1263888890625 0.9997395828125001 0.11851851875 0.9984375 0
0 0.8890625 0.1458333328125 0.8739583328125 0.1495370375 0.8598958328125 0.15879629687500002 0.8497395828125001 0.1740740734375 0.8354166671875 0.20231481406250001 0.8260416671874999 0.2078703703125 0.80703125 0.20648148125 0.8755208328125 0.2375 0.9666666671874999 0.2541666671875 0.9354166671874999 0.2208333328125 0.9020833328125001 0.1625 0.8890625 0.1458333328125
0 0.5466145828125 0.49351851875 0.5385416671875001 0.48379629687500003 0.5255208328125 0.4763888890625 0.5411458328125 0.46898148125 0.5671875 0.45046296249999995 0.5776041671875001 0.45046296249999995 0.5973958328125 0.4578703703125 0.6057291671875 0.45601851875 0.6106770828125 0.44629629687500005 0.6065104171875 0.43240740781250003 0.5981770828124999 0.4148148140625 0.5888020828125 0.36759259218749996 0.5557291671875 0.3476851859375 0.5375 0.32453703749999996 0.5020833328125 0.2986111109375 0.49296875 0.284259259375 0.49505208281249996 0.271296296875 0.4921875 0.2476851859375 0.4890625 0.2606481484375 0.4760416671875 0.2384259265625 0.4682291671875 0.23009259218749997 0.4515625 0.2226851859375 0.4544270828125 0.24259259218749998 0.4544270828125 0.25555555625 0.45130208281249995 0.28055555625 0.43958333281249995 0.30694444375 0.425 0.3236111109375 0.421875 0.3365740734375 0.40651041718750003 0.35648148125 0.39921875 0.38148148125 0.40338541718750004 0.41203703750000004 0.42109375 0.46388888906250003 0.428125 0.4791666671875 0.4361979171875 0.46388888906250003 0.44114583281249997 0.4486111109375 0.4484375 0.44398148125 0.45625 0.44490740781250004 0.4609375 0.4513888890625 0.4713541671875 0.4513888890625 0.4859375 0.4643518515625 0.5119791671875 0.5004629625 0.5359375 0.5097222218749999 0.5442708328125 0.5069444437499999 0.5471354171875 0.4981481484375 0.5466145828125 0.49351851875
2 0.4765625 0.22638888906250001 0.4674479171875 0.2296296296875 0.4760416671875 0.2384259265625 0.4890625 0.2606481484375 0.49244791718750003 0.246296296875 0.48229166718750005 0.21435185156249997 0.4765625 0.22638888906250001
0 0.246875 0.80694444375 0.2518229171875 0.796296296875 0.2518229171875 0.7925925921875 0.24895833281250002 0.7800925921874999 0.2283854171875 0.7620370375000001 0.2247395828125 0.7231481484375 0.21744791718749998 0.6805555562500001 0.2169270828125 0.6564814812499999 0.21848958281250003 0.6361111109375 0.2260416671875 0.6226851859375 0.2328125 0.6199074078125 0.23515625 0.6101851859375 0.2143229171875 0.5388888890625 0.2182291671875 0.5365740734375 0.234375 0.56898148125 0.2598958328125 0.5995370375 0.2697916671875 0.6106481484375 0.278125 0.6106481484375 0.28854166718749996 0.5912037031249999 0.2989583328125 0.58194444375 0.3192708328125 0.54398148125 0.3645833328125 0.5273148140624999 0.37890625 0.48981481406249994 0.3723958328125 0.48564814843750004 0.3447916671875 0.4513888890625 0.3317708328125 0.4393518515625 0.3263020828125 0.4453703703125 0.3151041671875 0.48379629687500003 0.3065104171875 0.46296296249999996 0.3083333328125 0.4199074078125 0.1651041671875 0.41157407343749997 0.1486979171875 0.4861111109375 0.13723958281249998 0.5620370375 0.1536458328125 0.5745370375000001 0.1622395828125 0.5916666671875 0.1716145828125 0.6620370375 0.17109375 0.696296296875 0.1778645828125 0.7240740734375 0.18359375 0.7333333328125 0.18671875 0.75 0.18828125 0.8009259265625 0.20833333281250002 0.8134259265624999 0.23072916718749997 0.83194444375 0.23515625 0.8296296296874999 0.23932291718749998 0.8120370375 0.246875 0.80694444375
0 0.3252604171875 0.7268518515625 0.3333333328125 0.7041666671875 0.33515625 0.7194444437499999 0.3421875 0.7384259265625001 0.346875 0.7393518515624999 0.35390625 0.728703703125 0.3591145828125 0.6953703703125 0.3606770828125 0.6666666671875 0.3513020828125 0.6046296296875 0.36015625 0.5574074078125 0.3635416671875 0.5273148140624999 0.31875 0.54398148125 0.2984375 0.58194444375 0.2880208328125 0.5912037031249999 0.27786458281250004 0.6101851859375 0.2783854171875 0.6453703703125 0.2825520828125 0.709259259375 0.28671875 0.728703703125 0.296875 0.7402777781250001 0.3109375 0.7486111109375 0.3182291671875 0.7486111109375 0.3200520828125 0.7453703703125 0.32109375 0.7324074078125 0.3252604171875 0.7268518515625
2 0.40338541718750004 0.41203703750000004 0.39921875 0.38148148125 0.40651041718750003 0.35555555625 0.421875 0.3356481484375 0.425 0.3226851859375 0.44244791718750004 0.3009259265625 0.45130208281249995 0.2796296296875 0.4536458328125 0.25509259218749997 0.44895833281249997 0.25694444375000003 0.421875 0.28379629687499996 0.4015625 0.2976851859375 0.3700520828125 0.33888888906250003 0.3703125 0.4254629625 0.30859375 0.4203703703125 0.3065104171875 0.46296296249999996 0.3151041671875 0.48379629687500003 0.3263020828125 0.4453703703125 0.3317708328125 0.4393518515625 0.3776041671875 0.4893518515625 0.390625 0.47268518593750003 0.3947916671875 0.478240740625 0.40208333281249997 0.478240740625 0.40338541718750004 0.4796296296875 0.40390625 0.49259259218749996 0.415625 0.5125 0.4283854171875 0.4796296296875 0.42109375 0.46388888906250003 0.40338541718750004 0.41203703750000004