0 0.6197916671875 0.503240740625 0.6609375 0.49305555625 0.6822916671875 0.49120370312499995 0.68203125 0.47592592656250005 0.675 0.459722221875 0.6411458328124999 0.416203703125 0.6213541671875 0.403240740625 0.6057291671875 0.3986111109375 0.5924479171875 0.4175925921875 0.5796875 0.4486111109375 0.5778645828125 0.4388888890625 0.5700520828125 0.4203703703125 0.5473958328124999 0.3745370375 0.5328125 0.366203703125 0.5171875 0.36805555624999997 0.5356770828124999 0.40833333281249995 0.5684895828125 0.49444444374999996 0.53984375 0.5518518515624999 0.5416666671875 0.5523148140624999 0.5921875 0.54398148125 0.6020833328124999 0.5375 0.6197916671875 0.503240740625
3 0.415625 0.059722221875 0.3921875 0.059722221875 0.38229166718749996 0.0625 0.3625 0.08101851875 0.3518229171875 0.09444444375 0.3513020828125 0.1111111109375 0.35625 0.12175925937500001 0.3713541671875 0.1199074078125 0.3802083328125 0.13287037031249999 0.3921875 0.141203703125 0.42734375 0.0759259265625 0.4270833328125 0.0634259265625 0.415625 0.059722221875
0 0.3606770828125 0.70648148125 0.35234375 0.6898148140625 0.35546875 0.6629629625 0.3591145828125 0.6518518515625 0.3640625 0.6476851859375 0.3973958328125 0.6347222218749999 0.4028645828125 0.6240740734375 0.3997395828125 0.5990740734375 0.4067708328125 0.5949074078125001 0.4106770828125 0.584259259375 0.4049479171875 0.5675925921875 0.40416666718750005 0.5504629624999999 0.3854166671875 0.5486111109375 0.36666666718749996 0.541203703125 0.35859375 0.534259259375 0.3552083328125 0.51898148125 0.3307291671875 0.5365740734375 0.3153645828125 0.55648148125 0.3143229171875 0.5740740734374999 0.31588541718749996 0.5870370375 0.30859375 0.6129629624999999 0.3299479171875 0.64351851875 0.3434895828125 0.678703703125 0.3466145828125 0.7046296296875 0.34036458281250004 0.7138888890625 0.33828125 0.728703703125 0.346875 0.7291666671875 0.3567708328125 0.728240740625 0.36276041718749996 0.7231481484375 0.3606770828125 0.70648148125
0 0 0.44629629687500005 0.0015625 0.4513888890625 0.008854167187500001 0.45416666718750004 0.0479166671875 0.4365740734375 0.0536458328125 0.4236111109375 0.0921875 0.43101851875 0.09036458281250001 0.4175925921875 0.07552083281250001 0.3949074078125 0.0848958328125 0.39398148125 0.0958333328125 0.3865740734375 0.146875 0.36990740781250003 0.20286458281250003 0.3583333328125 0.1760416671875 0.34398148125 0.15572916718750002 0.3384259265625 0.1330729171875 0.3129629625 0.1317708328125 0.29398148125 0.1166666671875 0.2828703703125 0.08541666718749999 0.2791666671875 0.0682291671875 0.26805555625 0.0640625 0.26805555625 0.05729166718749999 0.28472222187499996 0.0286458328125 0.3125 0 0.34629629687499996 0 0.44629629687500005
0 0.9794270828125 0.396296296875 0.9783854171874999 0.3611111109375 0.9903645828125001 0.34444444375 0.9940104171874999 0.31944444375000003 0.98984375 0.3 0.9950520828125 0.290740740625 0.9921875 0.27638888906250003 0.9893229171875 0.27777777812500004 0.98828125 0.2888888890625 0.9854166671875 0.2958333328125 0.9807291671874999 0.29675925937500003 0.9739583328125001 0.290277778125 0.9708333328125001 0.291203703125 0.965625 0.3013888890625 0.9604166671875 0.3023148140625 0.9583333328125001 0.290277778125 0.9565104171875 0.30555555624999997 0.9575520828125 0.3361111109375 0.9643229171875 0.3703703703125 0.9669270828125001 0.4074074078125 0.97578125 0.4481481484375 0.9776041671875 0.4763888890625 0.98671875 0.4574074078125 0.98515625 0.43333333281249997 0.9794270828125 0.396296296875
0 0.9822916671874999 0.6958333328124999 0.9880208328125001 0.6884259265625 0.9958333328125001 0.6875 0.9997395828125001 0.690740740625 0.9997395828125001 0.6138888890625 0.9984375 0.603240740625 0.98125 0.60694444375 0.9661458328125001 0.616203703125 0.9432291671874999 0.6393518515625 0.9346354171875 0.6564814812499999 0.9255208328125001 0.68194444375 0.9145833328125 0.6921296296875 0.9075520828125001 0.702777778125 0.89296875 0.740740740625 0.9049479171874999 0.7740740734375 0.9109375 0.7763888890625 0.9677083328125 0.7245370375 0.97734375 0.709259259375 0.9822916671874999 0.6958333328124999
3 0.5677083328125 0.3263888890625 0.5828125 0.31898148125 0.5994791671875 0.2995370375 0.6223958328125 0.2958333328125 0.63515625 0.28796296250000003 0.6315104171875 0.272222221875 0.6216145828124999 0.2453703703125 0.6111979171875 0.22407407343750002 0.6028645828125 0.19351851874999998 0.59765625 0.15370370312499998 0.6044270828125 0.09444444375 0.6015625 0.0791666671875 0.5822916671875 0.0726851859375 0.5768229171875 0.07962962968750001 0.5674479171875 0.1111111109375 0.5606770828125 0.11574074062499999 0.5643229171875 0.140740740625 0.5518229171875 0.16388888906250001 0.5466145828125 0.2018518515625 0.49817708281249995 0.34351851875 0.5067708328125 0.34398148125 0.5166666671875 0.3671296296875 0.5333333328125 0.3523148140625 0.5572916671875 0.3393518515625 0.5677083328125 0.3263888890625
0 0.425 0.5300925921874999 0.41822916718750003 0.5365740734375 0.40729166718750004 0.5375 0.40442708281249995 0.540740740625 0.40442708281249995 0.5675925921875 0.4109375 0.584722221875 0.42083333281249996 0.5958333328125 0.4419270828125 0.578703703125 0.44036458281249996 0.5675925921875 0.425 0.5300925921874999
0 0.521875 0.8486111109375001 0.52890625 0.834259259375 0.53671875 0.8111111109375001 0.5364583328125 0.7791666671875 0.5036458328125 0.7810185187500001 0.46588541718750004 0.790740740625 0.46796875 0.8194444437499999 0.47265625 0.8416666671874999 0.49583333281249997 0.8773148140625 0.5026041671875 0.8736111109375001 0.5114583328125 0.8523148140625001 0.521875 0.8486111109375001
3 0.5692708328125 0.8143518515625001 0.546875 0.80694444375 0.5502604171875001 0.8518518515625001 0.5625 0.85601851875 0.584375 0.8495370375 0.5830729171875 0.8231481484375 0.5692708328125 0.8143518515625001
0 0.8505208328125 0.6486111109375 0.8609375 0.6495370375 0.86640625 0.64444444375 0.8580729171874999 0.5916666671875 0.87265625 0.5555555562500001 0.86171875 0.4916666671875 0.8552083328125001 0.46805555625000006 0.8450520828125001 0.525 0.8395833328125001 0.5328703703125 0.83125 0.5375 0.8174479171875 0.5611111109375 0.7994791671875 0.5986111109375 0.7822916671875 0.60601851875 0.7736979171875 0.615740740625 0.7846354171875001 0.6370370375000001 0.7908854171875 0.6796296296875 0.7932291671875 0.68194444375 0.8041666671875 0.68194444375 0.8260416671874999 0.665277778125 0.8458333328125001 0.6449074078125 0.8505208328125 0.6486111109375