0 0.5927083328125 0.4236111109375 0.5942708328124999 0.3458333328125 0.54765625 0.4129629625 0.5927083328125 0.4236111109375
3 0.6544270828125 0.0675925921875 0.6559895828125 0.046296296875 0.6473958328125 0.026388889062499997 0.6359375 0.016203703125 0.6203125 0.01805555625 0.6015625 0.027314814062499998 0.5911458328125 0.0375 0.5861979171875 0.047222221875 0.63125 0.1106481484375 0.6432291671875 0.1226851859375 0.6510416671875 0.1226851859375 0.6434895828125 0.0861111109375 0.6494791671875 0.0800925921875 0.6544270828125 0.0675925921875
0 0.7127604171875 0.14444444375 0.7111979171875 0.13055555624999998 0.7005208328125 0.1254629625 0.6677083328125 0.13101851874999998 0.6510416671875 0.12175925937500001 0.65703125 0.1425925921875 0.65390625 0.1481481484375 0.6645833328124999 0.1513888890625 0.6716145828125 0.1648148140625 0.6760416671875 0.17916666718750002 0.6869791671875001 0.17361111093749998 0.7072916671875 0.1541666671875 0.7127604171875 0.14444444375
0 0.2104166671875 0.49768518593750005 0.2455729171875 0.471296296875 0.2203125 0.4643518515625 0.1927083328125 0.46157407343749995 0.1708333328125 0.4828703703125 0.15677083281249998 0.4893518515625 0.15234375 0.51944444375 0.1403645828125 0.55648148125 0.1458333328125 0.55694444375 0.1677083328125 0.5550925921875 0.190625 0.521759259375 0.2104166671875 0.49768518593750005
0 0.66171875 0.30740740781250003 0.659375 0.278240740625 0.64609375 0.31944444375000003 0.6158854171875 0.384259259375 0.60234375 0.4379629625 0.6083333328125 0.44120370312499996 0.6348958328125 0.44490740781250004 0.6578125 0.459722221875 0.6653645828125 0.3990740734375 0.6622395828125 0.365740740625 0.66171875 0.30740740781250003
0 0.77890625 0.1824074078125 0.7682291671875 0.1708333328125 0.740625 0.165277778125 0.7239583328125 0.165277778125 0.7177083328125 0.16805555625 0.7072916671875 0.178240740625 0.696875 0.1828703703125 0.68828125 0.19351851874999998 0.6963541671875 0.20138888906250002 0.7166666671875 0.20694444375 0.728125 0.20694444375 0.7447916671875 0.216203703125 0.7520833328125 0.2171296296875 0.7619791671875 0.22453703749999998 0.7755208328125 0.21342592656249998 0.7815104171875 0.20277777812500003 0.77890625 0.1824074078125
0 0.8963541671874999 0.0013888890625 0.834375 0 0.8255208328125001 0.0078703703125 0.7989583328125 0.0199074078125 0.7786458328125 0.0208333328125 0.7682291671875 0.025462962500000002 0.7588541671875 0.0208333328125 0.7380208328125 0.0300925921875 0.7213541671875 0.027314814062499998 0.7104166671875001 0.034722221875 0.6916666671875 0.03194444375 0.6841145828124999 0.034259259375000004 0.7127604171875 0.08425925937499999 0.72109375 0.1074074078125 0.7252604171875 0.13703703750000001 0.7265625 0.166203703125 0.7411458328125 0.166203703125 0.76875 0.171759259375 0.7794270828125 0.1833333328125 0.7822916671875 0.20138888906250002 0.8057291671875 0.1893518515625 0.8192708328125 0.1949074078125 0.8354166671875 0.17361111093749998 0.8765625 0.1763888890625 0.8947916671874999 0.1671296296875 0.9213541671875 0.1634259265625 0.9505208328125001 0.16898148125 0.9580729171875 0.17314814843749998 0.984375 0.240277778125 0.9997395828125001 0.1990740734375 0.95234375 0.15925925937500002 0.8963541671874999 0.0013888890625
0 0.6721354171875 0.63148148125 0.6890625 0.6486111109375 0.7153645828124999 0.6333333328124999 0.6890625 0.5773148140625 0.6721354171875 0.63148148125
3 0.6471354171875 0.9018518515625 0.6424479171875 0.827777778125 0.6643229171875 0.7731481484375 0.6731770828125 0.7138888890625 0.6778645828125 0.652777778125 0.6721354171875 0.63055555625 0.6822916671875 0.596759259375 0.6697916671875 0.596759259375 0.6518229171875001 0.628703703125 0.64140625 0.68148148125 0.63359375 0.7546296296875 0.6234375 0.765277778125 0.609375 0.76898148125 0.5953125 0.7791666671875 0.5872395828125 0.8009259265625 0.5924479171875 0.8888888890625 0.5986979171875 0.9583333328125001 0.6114583328125 0.965277778125 0.64375 0.953240740625 0.6471354171875 0.9416666671874999 0.6471354171875 0.9018518515625
0 0.39765625 0.1759259265625 0.4127604171875 0.1546296296875 0.34427083281250004 0.09305555625 0.3302083328125 0.0986111109375 0.30859375 0.1351851859375 0.2981770828125 0.1648148140625 0.29296875 0.197222221875 0.2809895828125 0.225 0.3057291671875 0.25601851875000003 0.340625 0.28101851875 0.3739583328125 0.2995370375 0.3825520828125 0.2833333328125 0.3924479171875 0.25555555625 0.39765625 0.1759259265625
0 0.45807291718750004 0.6675925921875 0.45234375 0.64444444375 0.44765625 0.6138888890625 0.44713541718750005 0.5583333328125 0.43203125 0.54444444375 0.42578125 0.50648148125 0.41588541718750005 0.4888888890625 0.4125 0.4763888890625 0.3947916671875 0.4995370375 0.3817708328125 0.521759259375 0.3114583328125 0.5310185187500001 0.3184895828125 0.6333333328124999 0.3263020828125 0.6953703703125 0.32421875 0.7398148140624999 0.33828125 0.7361111109375 0.3221354171875 0.7861111109375 0.34322916718749996 0.80694444375 0.3828125 0.83194444375 0.42395833281249995 0.853240740625 0.44453125 0.7731481484375 0.45859375 0.70648148125 0.45807291718750004 0.6675925921875
1 0 0.7013888890625 0.1197916671875 0.708796296875 0.1458333328125 0.70694444375 0.1666666671875 0.7134259265625 0.17421875 0.627777778125 0.16953125 0.5962962968750001 0.15677083281249998 0.583796296875 0.10052083281249999 0.584722221875 0.0869791671875 0.58101851875 0.0703125 0.5921296296875 0.061979167187499996 0.584722221875 0 0.5888888890625 0.0005208328124999999 0.633796296875 0.109375 0.6263888890625 0.1549479171875 0.615740740625 0.153125 0.6736111109375 0 0.66805555625 0 0.7013888890625
0 0.12291666718750001 0.34861111093749997 0.1364583328125 0.3236111109375 0.14791666718750002 0.3236111109375 0.15572916718750002 0.315277778125 0.16328125 0.2916666671875 0.1669270828125 0.2731481484375 0.16744791718750002 0.2601851859375 0.1526041671875 0.259722221875 0.1466145828125 0.21851851875 0.14010416718750002 0.2078703703125 0.1213541671875 0.1921296296875 0.103125 0.1856481484375 0.08072916718749999 0.19120370312499999 0.0877604171875 0.20648148125 0.0609375 0.2356481484375 0.0427083328125 0.2708333328125 0.0369791671875 0.26342592656249997 0.0184895828125 0.2638888890625 0.02265625 0.29444444375 0.01953125 0.30555555624999997 0.021614582812499998 0.3129629625 0.0234375 0.3171296296875 0.0359375 0.315277778125 0.0419270828125 0.3333333328125 0.0190104171875 0.3796296296875 0.061979167187499996 0.4291666671875 0.07291666718749999 0.43101851875 0.0875 0.41342592656250005 0.0986979171875 0.3861111109375 0.12291666718750001 0.34861111093749997
0 0 0.15092592656249998 0.0140625 0.1495370375 0.0270833328125 0.15601851875 0.07161458281250001 0.12592592656249998 0.07578125 0.10185185156250001 0.0841145828125 0.0824074078125 0.0877604171875 0.065740740625 0.08828125 0.0416666671875 0.0838541671875 0 0.0013020828125 0.0009259265625 0 0.0083333328125 0 0.15092592656249998