2 0.43072916718750004 0.38842592656249997 0.44557291718750003 0.377777778125 0.4291666671875 0.3578703703125 0.42083333281249996 0.35046296250000003 0.4114583328125 0.346759259375 0.39375 0.34305555625 0.3838541671875 0.35694444375 0.3763020828125 0.377777778125 0.3778645828125 0.4203703703125 0.3799479171875 0.447222221875 0.38359375 0.4675925921875 0.39114583281250004 0.4699074078125 0.41015625 0.440740740625 0.42005208281249995 0.409259259375 0.43072916718750004 0.38842592656249997
0 0.45807291718750004 0.3981481484375 0.475 0.35972222187499997 0.5072916671875001 0.3421296296875 0.5510416671875 0.34398148125 0.5895833328125 0.35972222187499997 0.6471354171875 0.3888888890625 0.6471354171875 0.38055555625 0.6419270828125 0.36296296250000004 0.6356770828125 0.32777777812500003 0.6002604171875 0.1870370375 0.5979166671875 0.1634259265625 0.5875 0.15972222187500001 0.5838541671875 0.1523148140625 0.5760416671875 0.1495370375 0.5635416671875 0.15972222187500001 0.5432291671875 0.18194444375000002 0.5296875 0.1893518515625 0.5203125 0.20416666718749998 0.5098958328125 0.20972222187499998 0.5015625 0.23194444375 0.48645833281249995 0.246759259375 0.45234375 0.30740740781250003 0.43776041718750003 0.3518518515625 0.43671875 0.3638888890625 0.44609375 0.3768518515625 0.43125 0.3875 0.4205729171875 0.409259259375 0.4106770828125 0.440740740625 0.3919270828125 0.46944444374999994 0.38723958281250004 0.4990740734375 0.3890625 0.5023148140625 0.4046875 0.5226851859375 0.43177083281249995 0.5449074078125 0.47447916718750005 0.5976851859375001 0.46067708281249997 0.5379629625 0.4486979171875 0.44907407343749994 0.45807291718750004 0.3981481484375
0 0.8481770828125 0.41203703750000004 0.8440104171874999 0.3351851859375 0.8403645828125 0.31851851875000003 0.8364583328125 0.3078703703125 0.8296875 0.3023148140625 0.8161458328125001 0.3013888890625 0.8109375 0.30694444375 0.8026041671874999 0.2949074078125 0.7927083328125 0.2949074078125 0.7927083328125 0.3115740734375 0.8138020828125001 0.3203703703125 0.8216145828125001 0.35 0.8252604171875 0.3768518515625 0.82421875 0.403703703125 0.81640625 0.4166666671875 0.8286458328125 0.42453703750000005 0.8364583328125 0.4199074078125 0.846875 0.4199074078125 0.8481770828125 0.41203703750000004
0 0.6981770828125 0.5 0.6703125 0.48564814843750004 0.66640625 0.4981481484375 0.64609375 0.5361111109375 0.6330729171875 0.5666666671875 0.6213541671875 0.5865740734375 0.61484375 0.590740740625 0.6140625 0.5958333328125 0.621875 0.5976851859375001 0.628125 0.6050925921875 0.7140625 0.566203703125 0.71328125 0.5481481484375 0.6981770828125 0.5
0 0.38046875 0.45185185156249996 0.3763020828125 0.3768518515625 0.3815104171875 0.3601851859375 0.39401041718749996 0.3416666671875 0.3934895828125 0.33055555625 0.3875 0.3143518515625 0.3807291671875 0.3106481484375 0.365625 0.3125 0.3580729171875 0.33148148125 0.34921875 0.365740740625 0.3302083328125 0.4125 0.2799479171875 0.4129629625 0.3229166671875 0.4513888890625 0.3479166671875 0.46898148125 0.3703125 0.4893518515625 0.38125 0.49305555625 0.3864583328125 0.5004629625 0.39140625 0.471296296875 0.38359375 0.46851851875 0.38046875 0.45185185156249996
3 0.08828125 0.403703703125 0.1013020828125 0.371296296875 0.1216145828125 0.309259259375 0.1341145828125 0.2388888890625 0.056770832812500005 0.1643518515625 0.0322916671875 0.1356481484375 0.01015625 0.13981481406250001 0.0049479171874999995 0.1990740734375 0.0184895828125 0.23148148124999998 0.0278645828125 0.24722222187499998 0.03359375 0.2759259265625 0.04453125 0.3129629625 0.0455729171875 0.3611111109375 0.0283854171875 0.3981481484375 0.0028645828125 0.4379629625 0 0.5453703703125 0.0010416671875 0.56805555625 0.05390625 0.4879629625 0.07265625 0.4370370375 0.08828125 0.403703703125
0 0.1497395828125 0.43055555625 0.1497395828125 0.4574074078125 0.15963541718750002 0.47222222187499996 0.16744791718750002 0.49351851875 0.16015625 0.5314814812499999 0.1471354171875 0.5703703703125 0.13723958281249998 0.6129629624999999 0.1375 0.616203703125 0.1494791671875 0.61898148125 0.1536458328125 0.6236111109375 0.2049479171875 0.427777778125 0.2010416671875 0.42268518593750004 0.1497395828125 0.43055555625
0 0.9958333328125001 0.403240740625 0.9848958328125 0.40694444374999994 0.9697916671875 0.41805555625 0.9643229171875 0.42870370312499995 0.9627604171874999 0.43240740781250003 0.9627604171874999 0.47222222187499996 0.9643229171875 0.5 0.9674479171874999 0.5083333328124999 0.9674479171874999 0.5240740734375 0.9994791671875 0.5375 0.9997395828125001 0.41944444374999995 0.9986979171874999 0.40555555625000006 0.9958333328125001 0.403240740625
0 0.8278645828125001 0.8129629625 0.8315104171875 0.79351851875 0.82578125 0.7731481484375 0.8161458328125001 0.7578703703125 0.8138020828125001 0.777777778125 0.8075520828125 0.7981481484375 0.7963541671875001 0.8199074078124999 0.7713541671875 0.858796296875 0.7572916671875001 0.8726851859375 0.74296875 0.9083333328125001 0.7424479171875 0.9111111109375001 0.7484375 0.91898148125 0.759375 0.9273148140625 0.790625 0.8708333328125001 0.8015625 0.85694444375 0.8278645828125001 0.8129629625
0 0.8419270828125001 0.5129629625 0.82578125 0.48981481406249994 0.8177083328125001 0.45694444375 0.8057291671875 0.4578703703125 0.7919270828125 0.47222222187499996 0.79140625 0.5333333328125 0.78828125 0.571296296875 0.8135416671875 0.5995370375 0.82890625 0.5648148140625 0.8481770828125 0.5296296296875 0.8419270828125001 0.5129629625
3 0.5197916671875 0.20509259218749998 0.5291666671875 0.190277778125 0.5427083328125 0.1828703703125 0.5630208328124999 0.1606481484375 0.5755208328125 0.1504629625 0.5833333328125 0.15324074062499998 0.5869791671875 0.1606481484375 0.596875 0.1643518515625 0.6229166671875 0.15879629687500002 0.6380208328125 0.1495370375 0.6489583328124999 0.1375 0.6671875 0.128240740625 0.66953125 0.1166666671875 0.6638020828125 0.09351851875 0.6528645828124999 0.06944444375 0.6497395828125 0.037037037499999995 0.63984375 0.0101851859375 0.6346354171875 0.00648148125 0.634375 0 0.40520833281249996 0.0013888890625 0.41015625 0.0990740734375 0.41119791718750004 0.2018518515625 0.42083333281249996 0.2208333328125 0.4369791671875 0.22638888906250001 0.45208333281249996 0.2208333328125 0.5088541671875 0.2115740734375 0.5197916671875 0.20509259218749998