0 0 0.9023148140625 0.0041666671875 0.89398148125 0.0197916671875 0.88101851875 0.0270833328125 0.88101851875 0.0333333328125 0.8773148140625 0.0645833328125 0.8541666671874999 0.0799479171875 0.8296296296874999 0.08359375 0.796296296875 0.046875 0.7430555562500001 0.03125 0.7328703703125 0.0182291671875 0.7291666671875 0.008854167187500001 0.7208333328125 0 0.7004629625 0 0.9023148140625
3 0.4440104171875 0.6259259265625 0.44713541718750005 0.6074074078125 0.44609375 0.5916666671875 0.42734375 0.5018518515625 0.40911458281249996 0.46481481406249997 0.40078125 0.4388888890625 0.39505208281250004 0.41018518593750003 0.3856770828125 0.3861111109375 0.3721354171875 0.340740740625 0.3625 0.3226851859375 0.3515625 0.32083333281250004 0.3296875 0.333796296875 0.3221354171875 0.35 0.33125 0.3643518515625 0.34427083281250004 0.3726851859375 0.3604166671875 0.39027777812500003 0.3674479171875 0.40833333281249995 0.37578125 0.44351851875000003 0.3799479171875 0.4824074078125 0.3846354171875 0.5083333328124999 0.38515625 0.565740740625 0.3799479171875 0.5824074078125 0.3708333328125 0.596759259375 0.3578125 0.60601851875 0.3375 0.6134259265625001 0.32864583281250004 0.6199074078125 0.3294270828125 0.6388888890625 0.35 0.6550925921874999 0.3640625 0.6560185187500001 0.3723958328125 0.6625 0.38333333281250004 0.6773148140624999 0.4135416671875 0.666203703125 0.43541666718750005 0.64398148125 0.4440104171875 0.6259259265625
3 0.9997395828125001 0.3361111109375 0.9997395828125001 0.3203703703125 0.959375 0.3384259265625 0.9596354171874999 0.35925925937500003 0.9661458328125001 0.3634259265625 0.975 0.3523148140625 0.9973958328125001 0.3421296296875 0.9997395828125001 0.3361111109375
0 0.9015625 0.43009259218749996 0.9104166671874999 0.41805555625 0.9166666671874999 0.42453703750000005 0.925 0.4254629625 0.9278645828125001 0.42129629687500003 0.9283854171874999 0.41203703750000004 0.9247395828125 0.4 0.9130208328125 0.38194444375000003 0.9 0.3726851859375 0.8859375 0.3745370375 0.8651041671874999 0.36898148124999997 0.8536458328125001 0.3745370375 0.8440104171874999 0.3888888890625 0.8408854171875 0.3981481484375 0.8408854171875 0.41203703750000004 0.84296875 0.42314814843750004 0.85390625 0.45648148125 0.8518229171874999 0.4675925921875 0.853125 0.4699074078125 0.8630208328125001 0.46342592656250003 0.8739583328125 0.44768518593750006 0.9015625 0.43009259218749996
0 0 0.3509259265625 0.0015625 0.36064814843750004 0.0052083328125 0.36064814843750004 0.0653645828125 0.353703703125 0.06796875 0.3138888890625 0.0809895828125 0.30740740781250003 0.0731770828125 0.275 0.07369791718749999 0.197222221875 0.07942708281250001 0.15092592656249998 0.07083333281250001 0.1365740734375 0.046875 0.1171296296875 0.0234375 0.1050925921875 0 0.1004629625 0 0.3509259265625
3 0.8669270828125001 0.30740740781250003 0.8653645828125001 0.2888888890625 0.8546875 0.2736111109375 0.846875 0.2736111109375 0.8346354171874999 0.3111111109375 0.8283854171874999 0.35648148125 0.8734375 0.3726851859375 0.8932291671874999 0.3754629625 0.8997395828125001 0.3731481484375 0.88828125 0.35555555625 0.8669270828125001 0.30740740781250003
0 0.96796875 0.8101851859375 0.9705729171874999 0.8203703703125 0.990625 0.8291666671875 0.9989583328125 0.8495370375 0.99921875 0.7648148140625 0.9734375 0.7625 0.96796875 0.8101851859375
0 0.9044270828125001 0.66851851875 0.90390625 0.6518518515625 0.8901041671875 0.6226851859375 0.8651041671874999 0.5976851859375001 0.8526041671875 0.596759259375 0.8424479171874999 0.609259259375 0.8377604171874999 0.625 0.8296875 0.6393518515625 0.8130208328125 0.6476851859375 0.80234375 0.6574074078125001 0.8041666671875 0.6708333328125 0.8671875 0.696759259375 0.9067708328125 0.7254629625 0.9044270828125001 0.7 0.9002604171874999 0.6805555562500001 0.9044270828125001 0.66851851875
3 0.85078125 0.5675925921875 0.8609375 0.5495370375 0.8848958328125001 0.5171296296875 0.9013020828125 0.4888888890625 0.9143229171874999 0.46388888906250003 0.925 0.43101851875 0.9067708328125 0.4263888890625 0.8744791671875 0.44768518593750006 0.8630208328125001 0.46342592656250003 0.8513020828125001 0.471296296875 0.8497395828125001 0.49444444374999996 0.83984375 0.5240740734375 0.815625 0.5541666671875001 0.8122395828125001 0.5629629625 0.8182291671874999 0.590277778125 0.83125 0.5976851859375001 0.8359375 0.5976851859375001 0.86171875 0.5953703703125 0.85390625 0.5824074078125 0.85078125 0.5675925921875
0 0.8125 0.5643518515625 0.8036458328125 0.5745370375000001 0.7966145828125 0.5870370375 0.8088541671874999 0.6115740734374999 0.8265625 0.621759259375 0.83046875 0.6148148140624999 0.81796875 0.5898148140624999 0.8125 0.5643518515625
0 0.64609375 0.6546296296875 0.6411458328124999 0.6486111109375 0.6260416671875 0.6384259265625001 0.6072916671875 0.616203703125 0.5838541671875 0.5949074078125001 0.5776041671875001 0.6004629625 0.5572916671875 0.6013888890625 0.5221354171875 0.625 0.5236979171875 0.6379629625 0.5328125 0.6550925921874999 0.6203125 0.741203703125 0.6307291671875 0.7458333328125 0.6481770828125 0.703703703125 0.6481770828125 0.66944444375 0.64609375 0.6546296296875
3 0.5809895828125 0.2796296296875 0.5888020828125 0.25555555625 0.58671875 0.23333333281250002 0.5736979171875001 0.20555555625 0.5700520828125 0.1925925921875 0.5541666671875001 0.1763888890625 0.5528645828125 0.1768518515625 0.55 0.1976851859375 0.5325520828125 0.21111111093749999 0.5330729171875 0.2601851859375 0.5278645828124999 0.28796296250000003 0.5236979171875 0.3240740734375 0.5286458328125 0.34305555625 0.5432291671875 0.3393518515625 0.55625 0.3263888890625 0.5809895828125 0.2796296296875
0 0.5221354171875 0.9361111109375001 0.5106770828125 0.9324074078125 0.50078125 0.9111111109375001 0.48828125 0.871296296875 0.48671875 0.8509259265625 0.49791666718750005 0.8550925921875001 0.49921875 0.8416666671874999 0.4921875 0.828240740625 0.48229166718750005 0.8236111109375001 0.47291666718750003 0.828240740625 0.46692708281249995 0.8453703703125001 0.46276041718750005 0.86851851875 0.4526041671875 0.8754629625 0.3869791671875 0.883796296875 0.36666666718749996 0.8791666671874999 0.3427083328125 0.883796296875 0.2791666671875 0.9041666671874999 0.2510416671875 0.9087962968750001 0.2455729171875 0.9120370375 0.24505208281250002 0.9305555562500001 0.23854166718749997 0.9513888890625 0.22526041718749998 0.952777778125 0.2270833328125 0.9736111109375001 0.21510416718749997 0.9708333328125001 0.2049479171875 0.9509259265625 0.2052083328125 0.9356481484374999 0.19921875 0.9509259265625 0.2013020828125 0.9768518515625001 0.1981770828125 0.99444444375 0.2114583328125 0.9995370375 0.4921875 0.9995370375 0.5270833328125 0.9773148140625001 0.5283854171875 0.9740740734375001 0.5221354171875 0.9361111109375001
2 0.565625 0.883796296875 0.5434895828124999 0.8898148140625001 0.53984375 0.922222221875 0.5403645828125 0.9712962968750001 0.5283854171875 0.9768518515625001 0.5333333328125 0.9958333328125001 0.546875 0.9995370375 0.56328125 0.9870370375 0.5684895828125 0.9101851859375 0.565625 0.883796296875