0 0.9408854171875 0.5074074078125 0.9346354171875 0.4916666671875 0.9377604171874999 0.4703703703125 0.9145833328125 0.46898148125 0.92578125 0.497222221875 0.92578125 0.51944444375 0.93828125 0.559259259375 0.9395833328125001 0.5615740734375 0.9557291671874999 0.5615740734375 0.9544270828125001 0.540740740625 0.9486979171875 0.5203703703125 0.9408854171875 0.5074074078125
0 0.5192708328125 0.446759259375 0.5075520828125 0.45370370312499997 0.5028645828125 0.5379629625 0.5028645828125 0.5416666671875 0.5052083328125 0.5421296296875 0.6330729171875 0.521296296875 0.609375 0.46527777812500004 0.5192708328125 0.446759259375
0 0.7802083328125 0.733796296875 0.78828125 0.7212962968750001 0.7692708328125 0.7041666671875 0.7372395828125 0.6981481484375001 0.73828125 0.6768518515624999 0.746875 0.6569444437499999 0.75625 0.6495370375 0.7666666671875 0.6328703703125 0.78125 0.6208333328125 0.6997395828124999 0.640740740625 0.7044270828125 0.6805555562500001 0.7091145828125 0.7574074078125 0.7109375 0.7615740734374999 0.7200520828125 0.740740740625 0.725 0.7189814812499999 0.7802083328125 0.733796296875
3 0.79765625 0.5583333328125 0.8169270828125 0.4240740734375 0.7572916671875001 0.271759259375 0.7151041671875 0.29305555625 0.6614583328125 0.3328703703125 0.6348958328125 0.3449074078125 0.5825520828124999 0.38703703749999996 0.60546875 0.45277777812500003 0.6424479171875 0.5453703703125 0.6994791671875 0.640277778125 0.7010416671875 0.640277778125 0.7822916671875 0.6208333328125 0.7955729171875 0.6018518515625 0.79765625 0.5583333328125
3 0.15546875 0.14444444375 0.1580729171875 0.1518518515625 0.1609375 0.1773148140625 0.1661458328125 0.18101851875 0.1786458328125 0.17546296249999999 0.1833333328125 0.18842592656249998 0.1890625 0.190277778125 0.1955729171875 0.16388888906250001 0.20416666718749998 0.146759259375 0.15546875 0.14444444375
3 0.5614583328125 0.2921296296875 0.5729166671875 0.30046296250000004 0.5802083328125 0.29675925937500003 0.5919270828125 0.2675925921875 0.5919270828125 0.2453703703125 0.5838541671875 0.2273148140625 0.5682291671875 0.20972222187499998 0.5442708328125 0.16805555625 0.521875 0.13935185156250002 0.496875 0.1208333328125 0.4546875 0.08194444375 0.4265625 0.066203703125 0.3703125 0.0671296296875 0.3578125 0.06435185156249999 0.3401041671875 0.06805555625000001 0.3223958328125 0.0986111109375 0.3104166671875 0.10138888906250001 0.2942708328125 0.1171296296875 0.25625 0.12361111093749999 0.2234375 0.1384259265625 0.22005208281250002 0.15370370312499998 0.2221354171875 0.16944444375 0.22890625 0.18148148125000002 0.22682291718749997 0.2 0.2169270828125 0.234259259375 0.19140625 0.2666666671875 0.240625 0.2736111109375 0.3546875 0.2986111109375 0.43385416718750003 0.3125 0.47760416718750004 0.3236111109375 0.48854166718750003 0.3236111109375 0.4984375 0.3226851859375 0.534375 0.29675925937500003 0.5614583328125 0.2921296296875
3 0.35078125 0.6990740734374999 0.3239583328125 0.6347222218749999 0.2796875 0.6560185187500001 0.26510416718749996 0.6606481484375 0.2541666671875 0.6606481484375 0.2481770828125 0.6648148140625 0.24609375 0.6851851859375 0.2614583328125 0.715277778125 0.27291666718749996 0.73194444375 0.2828125 0.734722221875 0.3057291671875 0.734722221875 0.3338541671875 0.7226851859375001 0.3317708328125 0.7134259265625 0.35078125 0.6990740734374999
0 0.1734375 0.30694444375 0.121875 0.2828703703125 0.1096354171875 0.2953703703125 0.10546875 0.3120370375 0.11119791718750001 0.33055555625 0.0953125 0.3476851859375 0.08515625 0.352777778125 0.08255208281250001 0.384259259375 0.1015625 0.384722221875 0.11510416718750001 0.38009259218749997 0.13333333281249998 0.38935185156249996 0.1794270828125 0.375 0.17630208281249998 0.3138888890625 0.1734375 0.30694444375
0 0.103125 0.18379629687500001 0.0817708328125 0.1856481484375 0.05859375 0.19351851874999998 0.08333333281250001 0.2875 0.0919270828125 0.252777778125 0.1049479171875 0.21851851875 0.103125 0.18379629687500001
0 0 0 0.0002604171875 0.06851851875000001 0.0231770828125 0.1111111109375 0.050260417187499996 0.175 0.058854167187499994 0.1921296296875 0.08125 0.184722221875 0.103125 0.1828703703125 0.10442708281249999 0.21574074062499998 0.1057291671875 0.2171296296875 0.14010416718750002 0.18842592656249998 0.15963541718750002 0.1759259265625 0.15703125 0.1490740734375 0.1497395828125 0.12870370312499999 0.13619791718750002 0.10555555624999999 0.1393229171875 0.0379629625 0.1330729171875 0.0231481484375 0.14401041718750002 0.013888889062500001 0.14609375 0 0.0875 0.0013888890625 0.0838541671875 0.0023148140625 0.0765625 0.01898148125 0.06510416718749999 0.01898148125 0.05234375 0.0120370375 0.0635416671875 0 0 0
0 0.1786458328125 0.0921296296875 0.1588541671875 0.084722221875 0.14791666718750002 0.084722221875 0.13671875 0.10555555624999999 0.1502604171875 0.12870370312499999 0.1552083328125 0.14305555625 0.2046875 0.1458333328125 0.20442708281250002 0.12129629687500001 0.1932291671875 0.103240740625 0.1786458328125 0.0921296296875
2 0.9739583328125001 0.1875 0.9549479171874999 0.18055555625 0.9497395828125 0.15277777812499999 0.95390625 0.11944444375 0.9502604171875 0.0916666671875 0.9424479171875 0.06851851875000001 0.9408854171875 0.0490740734375 0.9286458328125 0.0513888890625 0.9098958328125001 0.06064814843750001 0.9088541671874999 0.07638888906249999 0.9010416671874999 0.078240740625 0.8903645828125001 0.09074074062500001 0.8877604171875 0.11574074062499999 0.89140625 0.1416666671875 0.8950520828125 0.15370370312499998 0.91875 0.2226851859375 0.9255208328125001 0.228240740625 0.9515625 0.23472222187499997 0.9630208328125001 0.24212962968750001 0.9671875 0.24212962968750001 0.9721354171875 0.2370370375 0.9872395828125 0.2009259265625 0.9739583328125001 0.1875
3 0.2731770828125 0 0.2799479171875 0.0240740734375 0.3033854171875 0.08055555625000001 0.3229166671875 0.0986111109375 0.340625 0.06898148125 0.3583333328125 0.06527777812499999 0.3708333328125 0.06805555625000001 0.4270833328125 0.0671296296875 0.45520833281249995 0.0828703703125 0.5208333328125 0.140277778125 0.5283854171875 0.1231481484375 0.53046875 0.0916666671875 0.5268229171875001 0.037037037499999995 0.5223958328125 0 0.2731770828125 0
0 0.9817708328125001 0.3986111109375 0.9640625 0.4254629625 0.9541666671875 0.44490740781250004 0.9395833328125001 0.46157407343749995 0.9346354171875 0.4888888890625 0.9408854171875 0.5074074078125 0.94921875 0.521296296875 0.9549479171874999 0.540740740625 0.9580729171875 0.6018518515625 0.9661458328125001 0.608796296875 0.96875 0.6078703703125 0.9760416671875 0.6125 0.9932291671875 0.6143518515624999 0.9997395828125001 0.6074074078125 0.9994791671875 0.3865740734375 0.9817708328125001 0.3986111109375