0 0.63515625 0.9203703703125001 0.5958333328125 0.88101851875 0.5802083328125 0.8699074078125 0.5697916671875001 0.8763888890624999 0.5598958328125 0.8875 0.55234375 0.9064814812499999 0.5497395828125 0.9324074078125 0.55390625 0.9796296296874999 0.5880208328125 0.9995370375 0.6088541671875001 0.9995370375 0.6184895828125 0.9629629625 0.6283854171875001 0.934259259375 0.63515625 0.9203703703125001
0 0.44140625 0.652777778125 0.4596354171875 0.61851851875 0.4546875 0.6078703703125 0.4291666671875 0.58194444375 0.4171875 0.5634259265625 0.40416666718750005 0.565277778125 0.39453125 0.5879629625 0.40598958281249997 0.628703703125 0.4184895828125 0.6583333328125 0.41588541718750005 0.6870370375 0.39895833281250004 0.691203703125 0.3838541671875 0.7106481484375 0.3565104171875 0.7361111109375 0.3606770828125 0.75555555625 0.3682291671875 0.7708333328125 0.3739583328125 0.7773148140624999 0.3994791671875 0.7810185187500001 0.40729166718750004 0.7726851859375 0.41588541718750005 0.76944444375 0.44140625 0.652777778125
0 0.7330729171875 0.4611111109375 0.7002604171875 0.45 0.69296875 0.4148148140625 0.6966145828125 0.365740740625 0.68359375 0.3120370375 0.6786458328125 0.2995370375 0.6744791671875 0.2976851859375 0.6609375 0.3125 0.6552083328125 0.3106481484375 0.64765625 0.28796296250000003 0.64296875 0.25833333281250004 0.6390625 0.25601851875000003 0.6114583328125 0.2578703703125 0.6046875 0.271759259375 0.5934895828125 0.28611111093749997 0.5856770828125 0.3166666671875 0.5979166671875 0.31805555625 0.6018229171875 0.33703703749999997 0.6153645828125 0.35925925937500003 0.61953125 0.3703703703125 0.61953125 0.3916666671875 0.6169270828125 0.41851851875 0.6171875 0.44305555625000004 0.621875 0.44768518593750006 0.6583333328125 0.45694444375 0.6895833328125 0.45601851875 0.696875 0.4865740734375 0.7140625 0.490277778125 0.7239583328125 0.48842592656250006 0.7263020828125 0.475 0.7330729171875 0.4611111109375
0 0.25052083281250004 0.8393518515625 0.2752604171875 0.8175925921875 0.2536458328125 0.8106481484374999 0.25052083281250004 0.8393518515625
0 0.41588541718750005 0.6870370375 0.4184895828125 0.6574074078125001 0.40598958281249997 0.627777778125 0.3947916671875 0.5875 0.3848958328125 0.60601851875 0.3703125 0.60694444375 0.3635416671875 0.6152777781250001 0.34375 0.6050925921875 0.3083333328125 0.5699074078125 0.3033854171875 0.5675925921875 0.2825520828125 0.6240740734375 0.27421875 0.6564814812499999 0.2744791671875 0.6615740734375 0.31328125 0.6796296296875 0.28854166718749996 0.7995370375 0.38125 0.7134259265625 0.39895833281250004 0.691203703125 0.41588541718750005 0.6870370375
0 0.1197916671875 0.83194444375 0.13359375 0.921296296875 0.14791666718750002 0.9356481484374999 0.1703125 0.9171296296874999 0.22161458281250002 0.8629629624999999 0.1197916671875 0.83194444375
0 0.57734375 0.1361111109375 0.57734375 0.11388888906250001 0.5674479171875 0.0888888890625 0.5575520828125 0.072222221875 0.5552083328124999 0.059722221875 0.5098958328125 0.08101851875 0.45494791718750005 0.07962962968750001 0.49192708281249997 0.146296296875 0.49713541718750004 0.1768518515625 0.49453125 0.222222221875 0.49505208281249996 0.2370370375 0.4986979171875 0.25833333281250004 0.49505208281249996 0.290740740625 0.48671875 0.30648148124999997 0.42786458281249995 0.47222222187499996 0.47239583281249997 0.4754629625 0.5114583328125 0.4893518515625 0.5325520828125 0.4824074078125 0.5533854171875 0.1870370375 0.57734375 0.1361111109375
0 0.2841145828125 0.22407407343750002 0.2630208328125 0.1949074078125 0.2520833328125 0.1893518515625 0.22369791718749998 0.2398148140625 0.22682291718749997 0.24722222187499998 0.22786458281250002 0.25833333281250004 0.23177083281250002 0.258796296875 0.2588541671875 0.2541666671875 0.27395833281250004 0.2476851859375 0.2841145828125 0.22407407343750002
3 0.31588541718749996 0.1416666671875 0.3424479171875 0.09444444375 0.3317708328125 0.083796296875 0.3151041671875 0.0736111109375 0.3088541671875 0.0726851859375 0.3028645828125 0.077777778125 0.30234375 0.0861111109375 0.3044270828125 0.0953703703125 0.2986979171875 0.11388888906250001 0.2833333328125 0.1384259265625 0.2677083328125 0.1421296296875 0.2598958328125 0.13194444375 0.2442708328125 0.1208333328125 0.22395833281250002 0.1171296296875 0.21901041718749997 0.125 0.21848958281250003 0.13148148125 0.22630208281250003 0.15 0.22682291718749997 0.1574074078125 0.2296875 0.1643518515625 0.23333333281250002 0.1643518515625 0.23802083281250003 0.15972222187500001 0.2427083328125 0.1606481484375 0.2546875 0.1708333328125 0.2880208328125 0.18379629687500001 0.3020833328125 0.18101851875 0.3065104171875 0.1629629625 0.31588541718749996 0.1416666671875
3 0.49505208281249996 0.1981481484375 0.49713541718750004 0.177777778125 0.49192708281249997 0.146296296875 0.45494791718750005 0.08055555625000001 0.46197916718750004 0.0800925921875 0.46380208281249996 0.065740740625 0.4622395828125 0.053703703125 0.45677083281249997 0.0393518515625 0.4270833328125 0.0328703703125 0.42265625 0.0388888890625 0.41953125 0.051851851562499995 0.4174479171875 0.0675925921875 0.41796875 0.09444444375 0.41979166718750005 0.1050925921875 0.4380208328125 0.1125 0.44348958281249995 0.1175925921875 0.44453125 0.127777778125 0.44036458281249996 0.146296296875 0.43932291718750005 0.1759259265625 0.45416666718750004 0.1773148140625 0.45494791718750005 0.19444444375 0.45677083281249997 0.20138888906250002 0.4661458328125 0.20416666718749998 0.47239583281249997 0.216203703125 0.48541666718750004 0.22453703749999998 0.48932291718750004 0.221296296875 0.49036458281249995 0.20648148125 0.49505208281249996 0.1981481484375
0 0.48619791718750005 0.79444444375 0.478125 0.81805555625 0.5208333328125 0.8773148140625 0.5354166671875 0.8773148140625 0.5471354171875 0.8759259265624999 0.4973958328125 0.796759259375 0.48619791718750005 0.79444444375
0 0.946875 0.0958333328125 0.9364583328125 0.06898148125 0.9255208328125001 0.0699074078125 0.9205729171874999 0.07962962968750001 0.91796875 0.09074074062500001 0.9200520828125001 0.10555555624999999 0.9234375 0.1125 0.9328125 0.11620370312499999 0.94375 0.1375 0.9635416671874999 0.15879629687500002 0.9796875 0.171759259375 0.9921875 0.1763888890625 0.9963541671874999 0.1856481484375 0.9994791671875 0.18657407343750002 0.9989583328125 0.1449074078125 0.9744791671874999 0.11898148125 0.946875 0.0958333328125
0 0.9682291671875 0.2884259265625 0.9645833328125001 0.2875 0.9489583328125001 0.2884259265625 0.9359375 0.29398148125 0.9268229171875 0.3120370375 0.9205729171874999 0.3333333328125 0.92265625 0.3481481484375 0.9484375 0.3671296296875 0.965625 0.38935185156249996 0.9854166671875 0.42268518593750004 0.9994791671875 0.4375 0.9997395828125001 0.3046296296875 0.9770833328125 0.2986111109375 0.9682291671875 0.2884259265625