7 0.5445424562500001 0.46097547499999997 0.5447467359375 0.46173785624999997 0.55359454375 0.4708219953125 0.5690336203124999 0.47548495468749996 0.577494725 0.4752883609375 0.5991013171875 0.46484014843750004 0.6398080140625 0.443062421875 0.6479286 0.43312194687499994 0.6671461875 0.42434914375000005 0.669417709375 0.42011702343749996 0.686723078125 0.41056250156249996 0.7026055421875 0.3988750046875 0.70231801875 0.39780195625000003 0.690666778125 0.3913884578125 0.651378515625 0.40786855468749994 0.6312431328125 0.415334365625 0.6249939140625 0.42166758125000003 0.6046116406250001 0.42609371874999996 0.5445424562500001 0.46097547499999997
7 0.459647253125 0.49542892812500006 0.4420949890625 0.501943778125 0.4474654828125 0.5219867390624999 0.4559285703125 0.5247498562499999 0.5380789359375 0.5027377328125 0.543628275 0.49958464375 0.5608331609375 0.496009884375 0.576861434375 0.49016220781250003 0.5998165171875 0.48011295 0.59775488125 0.4724188140625 0.5771390359375 0.47637041562500004 0.5574923671875001 0.479305353125 0.53759880625 0.47920061562500005 0.49808750156250003 0.48849354375000004 0.48294809375 0.4891854875 0.459647253125 0.49542892812500006
38 0.713802028125 0.4346238234375 0.7136581328125 0.43408680312500003 0.707531221875 0.4299144859375 0.6965108484375 0.4269145484375 0.6816472609375 0.4371088921875 0.6910647937500001 0.4407162484375 0.713802028125 0.4346238234375
28 0.4644610109375 0.48525835781250004 0.48029671250000006 0.47476262187499996 0.48022900156250004 0.4745099203125 0.46909655 0.45599910781249997 0.46597879531249997 0.44648174531249996 0.44895798906250006 0.4473542859375 0.42586897187500006 0.45354096874999994 0.4319673953125 0.4763005953125 0.42545333906250005 0.48138063750000004 0.4254942125 0.4815331828125 0.431766428125 0.48826012187499995 0.46291928593750004 0.48567146250000004 0.4644610109375 0.48525835781250004
57 0.340079284375 0.541928584375 0.3533831046875 0.5386226546875 0.35985029062499996 0.5288663875 0.35323162343750003 0.518992996875 0.3373446859375 0.5232498890625 0.33313202343750004 0.5202375640625 0.31209077500000004 0.524322634375 0.3048999109375 0.5334963546875 0.30576999531250004 0.5430983390625 0.31755490000000003 0.551069803125 0.328951575 0.5575923781250001 0.3440400265625 0.5595831578125 0.3779235546875 0.55050409375 0.38156065781250004 0.5463428265625 0.386171371875 0.5400375796875 0.385182315625 0.5363463734375 0.37521273593750004 0.5353616125 0.343956496875 0.54580725 0.33857229375000003 0.551132228125 0.33151769531249997 0.548104940625 0.333724509375 0.543631340625 0.340079284375 0.541928584375
57 0.19126703125 0.858269975 0.18619949687499998 0.8774863312500001 0.1751603453125 0.8892441109375 0.154742290625 0.8998914921875001 0.1466404859375 0.8950742500000001 0.151736946875 0.8823206203125 0.1647649484375 0.8695122921875 0.1911495484375 0.8557132640624999 0.215856896875 0.846245940625 0.22157655156249997 0.840054621875 0.21590460312499998 0.8379509484375 0.1973936953125 0.8387698265625 0.1819069109375 0.842401859375 0.14379018593749998 0.8505446531249999 0.1239255515625 0.8569026421875 0.10318969687499999 0.8845280390625 0.10328970312500001 0.88490126875 0.11085491562500001 0.8886161843749999 0.13217705468750002 0.904643734375 0.15057555 0.9118783671875 0.1485034734375 0.914471778125 0.163492634375 0.9104554453124999 0.1644736390625 0.9086720234375001 0.17535405312500002 0.9072771875000001 0.1814026734375 0.9056564640625 0.18525606875 0.9036210265625 0.18568007656250002 0.898848671875 0.19750761249999998 0.887914921875 0.214995171875 0.8811585921875 0.22189143906250003 0.877240190625 0.231965090625 0.8724704109375001 0.24732246562500002 0.8683554140625 0.281497271875 0.856092475 0.286690784375 0.8509560890625 0.28665248125 0.8508131406249999 0.2755665046875 0.853022875 0.26937691875 0.8489873515624999 0.24457594062500002 0.8517504671875 0.222528340625 0.8584345609374999 0.20920752187499997 0.8532040171874999 0.19126703125 0.858269975
47 0.8639321328125 0.798024884375 0.9292903046875001 0.786059290625 0.9292580218750001 0.7859388093749999 0.8686058515624999 0.792696165625 0.8681259328125 0.792824759375 0.8639321328125 0.798024884375
57 0.7305176640625 0.4810675296875 0.731635534375 0.4820620921875 0.7281963453125 0.4824659828125 0.7212323921875 0.4866613390625 0.7188195359375 0.49248424375 0.7325643640624999 0.4929424328125 0.74248035625 0.49164424999999995 0.7534577890625 0.48870285625000004 0.7620258671875 0.4842717890625 0.7569481875 0.4822677015625 0.757048671875 0.4762879390625 0.7540364734375 0.4714010359375 0.7393500015625001 0.47378335 0.7305176640625 0.4810675296875
47 0.4738886640625 0.7269927 0.41640852031250003 0.7438179625 0.4166867859375 0.7487903734375 0.424395734375 0.746724765625 0.49358361406249995 0.7246918734375 0.4900287453125 0.7226679781249999 0.4738886640625 0.7269927
53 0.6108809890625 0.3777617203125 0.5911696156249999 0.3804551765625 0.575682834375 0.3840872078125 0.5431495 0.3982396890625 0.5325871328125 0.4075403421875 0.5200648421875 0.42435427031249995 0.5184522953124999 0.42892745625 0.51492753125 0.4327189234375 0.5042596078125 0.43738911874999997 0.4970159640625 0.44424760937499996 0.492626184375 0.4490473125 0.4950202609375 0.45798212656250004 0.5067234609375 0.4571756359375 0.5183211046875 0.451738684375 0.5750680015625 0.4220395328125 0.5839292640625 0.42121807968749997 0.5984386203125001 0.4266477953125 0.6044091203125 0.431583184375 0.6210942390625 0.42711242031249996 0.6237572375 0.4258165296875 0.6389443499999999 0.41682959375 0.6465659515625 0.41310275625 0.6449630640625 0.40712069843750004 0.644817265625 0.40697374062499997 0.6371803218750001 0.4017731203125 0.630149575 0.3945983359375 0.6245014796875 0.38834716875 0.622366221875 0.38037827968750004 0.6108809890625 0.3777617203125
2 0.5730510703125 0.5532188812500001 0.578303471875 0.544714040625 0.5773529578125001 0.5411666765625001 0.5773186890625001 0.5410917421875 0.5579637390625 0.5472866 0.5580793484375 0.5477180609375 0.5645086546875 0.55047701875 0.5721384656249999 0.5534634125 0.5730510703125 0.5532188812500001