12 0.55688225625 0.4467668953125 0.5560099828125 0.4467888828125 0.553129184375 0.44729193437500003 0.548882590625 0.4476859359375 0.5403549609375 0.449479153125 0.5358443875 0.45031024531249997 0.532010990625 0.44954600468750006 0.5281087062500001 0.4507921953125 0.5216699296875 0.45339362968749997 0.5182267203124999 0.455776078125 0.5157705546875 0.4584206015625 0.5138882328125 0.46248544062499997 0.511202528125 0.4645618359375 0.5108352140625 0.46801457500000004 0.5102842421875 0.473193684375 0.5097216999999999 0.4859774359375 0.5101347625 0.49572355 0.5098363359375 0.49716585625 0.5096641156249999 0.502191940625 0.5101116234374999 0.5109328390625001 0.51069690625 0.5156528703125 0.511924921875 0.5197827875 0.5135316921874999 0.5237596812499999 0.516504253125 0.527845621875 0.5171928671875 0.529550003125 0.5215886734375 0.5284348484375 0.522690484375 0.5289809875 0.5210262640625001 0.53031424375 0.519591584375 0.5322156265625 0.519522696875 0.5342260624999999 0.52180664375 0.536607621875 0.524503784375 0.5378309390625 0.5268221750000001 0.5392072812500001 0.529289778125 0.539862471875 0.5328133109375 0.5387693062500001 0.5349710515625 0.5375670890625 0.539711165625 0.537304125 0.5423423374999999 0.536819321875 0.54534078125 0.535607871875 0.54690744375 0.5343966390625 0.5481125890625 0.5319271296875 0.5492488421874999 0.5314680546874999 0.551705009375 0.52882353125 0.5509819499999999 0.528124365625 0.553059365625 0.52563286875 0.5502015734375 0.521830990625 0.5570994265625 0.520365809375 0.567073175 0.5199709218749999 0.574315334375 0.519357934375 0.57464820625 0.5169104109375 0.5760370046875 0.51271453125 0.5785850671875 0.50375464375 0.580674053125 0.4936585046875 0.58132835625 0.48546374531250003 0.5813743703124999 0.4768538859375 0.5810301953125 0.46509733750000004 0.5803645875 0.4590880265625 0.5804220375 0.45377787812500003 0.5795010234375 0.4506804328125 0.57744300625 0.44558666249999995 0.5734898734375 0.44534391875 0.5695072640625 0.445300828125 0.566018175 0.445388778125 0.562529084375 0.44547672812499994 0.5587760125 0.44600176718749995 0.55688225625 0.4467668953125
45 0.5242601687499999 0.5386728390625 0.5266933296875 0.5403332484375001 0.5286932359375001 0.54064870625 0.5325375703125 0.5390954953125 0.5330976609375 0.5387370312499999 0.53476188125 0.537403775 0.5355538281250001 0.5360925078125 0.535737484375 0.5343661375 0.5347848875000001 0.5330988453125001 0.532236959375 0.5311543750000001 0.52991856875 0.52977803125 0.527829715625 0.528969815625 0.5258556343749999 0.5284456625 0.524749215625 0.528760509375 0.5220222140625 0.529862290625 0.521310615625 0.53028196875 0.520025146875 0.5314622 0.51919875625 0.5337786828125 0.5195086203125 0.535636090625 0.52144825625 0.5371654593749999 0.5242601687499999 0.5386728390625
57 0.7377862203125 0.37228086875 0.73745335 0.3747283921875 0.7352267218749999 0.3779410421875 0.7315654109375 0.383055071875 0.7293043390625 0.387272940625 0.7271891796875 0.39077511875000004 0.72764251875 0.3918971703125 0.73054379375 0.394702571875 0.7346181640625 0.399334653125 0.73865809375 0.404971953125 0.7423995953125 0.41205155624999995 0.7456131328125 0.42000534062500006 0.749779265625 0.4292264140625 0.750999959375 0.43397885468749997 0.75365595625 0.4329057625 0.7569869828125 0.42961864531250005 0.7583527765625 0.42972769375000003 0.7593742625 0.4289845546875 0.7592021734375 0.423106278125 0.7574806374999999 0.41884532500000005 0.7552196984374999 0.4121588359375 0.754473765625 0.40486024218749994 0.7548755218750001 0.40040228593749994 0.755851128125 0.39736465 0.75368195 0.395267153125 0.754267365625 0.389082825 0.7539517296875 0.386107034375 0.753139496875 0.3840966875 0.7511341546875 0.382418325 0.7498716937500001 0.3792936234375 0.7486092328125 0.376168921875 0.7445462968750001 0.3748365546875 0.7452120390625 0.369941509375 0.7377862203125 0.37228086875
6 0.260126046875 1 0.26012610937499997 0.9949333656249999 0.2568909578125 0.9869260843750001 0.2505771046875 0.9886031171875 0.250576965625 1 0.260126046875 1
6 0.1129519171875 0.490334775 0.1145887546875 0.5023620921874999 0.11999037812499999 0.50017969375 0.1194710171875 0.4890226203125 0.1129519171875 0.490334775
6 0.1552713328125 0.5478071875 0.154537284375 0.55700068125 0.161471396875 0.5541991171875 0.1615538578125 0.5465774 0.1613201234375 0.5459988859375 0.1552713328125 0.5478071875
6 0.03841194375 0.311450965625 0.0387335625 0.3122469984375 0.0498901625 0.3077394390625 0.0493906140625 0.30650301406249997 0.03841194375 0.311450965625
6 0.0683274734375 0.312235453125 0.0724674703125 0.3188401421875 0.074298734375 0.3181002640625 0.0715801390625 0.31137150625 0.0683274734375 0.312235453125
6 0.060458204687499996 0.3376447484375 0.0628896828125 0.33956192500000004 0.0700108890625 0.3366847703125 0.0692029796875 0.33468512499999997 0.060458204687499996 0.3376447484375
6 0.104006240625 0.3549687578125 0.09928388906249999 0.35816539999999997 0.10369658125 0.36520513125 0.1078235546875 0.363537725 0.10471905156250001 0.355853809375 0.1041435453125 0.3549132828125 0.104006240625 0.3549687578125
6 0.0721703265625 0.45714745937499995 0.071966221875 0.4572299234375 0.0708695265625 0.46089474218750004 0.08308133749999999 0.4605869171875 0.0846078171875 0.46054844062500006 0.0846575234375 0.4605283578125 0.08359329531250001 0.45789429843749996 0.0721703265625 0.45714745937499995
6 0.18210986875 0.3221665109375 0.16665111875 0.325151734375 0.1668117703125 0.3277302953125 0.1808278390625 0.325616028125 0.183128078125 0.3246866703125 0.18210986875 0.3221665109375
6 0.1439668984375 0.2611276859375 0.1297411953125 0.26255758125 0.1301313828125 0.2657042703125 0.1399169109375 0.26462543125 0.1441873359375 0.26290006718750003 0.14444127812500002 0.2623018171875 0.1439668984375 0.2611276859375
6 0.1872738109375 0.2185947203125 0.18766399843749998 0.2217414078125 0.197901728125 0.2209094296875 0.19825810625 0.220319359375 0.1974575921875 0.21833801562500002 0.1872738109375 0.2185947203125
6 0.23702305781250002 0.1714652640625 0.23125566718749999 0.17354761406250002 0.231057678125 0.1738754328125 0.23702305781250002 0.1714652640625
6 0.189056090625 0.17062265000000001 0.1809396359375 0.17286104687499998 0.1813011578125 0.1737558453125 0.189056090625 0.17062265000000001
6 0.20915545 0.1305020421875 0.20138445625 0.13089658906249999 0.2000300984375 0.1340872515625 0.20591255625 0.13347840625000001 0.20973415156250003 0.13193438125 0.20915545 0.1305020421875
6 0.23620462187500002 0.16505509062499998 0.2412627 0.1611445453125 0.23958704531250002 0.1591780875 0.2367865703125 0.1609704203125 0.2278571828125 0.16722159375 0.2288290671875 0.1680350078125 0.23620462187500002 0.16505509062499998
6 0.21379697968750003 0.1419902328125 0.2131255625 0.1419641140625 0.2051832140625 0.1484773671875 0.20578576875 0.14869652656250001 0.21500205781249998 0.144972903125 0.21379697968750003 0.1419902328125
6 0.225133575 0.12444043906249999 0.21937197656250002 0.12544654375 0.21521714687500001 0.13042953906250002 0.2181627875 0.13021420156250002 0.2222059625 0.128580653125 0.225133575 0.12444043906249999
6 0.35983774999999996 0.17349165312499998 0.35909348125 0.182813190625 0.3645675328125 0.1806015296875 0.364584915625 0.1773490328125 0.3627174046875 0.17272678125000002 0.35983774999999996 0.17349165312499998
6 0.330163296875 0.1607975328125 0.3293300421875 0.16113418906250002 0.32849485624999997 0.163101765625 0.3288688125 0.1640273390625 0.33819668125 0.1642926765625 0.34185975156250004 0.1628127 0.340935859375 0.1605259875 0.330163296875 0.1607975328125
6 0.3344576859375 0.140320903125 0.3342531875 0.139814753125 0.33224583124999996 0.13844491718750002 0.3230249125 0.1453921375 0.32313394375 0.145661996875 0.32732886875 0.1467758203125 0.328187375 0.14642896249999998 0.3344576859375 0.140320903125
6 0.41081507500000003 0.1457862046875 0.40191234218750005 0.1425481234375 0.39911186875000004 0.1443404546875 0.3998004828125 0.1460448359375 0.40815589374999994 0.149277703125 0.4113012171875 0.1469894484375 0.41081507500000003 0.1457862046875
6 0.4873287890625 0.1724936375 0.4848033359375 0.17451685156250002 0.48126823124999996 0.1832146609375 0.4838161859375 0.1829782625 0.485750734375 0.1821966546875 0.48840860781249995 0.1751662828125 0.4873287890625 0.1724936375
6 0.675207403125 0.4956940828125 0.6623970406249999 0.48861146250000004 0.657783134375 0.4924582046875 0.67309215 0.5025302843749999 0.6772849812499999 0.5008362703125 0.675207403125 0.4956940828125
6 0.7606548875 0.41322590468750003 0.7675275078125 0.4104491859375 0.7676504000000001 0.4033282625 0.7654238765625 0.397817425 0.759484365625 0.40021714218750004 0.7606548875 0.41322590468750003
6 0.6042722109375 0.5254449296875 0.5875153796875 0.5275890609375 0.585862596875 0.5322220296875 0.60049900625 0.5335450296875 0.6034156328125 0.5323666359375 0.6042722109375 0.5254449296875
6 0.6881833312500001 0.44438978437500004 0.6874258281250001 0.44469583593750006 0.6829954453125 0.45772056250000004 0.6838160703125 0.45775248749999997 0.6887650890625 0.455752953125 0.6911673296874999 0.4517754390625 0.6881833312500001 0.44438978437500004
6 0.70779879375 0.4971108015625 0.7016005437499999 0.497083859375 0.7004757265625 0.5008426515625 0.7086245703125 0.5016559390625 0.7094933343750001 0.5013049359374999 0.70779879375 0.4971108015625
6 0.42276827656249993 0.1227631296875 0.4247394375 0.1276419234375 0.42674918906250003 0.1268299296875 0.4247780296875 0.1219511375 0.42276827656249993 0.1227631296875
6 0.4333041890625 0.1347120390625 0.4246341125 0.13541661875 0.4232797578125 0.13860728125 0.4270305296875 0.1385127359375 0.4337438984375 0.1358003578125 0.4333041890625 0.1347120390625
6 0.351501578125 0.1574797640625 0.35072750468749997 0.1577925109375 0.34778925312500003 0.16360570937500002 0.34893694375 0.1664463453125 0.35120945625 0.165528190625 0.3528712765625 0.160869884375 0.351501578125 0.1574797640625
6 0.1611290984375 0.566613015625 0.149720803125 0.5580049296875 0.14457893125000001 0.56272585 0.1580752765625 0.570738134375 0.1588192546875 0.570437546875 0.1611290984375 0.566613015625
6 0.02755240625 0.37341178125 0.023094746875 0.370906146875 0.021281315624999998 0.37296055625 0.025147690625000003 0.37503320625000003 0.027778120312499998 0.37397044375 0.02755240625 0.37341178125
6 0.1339621703125 0.3906936875 0.125468240625 0.3918819515625 0.125628890625 0.3944605140625 0.1290472234375 0.3937226484375 0.134324503125 0.3915904890625 0.1339621703125 0.3906936875