7 0.501336040625 0.5968936078125 0.49212492812499997 0.5990801953125 0.4780635484375 0.5986630640625 0.4593413046875 0.597731303125 0.4250778046875 0.5983547703125 0.4153040328125 0.5989923109374999 0.39826976875 0.6027076890624999 0.3961539984375 0.608975971875 0.39624190000000004 0.626909825 0.398107459375 0.627578109375 0.403707146875 0.627969678125 0.40776374375 0.6252622453125001 0.42958262343750003 0.6250895562500001 0.46083584999999994 0.6195377734374999 0.47199757656249997 0.6182424390625 0.47420325312499995 0.6202838015625 0.46819939218749995 0.6245817875 0.490901653125 0.626169284375 0.5215321281249999 0.6247256359375 0.5397573718750001 0.623169378125 0.5530873875 0.6148545796875 0.5688500046875 0.6129674484375001 0.569041678125 0.6102263734375 0.5652077390625 0.59985025 0.5555258921874999 0.5991732296875 0.5477027359375 0.600702021875 0.5326604890625 0.595121059375 0.5179576609375001 0.59428165 0.501336040625 0.5968936078125
6 0.49741652968750005 0.5013856609375 0.49627563593749996 0.50497634375 0.5109876640625 0.50703359375 0.5167096546875001 0.5074337140625 0.5169573046875 0.503892140625 0.5033217 0.501798590625 0.49741652968750005 0.5013856609375
6 0.5773549890624999 0.558538553125 0.576685590625 0.5575414421875 0.5548273140625 0.558277515625 0.5548653265625 0.5617902296875 0.5593943171875 0.562106928125 0.5771950390625 0.560825965625 0.5773549890624999 0.558538553125
6 0.8478815328125 0.43052099374999997 0.8281524750000001 0.42632575 0.8260816703125 0.42868256875000005 0.8260709437499999 0.4288359796875 0.8461469046874999 0.43286800000000003 0.8478696031249999 0.4306915921875 0.8478815328125 0.43052099374999997
6 0.638909603125 0.42865196250000004 0.6425004078125001 0.43478145625 0.64849600625 0.435200709375 0.6430340734375 0.427241959375 0.638909603125 0.42865196250000004
6 0.26080585156249997 0.6242423078125 0.262824521875 0.620562034375 0.2421254015625 0.6191146109375001 0.2327380140625 0.61902431875 0.23155259843749998 0.6215834046875 0.24084121249999998 0.62284624375 0.26080585156249997 0.6242423078125
6 0.49402986093749995 0.8093705046874999 0.49026593281249997 0.807883475 0.489559271875 0.807834059375 0.47354843750000003 0.8150650109375001 0.47538952500000003 0.8178074234375 0.481700640625 0.8182487390625001 0.48833005937499996 0.8147776531250001 0.4939438 0.810601246875 0.49402986093749995 0.8093705046874999
6 0.96298414375 0.3972305015625 0.95815463125 0.39393261874999996 0.9546584812500001 0.3959526953125 0.95796526875 0.39888723593750003 0.9628444359375001 0.399228421875 0.96298414375 0.3972305015625
6 0.9722453796874999 0.233640996875 0.97408099375 0.23398471875000001 0.980507821875 0.23443412656249998 0.9727630828124999 0.23103522031249998 0.9722453796874999 0.233640996875
6 0.9684397499999999 0.268049184375 0.965823834375 0.2678662625 0.9554620968749999 0.2687080140625 0.95701570625 0.27038296875 0.9599417828125001 0.2705875796875 0.9687399109375001 0.2701204828125 0.968863425 0.2683541546875 0.9684397499999999 0.268049184375
6 0.81660120625 0.2730679203125 0.8132872156250001 0.27088625 0.8085606921874999 0.271310590625 0.8103971984375 0.272660928125 0.8165993390624999 0.2730946234375 0.81660120625 0.2730679203125
6 0.42049601875000003 0.3017837375 0.437030325 0.3029399296875 0.437122196875 0.30162609375 0.4211914890625 0.3006995578125 0.42049601875000003 0.3017837375
6 0.450219090625 0.29030316875 0.450693378125 0.29136481875000003 0.45891310937499996 0.2919395984375 0.466012990625 0.29165687500000004 0.4662132546875 0.28879296718749997 0.450219090625 0.29030316875
6 0.637726690625 0.300820178125 0.654858440625 0.300508446875 0.654787221875 0.29672921093750004 0.6382575265625 0.2980266078125 0.637726690625 0.300820178125
6 0.6108199015625 0.280775075 0.604705425 0.2818572109375 0.6082914859375 0.288146778125 0.6134973234375 0.28807200312500003 0.61366230625 0.28571265156250003 0.6108199015625 0.280775075
6 0.50242121875 0.2839611609375 0.4987881890625 0.28314097656250004 0.4964173578125 0.288259146875 0.4966283953125 0.288311646875 0.5018098546875 0.28867396875 0.50242121875 0.2839611609375
6 0.2691484921875 0.31782784999999997 0.26855128906250003 0.31778609062499996 0.25586576562499996 0.3194372171875 0.25698962812500004 0.32167656718750004 0.25775193281250003 0.321729871875 0.2697512421875 0.32081065937500003 0.2698878203125 0.3188574890625 0.2691484921875 0.31782784999999997
6 0.06554322968750001 0.4188025859375 0.0574062734375 0.4136117546875 0.053347465625 0.41408278750000005 0.0640560328125 0.42096004843749996 0.0653858640625 0.4210530390625 0.06554322968750001 0.4188025859375
6 0.12779394375 0.4469494515625 0.127924503125 0.445082365625 0.12177961562499999 0.44103705625 0.1178970796875 0.443784965625 0.12175891093749999 0.44613085156250004 0.12647123437500002 0.4472529609375 0.12748615624999998 0.44732393125 0.12779394375 0.4469494515625
6 0.36933305 0.630264953125 0.3558250328125 0.6320095375 0.3528678765625 0.6369451734375 0.353521153125 0.6369908546875 0.3713981140625 0.6347969265625 0.3700863109375 0.6303176265625 0.36933305 0.630264953125
6 0.4976239765625 0.7131735671875 0.4904418828125 0.7126713453125 0.4785042046875 0.717806784375 0.4783886296875 0.719459571875 0.47959887187500005 0.7238020296875 0.49760075625000005 0.71350561875 0.4976239765625 0.7131735671875
57 0.7319212640625 0.376134025 0.7321608734375 0.37683219375 0.741945890625 0.37751642812499997 0.7420632203124999 0.3758385328125 0.7319212640625 0.376134025
6 0.2308474875 0.51877059375 0.23100783906250003 0.516477453125 0.22911918125000003 0.513027671875 0.2203438828125 0.5118604859375 0.22032860625 0.512078953125 0.2250541796875 0.5183654859375 0.2308474875 0.51877059375
6 0.05155410312499999 0.39084479375000003 0.046225525 0.390283471875 0.04833928125 0.393639396875 0.0453926578125 0.3973963140625 0.050092917187499995 0.3973475640625 0.05155410312499999 0.39084479375000003