20 0.1417851953125 0.9679234140625 0.1459038921875 0.9646813296875001 0.154886078125 0.9631550828125001 0.17094013749999998 0.9573118828125 0.1529013515625 0.9077507234375 0.12141980781249999 0.916416590625 0.1241355109375 0.9282636312499999 0.1336533 0.9522206890625 0.1417647921875 0.967930840625 0.1417851953125 0.9679234140625
33 0.3922378375 0.8734405515624999 0.40195978437499996 0.8623612078124999 0.4237751875 0.8345844046875 0.4067441328125 0.8075276468749999 0.39250223281249996 0.8202958734375001 0.382303575 0.8280918984375001 0.37589538437500003 0.811214828125 0.3758497453125 0.8112314406250001 0.36553348125 0.829528265625 0.3537441859375 0.828568340625 0.3518131140625 0.8356889328125 0.36724498125 0.8656614703125 0.3921169328125 0.87348455625 0.3922378375 0.8734405515624999
57 0.5090562281250001 1 0.50895574375 0.9997239203125 0.4985751875 0.9894773546875 0.4736430203125 0.97579811875 0.469022784375 1 0.5090562281250001 1
57 0.2961479125 0.9267049796875 0.27520825625 0.8691737453125 0.2742503640625 0.87905949375 0.27855670625 0.8996624843750001 0.2865786796875 0.9136622171875001 0.295753659375 0.9268484750000001 0.2961479125 0.9267049796875
57 0.7198439578125 0.9018169593750001 0.734574215625 0.9068041875 0.73547010625 0.906478109375 0.7291819921875 0.87840790625 0.72492319375 0.86670695625 0.7153155171875001 0.8637918828125001 0.7101019328125 0.86335575 0.7048862109375 0.8658375484375 0.6989678578125 0.8656579296875 0.7066041234375 0.8932169578125 0.7198439578125 0.9018169593750001
20 0.76072800625 0.7742102609375 0.7597344890625 0.7839067640625 0.7672392046875001 0.7986781953125 0.778774340625 0.8259850125 0.7805050765625 0.8358568296875 0.7874451234375 0.8520006453125 0.818073934375 0.9120312265624999 0.8230994062500001 0.9111647640625 0.8366939859375 0.9062167421874999 0.8380962265624999 0.895408815625 0.8351434624999999 0.8865652109375001 0.7979927640625 0.8166563546875001 0.78944925625 0.8092641828125 0.7657088046875 0.77181396875 0.76072800625 0.7742102609375
57 0.6259302124999999 0.182104078125 0.62982430625 0.17142269375000002 0.625873421875 0.1605677265625 0.6151925328125001 0.1562573015625 0.615128021875 0.18020144375 0.6196325625 0.186729959375 0.6220086734375 0.1945363640625 0.6227147765625001 0.1942793640625 0.6259302124999999 0.182104078125
57 0.467601309375 0.6647677140625 0.47250042499999995 0.66298458125 0.47513122812499997 0.6586796109375 0.47239106093750005 0.64343039375 0.47196969375000003 0.642272696875 0.4680553578125 0.6355840640625 0.46869837187499996 0.6332848125 0.46309724062499996 0.61789583125 0.46130709843749995 0.614119565625 0.45473138750000003 0.6135957750000001 0.45463228750000007 0.6206330140625 0.4518003859375 0.639166665625 0.45344057343750005 0.6444039953125 0.467601309375 0.6647677140625
57 0.7814880171875 0.693189534375 0.761915759375 0.69596286875 0.765121690625 0.72441970625 0.7652621890625 0.72436856875 0.78309770625 0.69933845625 0.7830436109375001 0.6974634921875 0.7814880171875 0.693189534375
57 0.12328920937500001 0.851609846875 0.1276131375 0.8401906718750001 0.1443832296875 0.8387543031250001 0.14797611093750002 0.8211236281250001 0.1472687375 0.8191801359375 0.1420079609375 0.811030721875 0.128569928125 0.8165051968749999 0.1235827171875 0.8276552859375 0.109571465625 0.846173871875 0.12220578124999999 0.8520041828125 0.12328920937500001 0.851609846875
6 0.8322598015624999 0.6225354234375 0.8284597281250001 0.6250691921875 0.8295601781249999 0.6425289359375 0.829637265625 0.642740734375 0.8338508078125001 0.6412071312500001 0.8323327218750001 0.6227357718750001 0.8322598015624999 0.6225354234375
57 0.8735556015625001 0.5304147046875001 0.868310890625 0.5160049796874999 0.863420790625 0.5136708609375 0.8573192000000001 0.5071401953125 0.8448682734374999 0.5116719625 0.86630904375 0.5464586078125 0.8752318484374999 0.5490452828125 0.8735556015625001 0.5304147046875001
39 0.6092508796875 0.702490984375 0.6263831718749999 0.7195925734374999 0.6280319078125001 0.7131581734375 0.6463020890625 0.7158432640625 0.65217516875 0.7137056390625001 0.657804775 0.7233252453125 0.6577819453125 0.718785446875 0.65486646875 0.7107752374999999 0.65063194375 0.704349003125 0.63612480625 0.69445996875 0.6260726609375 0.6946180656250001 0.62015858125 0.6886025828125 0.6025457578125 0.686261665625 0.6092508796875 0.702490984375
57 0.7973387171875 0.749274778125 0.8003372296875 0.7481834093749999 0.7995022390625001 0.739028446875 0.7975725390624999 0.7282445046875 0.7972645921875 0.727398428125 0.7805896609375 0.7155736593750001 0.7823182609375 0.7283634109375 0.784587690625 0.7473902609375 0.7847902640625 0.747946828125 0.794844775 0.74889165625 0.7973387171875 0.749274778125