35 0.75796383125 0.319493259375 0.788861875 0.3080565859375 0.828839690625 0.30596143750000004 0.867130575 0.3107041453125 0.8954635546875 0.3205706140625 0.9171983265625 0.337225540625 0.9253376953125001 0.2564730703125 0.9237141281250001 0.22549354687499998 0.9149922484375 0.2170782984375 0.8961861265625 0.20947368125 0.86611811875 0.20552720624999998 0.839402728125 0.21091560937499998 0.8215586640625 0.2216681515625 0.75796383125 0.319493259375
41 0.79880000625 0.1504500640625 0.7830989109375001 0.155261234375 0.7720133984374999 0.1622848546875 0.7627039421874999 0.1719765328125 0.7608976921874999 0.18434291249999998 0.7619149328125 0.19594773593749998 0.7661796328125 0.207075571875 0.7711800375 0.216630890625 0.7802598109375001 0.2259724140625 0.7978741890625 0.2342530734375 0.8174320453125 0.240591121875 0.8364421249999999 0.24297723906250002 0.8778152109375 0.2408089671875 0.9033624234375001 0.2333265625 0.9191347328124999 0.22206900937500001 0.92622105 0.21678894531249998 0.9367222484375001 0.206421225 0.9426187296874999 0.19809735625 0.9413782812499999 0.1744281765625 0.9411416656249999 0.17366955312500001 0.9185589515625001 0.156445484375 0.8915139218749999 0.14773868437499998 0.8569265343750001 0.1434154734375 0.8254352218750001 0.143531896875 0.79880000625 0.1504500640625
20 0.51838916875 0.5600420515625 0.5180524484375 0.5536170453125 0.5062614265625001 0.5471787484374999 0.4927193359375 0.54635449375 0.4802817390625 0.55099463125 0.47207156875 0.5894672390625 0.4670037015625 0.6176509968749999 0.466996621875 0.62532119375 0.45284897968750004 0.6441634265625 0.44281277656249995 0.663403775 0.430317059375 0.7526954375 0.43032344843750003 0.7528173625 0.43112213437499997 0.7603494562499999 0.43933792968749996 0.7688158828125 0.45434434375 0.774165290625 0.4593222234375 0.7743799390625 0.4820742328125 0.77318755625 0.492626275 0.770931846875 0.5056873359375 0.7625775203125 0.52293770625 0.670249153125 0.5238610515625 0.65674405625 0.5238582453125 0.6566905140625 0.5161112671875 0.641461578125 0.5118786359375 0.63094564375 0.511429675 0.62237896875 0.5129152375 0.603893534375 0.514520121875 0.5798795734375 0.51838916875 0.5600420515625
6 0.32920354375 0.713919465625 0.32970050781250004 0.7136943390625 0.329653778125 0.712802678125 0.3165033109375 0.7000353984375 0.3088397609375 0.6943011671875 0.302412596875 0.700548240625 0.302470634375 0.7016556609375 0.3175294328125 0.7145312796875001 0.32920354375 0.713919465625
6 0.41216251562500006 0.5854172453125 0.409865684375 0.579826665625 0.4097649203125 0.5798319453125 0.3842404265625 0.59002551875 0.3842415734375 0.590047390625 0.39411008281250004 0.5931695359375 0.3942751125 0.5931608875000001 0.4121676734375 0.5855156609375001 0.41216251562500006 0.5854172453125
6 0.3170429953125 0.8949280453125 0.26677055156249996 0.8957219546875 0.2663876046875 0.904025434375 0.28588022031250004 0.903947259375 0.3170903640625 0.9023116046874999 0.3170429953125 0.8949280453125
6 0.20677772499999997 0.8721213671875001 0.22298517968749998 0.87751520625 0.226051125 0.8773545281249999 0.22863036406249998 0.8750245078125 0.22854794531249997 0.873451865625 0.211368315625 0.8660517171875 0.20234560156249998 0.8656041984374999 0.1906507859375 0.8610016171874999 0.1856682921875 0.8673985984374999 0.19485135 0.8709056437499999 0.20677772499999997 0.8721213671875001
11 0.2324870234375 0.4985420546875 0.2289367859375 0.508852284375 0.22951402187499997 0.5198665796874999 0.23156265937499998 0.5277358328124999 0.23458751718749998 0.5386218546875 0.24602160624999997 0.5524265515625 0.274822153125 0.550917178125 0.3897799171875 0.5338632890625 0.4040096046875 0.5321971624999999 0.416832025 0.5348998921875 0.42181408749999993 0.5307386875 0.41980978750000003 0.4924943609375 0.4127611875 0.4728342578125 0.4046647140625 0.4588393046875 0.39442526718750004 0.4507857265625 0.3821069890625 0.44989733593750003 0.3770924265625 0.4556824125 0.2324870234375 0.4985420546875
41 0.3796923703125 0.531830234375 0.38020546718750003 0.5416207203125001 0.38532519062500004 0.5456475078125 0.39475584218750004 0.546073646875 0.3982704953125 0.54601216875 0.4148418203125 0.545143703125 0.42646268125000003 0.5422644109375 0.439963746875 0.5345006109375 0.448929403125 0.5260541234375 0.4539831125 0.51321075625 0.4564339984375 0.5046565328125 0.4557065171875 0.49077536093749996 0.453243659375 0.48349058906250003 0.44323577187499996 0.472050153125 0.43146078593750004 0.4659178078125 0.42017390624999995 0.46129384843750004 0.41508625156249995 0.45787896406249995 0.4109060453125 0.45772988750000004 0.40779267968750005 0.45789305156250004 0.397913753125 0.46583517499999993 0.3899243140625 0.4772984328125 0.3844626671875 0.490163178125 0.3818886453125 0.503490175 0.379802734375 0.5183255578125 0.3796923703125 0.531830234375
42 0.4849689 0.47905683593750004 0.5160272859374999 0.4706796875 0.5325247125 0.46379428125000005 0.5325167578125 0.4636424828125 0.5221694546875 0.46299476093749997 0.4846161453125 0.472325875 0.2721276703125 0.538991459375 0.272105721875 0.5402312953124999 0.2723413859375 0.5447280296875 0.4849689 0.47905683593750004
6 0.43661855312500003 0.514672815625 0.42208534999999997 0.509084059375 0.41741458906249995 0.513623946875 0.434425028125 0.5206477265625 0.43458994687499997 0.5206390828125 0.436718328125 0.5165766203125 0.43661855312500003 0.514672815625
6 0.4942582625 0.5098619015625 0.4941496390625 0.5077892328125 0.49173835312499997 0.5039764328125 0.46678298749999997 0.511726940625 0.46790470468749995 0.5157638421875 0.4732217921875 0.515485184375 0.47994920937499996 0.5131844812499999 0.4942582625 0.5098619015625
6 0.357326578125 1 0.36898256875 0.9855576390625 0.368880521875 0.9836104703125 0.3665186546875 0.9800089062499999 0.366247675 0.9748383046875 0.3662133546875 0.9748401031249999 0.34600014843750004 0.994854825 0.34603124531249996 0.9954481875000001 0.35378193125 1 0.357326578125 1
6 0.453255759375 0.3667398796875 0.45178263125000007 0.3836139984375 0.4574687 0.3833160046875 0.45890032343750004 0.372585665625 0.45856625937500006 0.36621133906250003 0.453255759375 0.3667398796875