12 0.5713920359375 0.46298609375 0.5680391390625 0.4590005171875 0.5658038734375 0.45634346406250004 0.5624162171875 0.4561238828125 0.5585826734375 0.4538065578125 0.5550676203125 0.4529876203125 0.5508808234375 0.45293789999999995 0.54408813125 0.45438173125 0.5401561296875 0.45553072187500004 0.5374054578125 0.45830791406250004 0.5332012828125 0.4601411890625 0.5251288015625 0.46342313281249997 0.5213878937499999 0.46547115625 0.5187183 0.4666650296875 0.5179828578125 0.46713457031249994 0.515985009375 0.467559225 0.5125799734375 0.46922263906249995 0.5096382046875 0.4711008 0.5066964390625001 0.47297896093749997 0.5034188 0.47524173125 0.49946941875000006 0.47827371718749995 0.5010966390625 0.4819996640625 0.5023879859375 0.4861102171875 0.5054050109375 0.49048040468750004 0.5082135625 0.495834553125 0.5145024078125 0.5057736328125 0.5193551265624999 0.5128857984375 0.5244800203125 0.5193136796875 0.5318575578125 0.5265156140625 0.5389803015625 0.5325188390625 0.542477975 0.5352207734375 0.544122575 0.5370637234375 0.5504693765625001 0.5335221484375 0.5589588062499999 0.5282722765625001 0.5654967046875 0.5256297359375 0.5652534703125001 0.5303796921874999 0.568368953125 0.5312835609375 0.568160478125 0.532267525 0.5716755328125 0.5330864625 0.572874240625 0.53283166875 0.5743915187499999 0.5337072171874999 0.5846195109375001 0.531533190625 0.58692289375 0.5301587515625 0.5893840140625 0.52994884375 0.5929164453125 0.5288847828125001 0.594595803125 0.5269617390625 0.5957481953125 0.5245242734375 0.59730015625 0.5220018734375 0.5978618828125 0.5187503046875 0.5966805515625 0.5171221 0.5944279078125 0.5163480453125 0.592302659375 0.5161733468749999 0.5929107046875 0.5151044515625001 0.5971349312500001 0.5135865374999999 0.59327589375 0.495431190625 0.5926386109374999 0.49417674375000004 0.5881217624999999 0.48667996718750006 0.585168434375 0.4826094578125 0.5841145 0.4815806109375 0.5790069875 0.4732697328125 0.5713920359375 0.46298609375
45 0.5149822625 0.5430775859375 0.5160998953125 0.5444061125 0.5174896984374999 0.5450503515625 0.519614946875 0.54522505 0.5202797343750001 0.54520903125 0.524335378125 0.544346978125 0.5258169734375 0.54296711875 0.526905665625 0.5402299703125 0.5274860890624999 0.5391293609375001 0.525931528125 0.5318157328125 0.5246588421875 0.5316242546875001 0.52383421875 0.5316742453125001 0.5209573234375 0.5322857484375 0.519864 0.5326434296875 0.5185205140625 0.534181865625 0.517240725 0.536019978125 0.516088334375 0.5384574453125001 0.515063340625 0.5414942671875 0.5149822625 0.5430775859375
57 0.742200753125 0.41902925 0.745489953125 0.42271514843749997 0.7428666765624999 0.42609169687500004 0.743567359375 0.42938815 0.7442680421875 0.4326846046875 0.7434659609375001 0.4354684984375 0.7437683953125 0.4368913390625 0.745397234375 0.43996179687500003 0.7493407984375 0.44476147499999996 0.7487153734375 0.44771336718750004 0.7512228125 0.4496861296875 0.7540487421875001 0.4531572828125 0.7575116562499999 0.45962521093750003 0.759376290625 0.46643286406250006 0.7603317671875 0.4709280265625 0.7634761890624999 0.4758975671875 0.7647385984375 0.4759424515625 0.7658099125 0.475088303125 0.770703190625 0.47600581093749994 0.77325045 0.47546437499999994 0.7715660484375 0.47073262656250003 0.7698635703125001 0.4607583359375 0.7680800140625 0.4523673640625 0.7672229953125 0.44440588437499995 0.7674199109375001 0.43747325156250005 0.7682074906249999 0.431354721875 0.768976240625 0.4277263578125 0.7686418234375 0.4261530484375 0.765080446875 0.4245021859375 0.76084733125 0.422269790625 0.7549522375 0.42007744531249996 0.7513097875 0.41865915156250005 0.7496651890625 0.41681620312499995 0.742200753125 0.41902925
6 0.1695213578125 0.9378683078125001 0.1657340515625 0.9593456515625001 0.17557852812500002 0.9585060125 0.17782605625 0.9457605515624999 0.176030503125 0.9373131406249999 0.1695213578125 0.9378683078125001
6 0.11675496562500001 0.4233179359375 0.1224590921875 0.43488474374999997 0.1234637265625 0.4346712015625 0.1279016828125 0.432822075 0.127377434375 0.43035567812500003 0.12236637187499999 0.4221251953125 0.11675496562500001 0.4233179359375
6 0.1522069046875 0.487219384375 0.149887575 0.496145740625 0.1572028296875 0.49459083593750003 0.158607534375 0.48709922812500006 0.1584778078125 0.486488915625 0.1522069046875 0.487219384375
6 0.0781657 0.2341615234375 0.078344203125 0.23500131249999998 0.0901140390625 0.23249955625 0.0898367828125 0.23119516875 0.0781657 0.2341615234375
6 0.108939225 0.23892826718750002 0.1092300109375 0.2476052171875 0.11235265000000001 0.24694147968750002 0.1106189375 0.238785003125 0.108939225 0.23892826718750002
6 0.0953285265625 0.2637856578125 0.0973901515625 0.2660959296875 0.10490278125000001 0.2644990703125 0.10445438124999999 0.26238951093749996 0.0953285265625 0.2637856578125
6 0.13520668593750002 0.2884085125 0.1300009859375 0.29073656406250004 0.1331242046875 0.2984356015625 0.137478021875 0.29751016875 0.13575498125000002 0.289403896875 0.1353515390625 0.2883777234375 0.13520668593750002 0.2884085125
6 0.096423640625 0.3824272578125 0.095345796875 0.3815437875 0.0951304703125 0.38158955625 0.0852285421875 0.38925387968749997 0.086496375 0.391411825 0.086721128125 0.391364053125 0.08800815468749999 0.39054235625 0.0969368765625 0.3848418453125 0.096423640625 0.3824272578125
6 0.217918496875 0.2701315171875 0.20256293125 0.26975038125 0.2016016359375 0.27308688124999997 0.21589592500000002 0.2728548921875 0.218384915625 0.2723258421875 0.217918496875 0.2701315171875
6 0.18849019218750002 0.20003134843749998 0.1770694234375 0.2060295828125 0.18812039687499998 0.20368062656250002 0.189284275 0.20305498437499997 0.1886658265625 0.20014540625000002 0.18849019218750002 0.20003134843749998
6 0.25228213125 0.16876735781250002 0.25025533125 0.16782784374999998 0.2413026328125 0.17286296875 0.24219302968749998 0.1746156546875 0.24553343593750002 0.1739056296875 0.252437396875 0.169497821875 0.25228213125 0.16876735781250002
6 0.30791639531250004 0.129897590625 0.3062109875 0.1291070546875 0.291027325 0.13233444218749998 0.2913426328125 0.133817846875 0.3079972125 0.1302778078125 0.30791639531250004 0.129897590625
6 0.2509758046875 0.12163178906250001 0.24259396249999998 0.12242677187499999 0.2427946125 0.1233707546875 0.2509758046875 0.12163178906250001
6 0.27111403125 0.08981949375 0.277777103125 0.085801103125 0.2772087171875 0.0831270578125 0.2682070203125 0.0879316625 0.27111403125 0.08981949375
6 0.2983748390625 0.1243360703125 0.3040351328125 0.12136326093750001 0.3027264078125 0.11913570312499999 0.2996572421875 0.120414509375 0.28977800781249996 0.125020140625 0.2905938796875 0.12598996406250002 0.2983748390625 0.1243360703125
6 0.27404301875 0.09868739531250001 0.27089247968749997 0.103021703125 0.280981625 0.10087718906250001 0.2808945703125 0.10046762812500001 0.27404301875 0.09868739531250001
6 0.28794347187499997 0.081825925 0.28325473749999996 0.08647152500000001 0.288591740625 0.0864803515625 0.289277009375 0.08633469375 0.294060509375 0.082295384375 0.28843295 0.08172188281250001 0.28794347187499997 0.081825925
6 0.42144234843749995 0.16047614375000002 0.4203807734375 0.1554818265625 0.4203276984375 0.155404040625 0.41594980625 0.1544552890625 0.4136797828125 0.15556423125000002 0.41815338437499994 0.161175234375 0.42144234843749995 0.16047614375000002
6 0.40263161406250003 0.139615490625 0.40241795937499997 0.1386103234375 0.3927007734375 0.136610478125 0.3893643625 0.137319653125 0.3899265 0.1399643078125 0.398878453125 0.14131113906249998 0.401955140625 0.1406571703125 0.40263161406250003 0.139615490625
6 0.399430265625 0.117039115625 0.39931676562499996 0.1165051453125 0.397577775 0.1148075453125 0.387290571875 0.1200480265625 0.387351084375 0.12033271875 0.3912888671875 0.12215806250000001 0.3921945609375 0.1219655515625 0.399430265625 0.117039115625
6 0.47367857343750003 0.1356807078125 0.46547338125 0.130945878125 0.46240421718749997 0.1322246828125 0.46278640781249997 0.134022746875 0.47045349999999997 0.1386574 0.47394838906250003 0.13695009062500002 0.47367857343750003 0.1356807078125
6 0.54230976875 0.1764585140625 0.5369759468749999 0.1854383421875 0.5417840593750001 0.1844163453125 0.5439916390625 0.1808996984375 0.5430607578125 0.176520246875 0.54230976875 0.1764585140625
6 0.6723032453125 0.514010784375 0.6675402109374999 0.5145656078124999 0.6597919640625001 0.5331262703124999 0.6648717078125 0.5336439453125 0.6659297015625001 0.5334190624999999 0.6733439609375 0.51890696875 0.6723032453125 0.514010784375
6 0.7717631171875 0.4598064453125 0.7790135 0.458265328125 0.7803710609375 0.451273928125 0.779135309375 0.4454601796875 0.7728693265625 0.44679205624999996 0.7717631171875 0.4598064453125
6 0.598269615625 0.54316504375 0.5813950343750001 0.5423668078125 0.578962853125 0.5466423890625001 0.5931471671875 0.5504868734375 0.596224109375 0.54983285 0.598269615625 0.54316504375
6 0.6949810171874999 0.477912321875 0.6941818765625001 0.478082184375 0.6875570796875 0.4901397078125 0.6883596937500001 0.49031364687499995 0.6935807421875 0.4892038796875 0.696637175 0.4857039375 0.6949810171874999 0.477912321875
6 0.6965887453125 0.5356880203125 0.7060269484374999 0.537394559375 0.7051197859375 0.5331266921875 0.6990209265625 0.5314124390625 0.6965887453125 0.5356880203125
6 0.4894480953125 0.11508305781249999 0.490542115625 0.12023001874999999 0.4926623375 0.11977935312500002 0.49156831562500003 0.114632390625 0.4894480953125 0.11508305781249999
6 0.4980563828125 0.130125921875 0.4886568359375 0.1287117484375 0.4868964015625 0.13221811249999998 0.49200973125 0.132697325 0.49830296250000006 0.1313596578125 0.498314759375 0.1313414921875 0.4980563828125 0.130125921875
6 0.41323561875000003 0.13689693593750002 0.41241899687499994 0.13707051406249998 0.40851593125 0.14228517499999999 0.409152915625 0.14528195 0.41155033906250005 0.1447723625 0.41399581875 0.1404733984375 0.41323561875000003 0.13689693593750002
6 0.142788134375 0.49621397500000003 0.1394294171875 0.5000600625 0.1491696171875 0.5105184046875 0.1548302203125 0.5069044140625001 0.15474333125 0.5064956328125 0.142788134375 0.49621397500000003
6 0.0571360109375 0.2877760078125 0.054573768749999994 0.2883206296875 0.0515972421875 0.2939647828125 0.053785315624999996 0.294533309375 0.0543726875 0.294408459375 0.057304545312499997 0.28856890625 0.0571360109375 0.2877760078125
6 0.14956789374999999 0.3307008953125 0.150079665625 0.331571971875 0.156405984375 0.330227271875 0.158582878125 0.329163825 0.15817696406249998 0.3272541484375 0.14956789374999999 0.3307008953125