4 0.609888259375 0.2602274859375 0.6220975531249999 0.2612956609375 0.6339235953125 0.25772485 0.642703290625 0.2511119484375 0.644478453125 0.2401957109375 0.6456153312499999 0.23396795625000003 0.6466803453125001 0.2217947875 0.6413243734375 0.2153163375 0.6260741828125 0.2115217765625 0.618801565625 0.22903053281250002 0.6113964984375 0.2293053 0.6045382953125 0.23270334374999999 0.609888259375 0.2602274859375
4 0.4605805546875 0.215531571875 0.4608907890625 0.21198558125 0.4584623828125 0.20776772656250003 0.4552175046875 0.20748383593750003 0.447811634375 0.208158340625 0.445676525 0.2138148578125 0.45294808125 0.2150661203125 0.45712015 0.21706110625 0.45892947656249994 0.21721940312500002 0.4605805546875 0.215531571875
4 0.67600724375 0.1734296296875 0.6760178734375 0.1733081359375 0.6744204625 0.1686590296875 0.6667088515625 0.1630636640625 0.6634597234374999 0.167392546875 0.6632678328125 0.1739264203125 0.6719076453125 0.17468230625 0.67600724375 0.1734296296875
4 0.3389402703125 0.30641172031249997 0.335146384375 0.31931951718749996 0.34321420625 0.320025359375 0.34329612656249997 0.3190890015625 0.3389402703125 0.30641172031249997
4 0.387789 0.30588776093750003 0.3869015 0.3128682234375 0.39397720625 0.31348726718750003 0.3940879796875 0.312221134375 0.387789 0.30588776093750003
4 0.49727828125 0.3507573734375 0.49913268593750004 0.3485643484375 0.4994362 0.3450951625 0.4985202046875 0.3398636828125 0.488266540625 0.3398892328125 0.48695038906250004 0.344387228125 0.4867510765625 0.346665375 0.4877527609375 0.3499239984375 0.49727828125 0.3507573734375
4 0.5282706 0.3838540828125 0.5324325875 0.3802813125 0.5330252109375 0.37350759375 0.532768315625 0.3605667828125 0.5195122546875 0.36678805625 0.516329353125 0.37973393125 0.521558384375 0.396798725 0.5274936046875001 0.3973179890625 0.5282706 0.3838540828125
4 0.4950240359375 0.3674924828125 0.498917865625 0.371290909375 0.49936957499999995 0.371330428125 0.5003784859375 0.3701801390625 0.500703525 0.36646494218750003 0.4950240359375 0.3674924828125
4 0.510246596875 0.25621537499999997 0.515331078125 0.25305426875000003 0.5153457640625 0.2528864046875 0.5090585062499999 0.252336340625 0.49907186406250004 0.24930982343750002 0.4965144671875 0.252997 0.4964724234375 0.25347755 0.500170259375 0.25533381093749996 0.510246596875 0.25621537499999997
4 0.586934928125 0.3310023703125 0.57482880625 0.32882535156250003 0.5737211984374999 0.332111421875 0.5755872937500001 0.334081496875 0.5815200453125 0.3346005453125 0.58685814375 0.3318800171875 0.586934928125 0.3310023703125
4 0.58394473125 0.3472527859375 0.5759686625 0.34655497031250004 0.5752412953125 0.3501818484375 0.5776782093749999 0.35308605000000004 0.5794967343749999 0.35324515 0.583799471875 0.3489131109375 0.58394473125 0.3472527859375
4 0.4307938015625 0.48139749375 0.436894303125 0.48193121874999995 0.43899639218750003 0.48016735625000007 0.43920080468749995 0.47783090625 0.43209129687500003 0.469747496875 0.4255001140625 0.47009346875 0.42008276406249995 0.47577037187500004 0.421743646875 0.48022127968749995 0.4298824921875 0.4809333359375 0.4307938015625 0.48139749375
4 0.4380294921875 0.41950835625 0.435321446875 0.41759404375000003 0.4269486921875 0.4242425515625 0.43144201249999997 0.4296947453125 0.4326101859375 0.429796946875 0.4378517484375 0.42153998125000003 0.4380294921875 0.41950835625
4 0.47498449374999996 0.4978114265625 0.48043395 0.4905811671875 0.480685128125 0.487710190625 0.4750396109375 0.47982499218749997 0.46112346718749997 0.479530115625 0.456299975 0.483106171875 0.46187006718749996 0.4897443484375 0.473859046875 0.49771296249999997 0.47498449374999996 0.4978114265625
4 0.44949031406250006 0.7488886390625 0.46117200937499997 0.7419145390625 0.47283982656249995 0.7444730546875 0.47302032968749996 0.7377229062499999 0.4769637125 0.72545865 0.47275436875 0.7220149515625 0.46772472968749995 0.7138863421874999 0.46286812499999996 0.713153903125 0.4503458421875 0.7203620015625 0.4621599890625 0.7306218890625 0.4630336875 0.7346963875 0.44937174375 0.7221220374999999 0.43406279999999997 0.6955641640625 0.42698457031250003 0.6967901546874999 0.4015747046875 0.6825729109374999 0.3919416 0.680192409375 0.39220756093750003 0.6959003625 0.39051250625 0.7059009781250001 0.3926935484375 0.713780365625 0.3868158515625 0.720032078125 0.3907848765625 0.726222634375 0.40150529687500003 0.7302359796875 0.4004372125 0.7424442453125 0.4038454921875 0.755044146875 0.401690090625 0.7656195734375 0.4279573359375 0.78072681875 0.43661926875 0.7814846390625 0.4414967390625 0.774637975 0.44433892343750003 0.770273490625 0.45494612500000003 0.770893959375 0.46123076406249996 0.76467785 0.45115119375 0.753339546875 0.44949031406250006 0.7488886390625
4 0.6219169671875 0.67327963125 0.616039271875 0.679531340625 0.6187607671875 0.6859202984375 0.616105496875 0.688148334375 0.612476128125 0.6921364062500001 0.6140569046875 0.697502934375 0.6093605125 0.6949392546875 0.6020558406250001 0.6893794921875 0.5939575796875001 0.678829615625 0.5829765484375 0.6824820421875 0.5741370375 0.68509165625 0.56535093125 0.6870908578125 0.563168828125 0.6979714890625 0.5641824484375 0.7051336546875 0.5785920499999999 0.7091622171874999 0.5932152703125 0.710749128125 0.616157840625 0.7062979421875 0.6227885453125 0.7148741671875001 0.6122742718749999 0.7225654875 0.599698584375 0.7303839984375 0.589570959375 0.74302983125 0.58529433125 0.7497291609375 0.5917317109375 0.7558281296875 0.6025811046875 0.7599296437499999 0.6104622156249999 0.7606191515625 0.621658525 0.7605991875 0.6148206125 0.75907831875 0.6124996484375 0.7481112609375 0.6250219312499999 0.7409031625 0.6431677109375 0.7397228265625 0.6538219078124999 0.7351191765625 0.6612141546875 0.725617 0.6624535765624999 0.7227576515624999 0.6635346796875 0.7104005843750001 0.662809871875 0.7026908953125 0.6561321703125 0.6993387859375 0.644190925 0.695218634375 0.64149613125 0.6885244703125 0.6429978609375 0.6760465984375 0.6219169671875 0.67327963125
4 0.389698275 0.776841384375 0.3957554171875 0.78259954375 0.40589586093749996 0.77918111875 0.40388144062500003 0.77408419375 0.410301421875 0.7722970109375 0.4109999375 0.7643129359375 0.39776448593749997 0.76432274375 0.38923151875 0.772802490625 0.3870034828125 0.7701472218750001 0.39182697499999997 0.7665711640625 0.3829874640625 0.7691807796875 0.389698275 0.776841384375
4 0.431260196875 0.783724584375 0.43163519062500005 0.7794383859375 0.43048235312500005 0.7752735640624999 0.42239050312500004 0.7693373890624999 0.4042511328125 0.775131428125 0.42179674531250005 0.7848932421875 0.4272255859375 0.7853682046875 0.431260196875 0.783724584375
4 0.5149848734375 0.6300945718750001 0.5073533671875 0.6235835875 0.5007354828125 0.6242347703125 0.5018708968750001 0.6303465671875 0.5084856890625 0.6309252875 0.5149848734375 0.6300945718750001
4 0.5776682937500001 0.6341249296875 0.5777241078124999 0.6334869656250001 0.57203276875 0.6289962671875 0.5642448484375 0.6262065140625 0.5641991375 0.6267289953125 0.5667287984375 0.6391578359375 0.5685617359374999 0.639318196875 0.5776682937500001 0.6341249296875
4 0.323553240625 0.5692602078125 0.32273885468749997 0.5691889578125 0.3170038328125 0.5735617640624999 0.31977835468750004 0.5799092265625 0.3206547515625 0.5799859015625 0.32563849375 0.5746997031250001 0.3259129953125 0.57156214375 0.323553240625 0.5692602078125
4 0.51813918125 0.9486004937500001 0.5218940734374999 0.9489290046875001 0.5229836078125001 0.9364755703125001 0.5176716156250001 0.9244559171875 0.5068305046875 0.9311960125000001 0.5013597515625 0.9374833265625 0.5094249015625001 0.9437247093750001 0.51813918125 0.9486004937500001
4 0.590192134375 0.4371937359375 0.5856691328125 0.4362220234375 0.585426621875 0.4378807703125 0.5846953187499999 0.44623960937499996 0.5864807765625 0.446395815625 0.5895542328125 0.444484996875 0.590192134375 0.4371937359375
4 0.4356894890625 0.069773503125 0.43582110781249994 0.0682690890625 0.4353646578125 0.0618860828125 0.4267201 0.0647280328125 0.4266373234375 0.065674175 0.4278562328125 0.07333868125000001 0.4299921765625 0.0735255515625 0.4356894890625 0.069773503125
4 0.521567534375 0.3610480171875 0.5184463453125 0.3574992703125 0.5125622375 0.35913727500000003 0.5208213625 0.3685018109375 0.520914696875 0.3685099765625 0.521567534375 0.3610480171875
57 0.11045645 0.291365728125 0.112678596875 0.2951507015625 0.1255891796875 0.29628023125 0.1311036984375 0.2944022984375 0.1369805859375 0.292905384375 0.13706822968750002 0.2919036171875 0.13508019375 0.28644654062499997 0.1296500234375 0.28289603125 0.11852265937499999 0.27884708593749996 0.111296709375 0.28170294375 0.110455703125 0.2913156859375 0.11045645 0.291365728125
6 0.62148081875 0.5696149125 0.6150498484375 0.568129646875 0.61871126875 0.5872100921875 0.6225238078124999 0.5875436453125 0.6233412781250001 0.57819993125 0.62148081875 0.5696149125
4 0.1655761203125 0.16326139374999998 0.15443694218749998 0.16919015312500002 0.149769390625 0.17762365156249998 0.1502356796875 0.177664446875 0.16241557499999998 0.17173345 0.165147371875 0.168161996875 0.1655761203125 0.16326139374999998