39 0.221779721875 0.5731473109375 0.24383088281249998 0.5739173546874999 0.2601515390625 0.5729238328124999 0.2801951140625 0.5711611203125 0.28020535625 0.5708678046875 0.2618755546875 0.5549730640625 0.24790904687499998 0.5464804671875 0.24382064374999998 0.553592115625 0.2327228140625 0.557207009375 0.21377099687499998 0.5658008359375 0.221779721875 0.5731473109375
6 0.395494553125 0.5868222453125 0.42034446562500005 0.5872364984375 0.42047508437500003 0.583496071875 0.3945208765625 0.5832861109375 0.395494553125 0.5868222453125
6 0.4178243640625 0.6238169124999999 0.413201015625 0.634552725 0.4263158890625 0.63501070625 0.42826241875 0.6291245328125 0.42843482499999996 0.6241874375 0.4178243640625 0.6238169124999999
6 0.2490469765625 0.5842775796875 0.244848365625 0.5911508624999999 0.25352444687500003 0.5914538390625 0.25453461875 0.5896388171875 0.2546826921875 0.5853985765624999 0.2490469765625 0.5842775796875
6 0.5733008328125 0.6792298437500001 0.5787896890625001 0.6735898421875001 0.5989902328125 0.66497573125 0.5990009453125 0.6646689375 0.589636253125 0.6614609921875 0.572858634375 0.6706310484375 0.5625686140624999 0.678211746875 0.56255516875 0.6785968015625 0.56399814375 0.6789049875 0.5733008328125 0.6792298437500001
6 0.56674050625 0.6821276578125001 0.558370959375 0.6818353859374999 0.5506498109375 0.6925724625 0.5567614671875 0.6942868015625 0.5592673593749999 0.6943743078125 0.56859433125 0.684743503125 0.568679090625 0.682316309375 0.56674050625 0.6821276578125001
6 0.5920995125 0.6737888437499999 0.5930232390625 0.6767916609375 0.6251171640625001 0.67791240625 0.6252377859375 0.6744582609374999 0.5920995125 0.6737888437499999
6 0.6704012265625 0.8014430484374999 0.6622325 0.8016893640625 0.6542115374999999 0.8149487640625 0.664632078125 0.81531265625 0.672323875 0.80354594375 0.672394878125 0.8015126671875 0.6704012265625 0.8014430484374999
6 0.7510759671875 0.8155796671875001 0.745289428125 0.8259465359375 0.7551017421874999 0.8262891890624999 0.7592583671875001 0.821267284375 0.759369603125 0.8180818750000001 0.7510759671875 0.8155796671875001
6 0.6743189546874999 0.580288803125 0.6708918859375 0.5841715656249999 0.7025660640625 0.5882794812500001 0.70341343125 0.5848288265625 0.7034760312499999 0.58303616875 0.6743189546874999 0.580288803125
6 0.1222404890625 0.5305850140625 0.12183526250000001 0.5305708640625 0.1004820828125 0.5357663140625 0.104667134375 0.5393520546875 0.104993021875 0.539363434375 0.1298375390625 0.5340110124999999 0.1298557328125 0.533490053125 0.1222404890625 0.5305850140625