13 0.5750448953125 0.49264118437500004 0.5755968640625 0.49004437031250003 0.5701813703124999 0.48297899062500005 0.5082144296875 0.446135090625 0.49007453281249996 0.4542117765625 0.49594566406249996 0.46200331875 0.5607805531250001 0.4998417375 0.5750448953125 0.49264118437500004
57 0.9086983156249999 0.2707484765625 0.925995834375 0.25440628906249996 0.926695203125 0.2511160171875 0.9024072437499999 0.2440067234375 0.807821859375 0.19965218125 0.7870134234374999 0.24603830625 0.809506003125 0.25269572500000004 0.8656215109375 0.26462344375 0.9086983156249999 0.2707484765625
42 0.4950128921875 0.47837123593750003 0.495406434375 0.4765197703125 0.492474709375 0.47393894843749995 0.4912328921875 0.476561871875 0.48542298281249996 0.4859121625 0.4851372609375 0.487256384375 0.48862715156250003 0.48799818281249996 0.4950128921875 0.47837123593750003
31 0.675440284375 0.7644596046875 0.6982095562499999 0.7845036000000001 0.7139690625 0.7972838640625 0.7449471375 0.7996343640625 0.7537900750000001 0.7940231343749999 0.7544997921875 0.7906841734375 0.7498040734375 0.781613328125 0.731429275 0.773088634375 0.7433279640625 0.7525227359375 0.7270596390625 0.742136284375 0.7148228624999999 0.7481959171875 0.675440284375 0.7644596046875
57 0.3817686125 0.8382938578125 0.3275841359375 0.831919903125 0.2976166140625 0.8328635406249999 0.31602645156250003 0.837883309375 0.3344578078125 0.841801015625 0.38060138125 0.8437852515625 0.3817686125 0.8382938578125
57 0.7304097890625 0.9415947843750001 0.7081588140624999 0.9340128734375 0.7051777640625 0.93337923125 0.7047741375000001 0.9344424734375 0.704172834375 0.937271378125 0.7256292734375 0.9441159625 0.7292323140625 0.9448818125 0.73005555625 0.9432613171875 0.7304097890625 0.9415947843750001
6 0.9164507296875 0.8704684296874999 0.9165342703125001 0.87007540625 0.9066726796875001 0.8695105359375 0.8970760984374999 0.869587765625 0.8916960375 0.8707537046875 0.8941438906249999 0.8729085703124999 0.9002818765624999 0.8742132390625 0.9164507296875 0.8704684296874999
6 0.8100683546875 0.643949065625 0.79618743125 0.6508139765625 0.8040140953125 0.6524775859374999 0.815361646875 0.6471406515625 0.815402384375 0.646948996875 0.8100683546875 0.643949065625
6 0.3095610421875 0.646677409375 0.308088634375 0.650896840625 0.32109529531250003 0.6536614921874999 0.331239325 0.6551637125 0.33232654687499996 0.650048734375 0.3095610421875 0.646677409375
6 0.854331128125 0.5840470171875001 0.8506226953124999 0.5811766031250001 0.8317319890625001 0.583127478125 0.8345831421875 0.58549450625 0.8388341609375001 0.5863980890625 0.8542513078124999 0.5844225375 0.854331128125 0.5840470171875001
6 0.78466714375 0.5360297953125001 0.782956596875 0.5303949796875 0.776292003125 0.5295557515625 0.778041609375 0.538333275 0.7839122859375001 0.5395811265625 0.78466714375 0.5360297953125001