2 0.5275223640625 0.6699387234375 0.5296939093749999 0.691401034375 0.5351945609375 0.695588328125 0.534200496875 0.7028051453125 0.5775160125000001 0.696400959375 0.59459659375 0.69051964375 0.60715013125 0.6805950296875001 0.60322196875 0.6658188890625001 0.597657284375 0.6513418421875 0.5854177390624999 0.6494749375 0.53781718125 0.6611058296875 0.5275223640625 0.6699387234375
6 0.44364303749999995 0.64746121875 0.443758828125 0.649915440625 0.4692734265625 0.6411300609375 0.46842912343750004 0.6386780265625001 0.44364303749999995 0.64746121875
6 0.6757857109375001 0.636173190625 0.6512629 0.638585184375 0.6491807140625 0.6443258375 0.6721820453125 0.642321909375 0.6729716625 0.642050021875 0.67618531875 0.6373337390625 0.6757857109375001 0.636173190625
6 0.56712131875 0.78612120625 0.536986753125 0.7950321609375 0.5370594640624999 0.800295228125 0.5520840015624999 0.7960471796874999 0.5685829625000001 0.79036613125 0.56712131875 0.78612120625
39 0.48343186875 0.573128184375 0.4759090796875 0.5714880046874999 0.468214825 0.5744017546875 0.47407106718750003 0.577937796875 0.48343186875 0.573128184375
25 0.353952928125 0.5122797968749999 0.370110071875 0.5067164453124999 0.368940525 0.50331983125 0.365791821875 0.50270040625 0.3595713046875 0.5048423015625 0.35296517031249997 0.5092322171875 0.3534235 0.5122472640625 0.353952928125 0.5122797968749999
6 0.33743440156250004 0.306234753125 0.33214908906249996 0.3053052921875 0.32925298281250004 0.308682146875 0.3324076421875 0.308174296875 0.33749864218750003 0.30642132499999997 0.33743440156250004 0.306234753125
6 0.54474856875 0.9035195140625 0.542815309375 0.9002414218749999 0.5347954875 0.9022096515625 0.5390482203125 0.9145604890625 0.5450500484374999 0.91249389375 0.5472134765625001 0.9106781249999999 0.54474856875 0.9035195140625
6 0.898245971875 0.831299725 0.8964417499999999 0.84603359375 0.9075517140624999 0.8422081265625 0.9106317671875 0.8334861281249999 0.9091483359374999 0.8291779343749999 0.898245971875 0.831299725
6 0.23526245937499998 0.7246019328125 0.2113107359375 0.73025119375 0.2136197359375 0.7352730546874999 0.22592179375 0.7315328765625 0.23640595625 0.727922890625 0.23526245937499998 0.7246019328125
57 0.2936653046875 0.445454278125 0.29302750624999996 0.4457069390625 0.29800545 0.45222250624999993 0.30728076875 0.449028759375 0.306071078125 0.44551556249999996 0.3035237125 0.44205975468750003 0.2936653046875 0.445454278125
6 0.6091490625 0.3178644546875 0.6059443156250001 0.316808628125 0.5971746046875 0.326702815625 0.599785665625 0.32682832500000003 0.602975209375 0.3257300765625 0.6094066609375 0.318612575 0.6091490625 0.3178644546875
57 0.9411309125 0.66445070625 0.9420445875000001 0.6733407078125 0.957738159375 0.667936978125 0.9553372328125 0.66096418125 0.9411309125 0.66445070625