12 0.24804934374999998 0.5041513015625 0.25193679375 0.505266009375 0.25719358593749997 0.5065237078125 0.2669727734375 0.5046532953125 0.275929 0.49787235625 0.294465328125 0.4458440875 0.305676078125 0.40674755625000003 0.3059578609375 0.3998183046875 0.29326264687500003 0.3887040453125 0.2875731828125 0.38707261875 0.2798941109375 0.3851203421875 0.2691448359375 0.38926233906249996 0.262622715625 0.4031156328125 0.238379584375 0.479880934375 0.2406232796875 0.4953978640625 0.24804934374999998 0.5041513015625
12 0.28309056093749996 0.47984393281250004 0.28128876406250003 0.49668685156250003 0.2870577484375 0.5076901765625 0.2928365625 0.5104919578125 0.302054303125 0.513135103125 0.3127834515625 0.5091174796875 0.3200419609375 0.50269964375 0.353752596875 0.40347653125000005 0.3546695265625 0.400278815625 0.3478704140625 0.3878661984375 0.339009265625 0.383200509375 0.32599053125 0.3841419953125 0.3171469015625 0.3905302625 0.2838143078125 0.47731992968750003 0.28309056093749996 0.47984393281250004
12 0.321228375 0.49422725468750006 0.3160447515625 0.5218080671875 0.319726184375 0.530088003125 0.32441150625000004 0.5325496703125 0.343418903125 0.5379999546875001 0.3513419703125 0.5332042593749999 0.358019975 0.5176958296875 0.36241125625000004 0.5023816125 0.3931327609375 0.419195940625 0.3936801875 0.417286840625 0.3877107875 0.40637111875 0.37322803437499996 0.3979686671875 0.361976325 0.39941683906250003 0.354943009375 0.40504932968749996 0.3220799953125 0.4912573015625 0.321228375 0.49422725468750006
12 0.354990278125 0.544962015625 0.35874101875000003 0.5541117421874999 0.364051271875 0.56017086875 0.3806489625 0.56493018125 0.39247038125 0.5620836437500001 0.41249391874999997 0.51039860625 0.4273312296875 0.458654753125 0.42719379062499996 0.454326803125 0.3987567421875 0.4423479796875 0.39113441875 0.4478115734375 0.3848114671875 0.4587472640625 0.381511628125 0.47692420156250004 0.354990278125 0.544962015625
12 0.399771990625 0.5498190484375 0.4018510375 0.5614641390624999 0.4063180296875 0.5657887953125 0.42121731249999994 0.5700610968750001 0.4289887125 0.5679708640625 0.4386810671875 0.5541767046875 0.46812991875 0.4750958578125 0.47411597031249997 0.454220015625 0.473456525 0.45068437499999997 0.46492440625000003 0.43931369218749994 0.44986140625 0.43626932343749997 0.4398137359375 0.4401875421875 0.4021450296875 0.53265123125 0.399771990625 0.5498190484375
12 0.47075701406250003 0.4542076984375 0.468773553125 0.46001333750000006 0.455600484375 0.549302021875 0.462703371875 0.558988003125 0.4638250890625 0.5595221296874999 0.4759365765625 0.5629950421875 0.481413015625 0.5626530734374999 0.4835696234375 0.5517975765625 0.5095385890624999 0.472403665625 0.514213065625 0.4561018296875 0.51028086875 0.44641783124999995 0.5057159234374999 0.4378845546875 0.496516984375 0.4343968828125 0.487006275 0.4342194859375 0.478682346875 0.439906853125 0.47075701406250003 0.4542076984375
12 0.4904152828125 0.56938309375 0.49964404218749997 0.5779203890625 0.49992822812500004 0.5780018765625 0.5109440046875 0.5778193625 0.5225896296875 0.5742749640625 0.5299520140625 0.548599278125 0.5519558359375 0.46591627031250005 0.55279580625 0.4529834015625 0.552016128125 0.44681040781250003 0.5468449125 0.4415029546875 0.53648898125 0.43731699218750003 0.535809028125 0.43712201874999995 0.5253721296875 0.437470528125 0.5188152265625 0.443664584375 0.5138176171875 0.45181224374999995 0.5094288078125 0.46711783906250004 0.48603224687499996 0.561326934375 0.4904152828125 0.56938309375
12 0.52645885 0.5637824578124999 0.5206125671875 0.5897283921875001 0.5210632140625 0.6026063828125 0.5389846828125 0.6090201578125 0.5418719703125 0.6160365375 0.5449652859375 0.61692353125 0.5516743875000001 0.614783665625 0.559821865625 0.6031537703125001 0.563591590625 0.5900071734375001 0.586847925 0.49100745625000003 0.5846823015625 0.48188729375 0.576678640625 0.47534269374999993 0.5610959421875 0.47299922031249997 0.54720245625 0.47921434218750003 0.52645885 0.5637824578124999
7 0.6207034203124999 0.48659079062500005 0.625475778125 0.46883609374999996 0.614778290625 0.462793925 0.6064283406250001 0.4663490375 0.6033969828125 0.482478165625 0.596666928125 0.49372208281249996 0.5927693203125 0.5062031484375 0.5796642734375 0.5241182375 0.575931309375 0.5404711437499999 0.5671402421875 0.5800212828125 0.5554907109375 0.616202009375 0.5532130046875 0.6363718765625 0.5563372640625001 0.6445664125 0.5599419953125 0.6456000515625 0.56463811875 0.644322525 0.565901284375 0.6473088515625001 0.5758446796875 0.6501600734374999 0.5802208171875 0.646665996875 0.5847509765625001 0.647540040625 0.5885573749999999 0.6446581390625 0.6138443890625 0.5564718421875 0.6153255625 0.5509173453125 0.6208773390625 0.524886965625 0.6175769843750001 0.5141665484375 0.6192399156249999 0.50614420625 0.6206256046874999 0.4946427 0.6207034203124999 0.48659079062500005
12 0.637865778125 0.541056915625 0.634929496875 0.5457394156250001 0.6303735703125 0.5571817921875 0.62306481875 0.660475853125 0.6286906906249999 0.6653134234375 0.6342325140625 0.666902515625 0.6460361484375 0.6670627765625 0.6559279328125001 0.6647996921875 0.663706140625 0.6576809609375001 0.6653008578125 0.6547871359374999 0.6686841296875 0.6429882671875 0.6732583296875 0.5554551546875001 0.669143771875 0.5453511875 0.66936020625 0.5390388640625 0.6598667609375 0.5354667453124999 0.646960625 0.536015559375 0.637865778125 0.541056915625
12 0.43672830156250003 0.5903305546875 0.429625934375 0.609541928125 0.42627404843749994 0.623454353125 0.4269238671875 0.6334147406249999 0.432112346875 0.6353274734375 0.48317416562500004 0.6495442546875 0.48776306406250003 0.6525360296875 0.5025121234375 0.6567652546875 0.505920303125 0.656916521875 0.5070371390624999 0.6580627828125001 0.5106208890625 0.65909040625 0.5130749734375 0.6564183375 0.5270725546875 0.6587322437500001 0.533586175 0.6538006515625 0.5346835859375 0.651140609375 0.5428581218749999 0.6226326109375 0.5428884359375 0.6224713171875 0.5417622062499999 0.6119493625 0.5325112203125 0.604197178125 0.5112636312500001 0.59937940625 0.445164834375 0.5842505109375 0.43672830156250003 0.5903305546875
12 0.34547234531250004 0.558620271875 0.339097346875 0.5652914484375 0.3337420140625 0.5809666484375 0.33297071875 0.5836564765625 0.329795378125 0.600737653125 0.410088703125 0.62376139375 0.424651459375 0.625945203125 0.428089146875 0.6147346234375 0.4296890484375 0.609155103125 0.43420468124999995 0.5815141046875001 0.42944932968750005 0.5814254062499999 0.42402689687499995 0.5747710421875001 0.3927489015625 0.5704767687500001 0.3861311859375 0.566879334375 0.34547234531250004 0.558620271875
12 0.2229551421875 0.5480941500000001 0.2178449921875 0.567026865625 0.2445583 0.5772365374999999 0.266646115625 0.5835701171875 0.2755072640625 0.5882358046875 0.28733071875 0.5903512484375 0.295048378125 0.587889703125 0.322099478125 0.5969213578125 0.3269745140625 0.59323036875 0.333922684375 0.5689992203124999 0.335039625 0.5606857484375001 0.329573646875 0.5408451703125 0.2864116484375 0.5390926390625 0.24164701093750002 0.5262565859375 0.23134812500000002 0.52882789375 0.2229551421875 0.5480941500000001
57 0.2224925921875 0.5355633390625 0.2225764046875 0.53910921875 0.22633729531250002 0.5401876375 0.22955193281250003 0.5320631046875001 0.2444810203125 0.5181238421875001 0.2464782703125 0.5111586015625 0.2413576078125 0.5086759171875 0.23428950781250002 0.506649171875 0.21858570937500002 0.5136200718749999 0.21360542031250002 0.52876539375 0.21626471875000003 0.5350524015625 0.2224925921875 0.5355633390625
45 0.31530709843750004 0.5035398359375 0.317444696875 0.49608514687499994 0.31297184218749996 0.4939553140625 0.302950196875 0.5000057906250001 0.29953750625 0.504126725 0.3054322578125 0.5108527796875 0.3072292953125 0.511368071875 0.31530709843750004 0.5035398359375
45 0.3404436671875 0.5292518109375 0.3328351765625 0.5238577578125 0.332549434375 0.5293002875 0.3392039671875 0.5335404046875001 0.339213175 0.5335430453125001 0.3404436671875 0.5292518109375
45 0.4079316796875 0.5508733015625 0.4052170765625 0.5573457625 0.41441076718750003 0.5599820109375 0.41640311093750004 0.5591211125 0.418048290625 0.553383690625 0.4079316796875 0.5508733015625
45 0.46241794531249997 0.5398095671875 0.45814776406249996 0.5458094140624999 0.4639079875 0.5512857624999999 0.4667084765625 0.548077178125 0.467631771875 0.5448572640625 0.46241794531249997 0.5398095671875
45 0.5075455875 0.570052971875 0.50754068125 0.56695786875 0.49893610468749994 0.5660657265625 0.4984784234375 0.567661846875 0.49850231406249995 0.5678401953125001 0.5074448125 0.570404415625 0.5075455875 0.570052971875
57 0.4926155609375 0.33533575937500004 0.49710877656249997 0.33662416875 0.50488508125 0.329964909375 0.5071115265625 0.327813478125 0.5077617734375 0.3255457953125 0.5000083703125 0.3247419046875 0.4868682796875 0.32054908437499996 0.48375009062499996 0.3247544671875 0.4847809859375 0.3322743703125 0.49048916093750006 0.3334862046875 0.4926155609375 0.33533575937500004
57 0.479149653125 0.3289605578125 0.47948762812499995 0.3277818953125 0.4798800234375 0.3247889453125 0.46942499531250004 0.3145667125 0.44800425937500005 0.3147988 0.441191521875 0.327092025 0.46588450468750003 0.3341726234375 0.479149653125 0.3289605578125
57 0.4190603609375 0.3385013328125 0.42688575 0.34412099375 0.4312972046875 0.3453859578125 0.44034020625 0.33959422031250003 0.44038131875 0.3394508421875 0.4352405703125 0.332092 0.440143046875 0.324998584375 0.4335943859375 0.3078222640625 0.41935779999999995 0.3277383625 0.41922018124999993 0.32821829999999996 0.4190603609375 0.3385013328125
57 0.6795681515625 0.42877411875 0.6721014515625 0.41813390000000006 0.6678485328125 0.42073902500000004 0.680258075 0.45523943906250003 0.6807835453125 0.45340690781250004 0.6795681515625 0.42877411875
57 0.498531246875 0.9109417328125 0.48923063750000007 0.9309118562500001 0.49257641874999997 0.9318712437500001 0.49424496875 0.928215146875 0.498911815625 0.9119399187499999 0.498531246875 0.9109417328125
38 0.5734442750000001 0.64947176875 0.5782154953124999 0.646712478125 0.579552584375 0.642049496875 0.579923903125 0.63880941875 0.5740771062500001 0.635858 0.5618465500000001 0.6340507796875 0.55839933125 0.6449611546875 0.5589193328125 0.6453068078124999 0.5734442750000001 0.64947176875