45 0.1263269453125 0.06639605625 0.136321909375 0.07474763437500001 0.144122515625 0.0739277578125 0.1466699078125 0.0730954 0.144558328125 0.065461803125 0.13155778437500001 0.06633724375 0.1313886328125 0.0584994890625 0.12441952187500001 0.060704884375000004 0.1263269453125 0.06639605625
45 0.7872663484375 0.40796930937500003 0.7871543625 0.406903834375 0.7758732687500001 0.40420796875000004 0.77345135625 0.41106116875 0.77348759375 0.41140594999999996 0.7825395546875 0.41531516249999995 0.78711813125 0.414833934375 0.7872663484375 0.40796930937500003
45 0.4859456609375 0.4681157015625 0.48189916093749996 0.48304919531249996 0.49445631562500003 0.481729384375 0.4962575671875 0.47934121718749995 0.49528943906249995 0.47013008906250003 0.4859456609375 0.4681157015625
45 0.416497875 0.4977786796875 0.41569109062500004 0.49010263125 0.39764060625000003 0.4915123484375 0.3944279671875 0.49707066875 0.394458165625 0.49735798437499995 0.3979513078125 0.499728003125 0.416497875 0.4977786796875
45 0.7644810640624999 0.908689725 0.7593047671875001 0.904284790625 0.7482116453125001 0.9108514031249999 0.7535499390625 0.9148318062499999 0.7621437703125 0.9139285578124999 0.76480499375 0.91177170625 0.7644810640624999 0.908689725
29 0.5945799703125 0.9613912499999999 0.645564290625 0.9295201578125001 0.641169046875 0.9250724078125 0.5921271515625001 0.95673934375 0.5945799703125 0.9613912499999999
57 0.4151141640625 0.245444246875 0.40825766406249997 0.24000132343749997 0.39987255781250003 0.253647875 0.40573190625000005 0.265797275 0.41558111562500005 0.259852371875 0.4162087609375 0.2558586359375 0.4151141640625 0.245444246875
29 0.12194809843750001 0.176706296875 0.11915783437500001 0.1725808265625 0.06309579062500001 0.2059675515625 0.058063984375 0.211657065625 0.058077746875 0.2117880125 0.1220103265625 0.1772983609375 0.12194809843750001 0.176706296875
6 0.40542978124999995 0.3476285484375 0.3983006 0.346753875 0.3863718828125 0.35782705 0.3912814578125 0.36374275 0.392077853125 0.363659046875 0.405597621875 0.3492254453125 0.40542978124999995 0.3476285484375
6 0.8580662984374999 0.49113660625 0.85290253125 0.4980619609375 0.8706045546875 0.5045479078125 0.871115925 0.50318490625 0.8702800640625 0.4952322203125 0.8580662984374999 0.49113660625
6 0.032904384375 0.7346316078124999 0.0275364609375 0.7396145375 0.047777345312500004 0.7453426671875001 0.05231011249999999 0.7398878125 0.0521206734375 0.738085428125 0.032904384375 0.7346316078124999
6 0.8264469578125 0.9414397859375001 0.8398109312500001 0.9377937875000001 0.8391379890625 0.9313911718749999 0.8250338953125 0.9342237421874999 0.8264469578125 0.9414397859375001
6 0.9720448953125 0.907578128125 0.981077175 0.906628796875 0.980612128125 0.9022041749999999 0.963773403125 0.9029977203125 0.9619442812500001 0.9086397453125 0.9713049234375 0.907655903125 0.9714570640625 0.9075908140625 0.9720448953125 0.907578128125
6 0.584230678125 0.8828550875 0.56174343125 0.873816515625 0.5578746171875 0.8806057656249999 0.5773827781249999 0.8877856281250001 0.5808353609375 0.887422746875 0.5843326906249999 0.8838256640625 0.584230678125 0.8828550875