39 0.2558418140625 0.5840722125 0.266660446875 0.5796919796875 0.2849666234375 0.569797075 0.27593829062499997 0.5626077796875 0.2589530296875 0.56320091875 0.2382021875 0.5659267734375 0.21801670468749998 0.5691331890625 0.2377345546875 0.5839540750000001 0.25225945312500003 0.5914517296875 0.2558418140625 0.5840722125
6 0.40176622812499996 0.5896331609375001 0.40144235625 0.592558496875 0.4265923765625 0.5916802375 0.42651389999999995 0.5894329609375 0.40176622812499996 0.5896331609375001
6 0.4216325453125 0.6403204640625 0.43370181875 0.6398989953124999 0.435876596875 0.63368845625 0.43570884843749996 0.6288847421875 0.42444698125 0.629278015625 0.4216325453125 0.6403204640625
6 0.259692515625 0.6028354171875 0.258960884375 0.6015208624999999 0.25019429843749996 0.6018269984375 0.25342040312499997 0.6071082515625 0.2598339046875 0.6068842875 0.259692515625 0.6028354171875
6 0.5993975359375 0.673199084375 0.605070265625 0.6730009875 0.6107249953125 0.67106391875 0.61071428125 0.670757125 0.5905137390624999 0.6621430140625 0.5836857765625 0.6551270328125 0.57427921875 0.6571360546875 0.5742926640625 0.657521109375 0.584582684375 0.6651018078125001 0.5993975359375 0.673199084375
6 0.573942121875 0.6772149109375001 0.563206275 0.689972359375 0.5652196453125 0.6900271265625 0.57568158125 0.6896617875 0.5825559218749999 0.6785401015625 0.5758215375 0.67714928125 0.573942121875 0.6772149109375001
6 0.635588671875 0.6667237546875 0.6350311359374999 0.6652787890625 0.60270435 0.666407665625 0.6027736046875 0.6683908328125 0.6356068484375 0.6672442703125 0.635588671875 0.6667237546875
6 0.6756999968749999 0.7893569265625 0.6846928484375 0.8031139609375 0.69193661875 0.8028610031250001 0.6917378859375 0.79717004375 0.6870924281249999 0.78949066875 0.6789237031249999 0.789244353125 0.6756999968749999 0.7893569265625
6 0.772478084375 0.7972967578125 0.767428796875 0.8080420203124999 0.7772411109374999 0.8076993671875 0.7810372984375 0.80239974375 0.7809260625000001 0.799214334375 0.772478084375 0.7972967578125
6 0.7071678390625 0.567454790625 0.707017903125 0.5672849171875 0.67749175 0.5700670609375 0.6787175015625 0.5750585734375 0.681080371875 0.574976059375 0.7073116875000001 0.5715740453125 0.7071678390625 0.567454790625
6 0.133241446875 0.563464146875 0.10800894999999999 0.5580281390625 0.10374780624999999 0.561679075 0.1228532828125 0.5663276359375 0.127310771875 0.5661719765625 0.133256796875 0.56390370625 0.133241446875 0.563464146875