12 0.2417377609375 0.5073432546875 0.25506129375 0.5867354734375 0.25959193593749996 0.6013616515625 0.2690456859375 0.606617725 0.2847018109375 0.6044174 0.2975158046875 0.5960317984375 0.29874554531249997 0.5836486390625 0.2967026703125 0.5691128187500001 0.28142566874999997 0.4947527921875 0.273500328125 0.48679137812500006 0.26407662187500003 0.4835781703125 0.2549180421875 0.4844528140625 0.246119159375 0.49228959687499996 0.2417377609375 0.5073432546875
12 0.2958124625 0.5852327171875 0.2959050578125 0.5858915640625 0.305951634375 0.593541653125 0.32562170468749996 0.5907772062500001 0.3288066453125 0.5890740109375 0.334287359375 0.5796410109375 0.329510865625 0.48819854218750003 0.328853090625 0.4835182234375 0.323867625 0.46807732187499995 0.31412193906249997 0.46037174218750004 0.2998248453125 0.45990599843749996 0.2900398046875 0.4695314234375 0.28601919531250003 0.4783467078125 0.2958124625 0.5852327171875
12 0.3281400234375 0.4627046359375 0.3233420734375 0.470391634375 0.3246367421875 0.49842545468750005 0.3250667375 0.5014850265625 0.3456121 0.5914276765625 0.35179307656250003 0.5979842 0.3627337390625 0.6009842140625 0.3782449421875 0.5946791453125 0.3856754234375 0.5847004328125001 0.3853990203125 0.582733725 0.3665537015625 0.496082003125 0.36433648281250003 0.480305675 0.359881825 0.4640187734375 0.352544134375 0.458037328125 0.341394653125 0.4579542390625 0.3281400234375 0.4627046359375
12 0.3728183609375 0.5082420765625 0.38083609375 0.545478803125 0.3947680421875 0.6049849734375 0.4060782515625 0.6094490312499999 0.4231767875 0.6070459890625 0.4292786265625 0.6017848734375 0.43295077187500003 0.595498271875 0.4302394625 0.5762063046875 0.41747205000000004 0.5221794609375 0.41673406562500004 0.5037201703124999 0.41199460156249995 0.49201092031250004 0.40520684375 0.48553967656249997 0.3753794125 0.4934442484375 0.3728183609375 0.5082420765625
12 0.42870038906249996 0.5862783703125001 0.43533617968750005 0.596071065625 0.441175975 0.5982049453125 0.4565248484375 0.5960478015625 0.46277420156250004 0.5909773671874999 0.46601801875 0.5744335390625 0.4607558046875 0.49021166406249994 0.45773336562500005 0.4687058859375 0.45569285624999994 0.4657441390625 0.4432735046875 0.45882682812500003 0.4282745125 0.46217233281250003 0.42068919375 0.469838559375 0.4238854890625 0.5696295874999999 0.42870038906249996 0.5862783703125001
12 0.47151053125000003 0.44213755624999995 0.461574615625 0.4418839125 0.45292770000000004 0.446399246875 0.45537287031250007 0.45719340468749997 0.4656040078125 0.556408259375 0.4738327375 0.564327034375 0.47995684218749995 0.5690868171875 0.49914407812499995 0.5663902265625 0.50005665 0.5660041515625001 0.5053476781249999 0.557422834375 0.5067711515625 0.5411348390625 0.5062217671875 0.5350243781249999 0.48193898281249997 0.4480971375 0.47151053125000003 0.44213755624999995
12 0.4925502828125 0.4469925078125 0.5093663515625 0.5520058828125001 0.513859271875 0.5641622921875 0.517082325 0.5694844796874999 0.5239652015625 0.5722297562499999 0.5252813796875 0.5721840015625 0.538845334375 0.5702777125 0.5452217015625 0.5671797953125 0.54869238125 0.558854309375 0.5497491140624999 0.550853640625 0.545787225 0.5226633421875 0.5307835328125 0.438030365625 0.5235026953124999 0.4324534390625 0.5114813046875 0.428367778125 0.5013174359375 0.4330963078125 0.49176175468750005 0.4413818359375 0.4925502828125 0.4469925078125
12 0.5587939984375 0.5890149328125001 0.56475425625 0.591882140625 0.5684797500000001 0.59135855625 0.57216233125 0.58507358125 0.590802015625 0.581216409375 0.5930405453125001 0.568526465625 0.5908621359375 0.5420193890625 0.5861570890625 0.49555311875 0.5803595953125 0.45430180781249996 0.5691967140624999 0.44729909687499997 0.5534395156249999 0.44745107187500005 0.5446029140624999 0.45281808593750006 0.541189084375 0.4615480953125 0.5515328359375 0.57477250625 0.5587939984375 0.5890149328125001
7 0.5971144953125 0.4231650359375 0.59212795 0.41850320312499995 0.58630666875 0.41890881875 0.581925815625 0.4273622203125 0.5774318046875 0.4284063234375 0.5742267937500001 0.43421940625 0.5758563609375 0.4480157671875 0.5888005203125 0.52911135 0.59431623125 0.5551493984375 0.6016916390625 0.5636006124999999 0.60343545625 0.571605759375 0.60684765 0.5826765203125001 0.6100515703125 0.5900639546875001 0.6129132921875 0.6082247734374999 0.6219549078125 0.6090888015625 0.6259493796875 0.608527415625 0.6313255671875 0.6027495171874999 0.6275345421875 0.5867818609375 0.629109440625 0.5737726750000001 0.6275935765625 0.5607853546875 0.6319415640625 0.540650946875 0.6303342562500001 0.5292143546875 0.6290378125 0.5226313453125 0.6209823625 0.48292485 0.6169087109375 0.44513381562500004 0.610785678125 0.42578129843749996 0.603220578125 0.4181817703125 0.5971144953125 0.4231650359375
12 0.6790079109375 0.5994926703125001 0.6791634015625 0.5994708171875 0.688937871875 0.5972823953125 0.68960205 0.59100138125 0.6950827640624999 0.58156838125 0.702735334375 0.494250528125 0.701027075 0.4820956265625 0.6998506203125 0.4790080203125 0.69313884375 0.4708760515625 0.6836582859375 0.467258321875 0.6682621984375 0.4653073015625 0.6682030375 0.46531561562499996 0.6599937890625001 0.47058415 0.652855659375 0.5738901421875 0.655774775 0.5858552234375 0.6580308031250001 0.59090080625 0.66633551875 0.597158859375 0.6790079109375 0.5994926703125001
12 0.5492519921875 0.584629803125 0.5379314109375 0.5899334078125 0.48538792812500003 0.5969054015624999 0.479983740625 0.598077421875 0.477954028125 0.6078504390624999 0.47933705781249997 0.6220939609375 0.48369660000000003 0.6421068296875 0.49120485 0.649301840625 0.5587659125 0.6435193531250001 0.5804772265625 0.641705559375 0.590717078125 0.635316309375 0.5932967203125 0.6250534937500001 0.59328915 0.6248895515624999 0.5891617140625 0.595521315625 0.5884451890625 0.5927344296875 0.582681303125 0.5869443109375 0.5684979125 0.5872876125000001 0.5653885640625 0.5827744671875 0.5614822046875 0.5857985359375 0.5492519921875 0.584629803125
12 0.3969692265625 0.6111262625 0.3788034890625 0.6161543593750001 0.38083101875 0.6327823703125001 0.38814794375 0.6606298328125 0.39252824999999997 0.6587766859374999 0.3948342953125 0.6599427890625 0.4233078453125 0.6559410921875 0.43050897031249996 0.6538513546875 0.4354131484375 0.6542398031250001 0.4450425078125 0.6528864859375 0.4785207265625 0.645453696875 0.4802981203125 0.6404894875 0.4745804578125 0.599806203125 0.45577021875 0.602449809375 0.4517884171875 0.6005343484375001 0.44765464687499995 0.6019403359375 0.40595725156249995 0.60903805625 0.399965415625 0.6082301078125 0.3969692265625 0.6111262625
12 0.26525833906249996 0.6567596375 0.2681014703125 0.6703854437500001 0.27314486875 0.6754517984375 0.301189671875 0.6702728234374999 0.30848964218749997 0.673784503125 0.3204924453125 0.6733351546875 0.3299166953125 0.66994810625 0.35267101875 0.6667501953125 0.3805302796875 0.66036109375 0.3774629453125 0.6385358703125 0.37248981406250004 0.6206511609375001 0.36264901250000003 0.61667155 0.3165335875 0.62315265 0.273547734375 0.6188811375000001 0.2653736765625 0.637767909375 0.26525833906249996 0.6567596375
57 0.26094928125 0.6453611578125 0.2624680875 0.648566390625 0.2663424640625 0.6480218828125001 0.26597463593750004 0.63929224375 0.2739434265625 0.6204858859375 0.2729349875 0.6133104671875 0.26724723125 0.6131251828125001 0.2599658484375 0.6141485140625 0.248455034375 0.6269040578125 0.25006547343749996 0.6427656640625 0.25505201875 0.6474274984374999 0.26094928125 0.6453611578125
45 0.3327144203125 0.578355171875 0.3316351171875 0.5706755343750001 0.32668268125 0.570549109375 0.319988403125 0.580152665625 0.3185468890625 0.5853053921875 0.326667746875 0.5890523390625 0.328519009375 0.5887921609375 0.3327144203125 0.578355171875
45 0.3661177671875 0.5914918109375 0.3569925515625 0.5901273296875 0.358224703125 0.5944917859375 0.3662845796875 0.5961074 0.3667571125 0.5960409906249999 0.3661177671875 0.5914918109375
45 0.445369734375 0.5828205421875 0.4364506046875 0.5837479375 0.4361658015625 0.5883255859375 0.43975708750000003 0.5905150796874999 0.446321471875 0.5895925156249999 0.445369734375 0.5828205421875
45 0.48185909374999997 0.5516538468750001 0.48039844687500005 0.5588718203124999 0.4878881046875 0.56153181875 0.4891414296875 0.5574615703125 0.4886752453125 0.55414449375 0.48185909374999997 0.5516538468750001
45 0.535386346875 0.56092750625 0.5341229734375 0.558101984375 0.5258994343750001 0.5607867703125 0.5261305234375 0.5624310546875 0.5262248890625 0.5625842671875 0.5354372296875 0.56128955625 0.535386346875 0.56092750625
57 0.4222937375 0.3531353453125 0.4238467484375 0.352628325 0.4334433796875 0.35156836406249997 0.43758464531249996 0.3509863484375 0.43785969218750004 0.3497514078125 0.436934146875 0.3431658046875 0.4346939265625 0.339553540625 0.4289863515625 0.3407681984375 0.422520571875 0.3387893234375 0.41726726249999996 0.3498404109375 0.4155549625 0.3540824171875 0.4222937375 0.3531353453125
57 0.41138425156249997 0.3522282953125 0.41121360156250003 0.351014065625 0.4103547296875 0.34812026875 0.39664583124999997 0.3430342375 0.37717141249999997 0.3519588578125 0.37594777343749997 0.3659602671875 0.4013858734375 0.3623851765625 0.41138425156249997 0.3522282953125
57 0.3691912578125 0.38742195625 0.3783871171875 0.382597434375 0.379587240625 0.3729753796875 0.3793787859375 0.37149214375 0.3682642375 0.3501941890625 0.3593888265625 0.366291953125 0.3632563796875 0.373998628125 0.3570743125 0.38064261875 0.36556675625 0.38793134687499997 0.3691912578125 0.38742195625
57 0.6420048421875 0.3540332890625 0.624798528125 0.3866910640625 0.6275729921875 0.38897730625000004 0.6297623984375 0.3886696046875 0.6375223609375 0.380365221875 0.6422388484375 0.35569833125 0.6420048421875 0.3540332890625
57 0.670273946875 0.8919892 0.66541406875 0.87606605 0.6631952171875 0.880090490625 0.6683981203125 0.8976206281250001 0.6710137296875 0.897253028125 0.670273946875 0.8919892
38 0.6278903296875 0.6066767765625001 0.6311267515625001 0.6022154093750001 0.6304516375 0.597411721875 0.6294729968749999 0.594300734375 0.62293123125 0.593982584375 0.6110229984375 0.5973062234375 0.6123114578125 0.6086754562500001 0.6129270921875001 0.6087797234375001 0.6278903296875 0.6066767765625001