28 0.6627152281249999 0.375969778125 0.6704388796874999 0.3744466 0.676942321875 0.3701827859375 0.6819659421875001 0.3706827171875 0.6894862234375 0.3687027671875 0.69749978125 0.3651349015625 0.7039091125 0.362007625 0.7062919 0.3636833296875 0.7159368890625 0.3593891046875 0.7478062546875 0.3285067453125 0.7508428109375 0.3219826265625 0.750237790625 0.320623728125 0.747753240625 0.31895228124999997 0.7115526828125 0.327954671875 0.697928121875 0.3337470578125 0.6892785109374999 0.349365453125 0.6792918609374999 0.359284978125 0.6627152281249999 0.375969778125
6 0.7261140640625 0.49326100781250004 0.7216702546875 0.4886717015625 0.7169668328125 0.491586778125 0.720299690625 0.49502875625 0.7261140640625 0.49326100781250004
6 0.748528375 0.5011788171875 0.7488588484375 0.5019210734375 0.752895809375 0.50195721875 0.7529398656249999 0.49572097968750006 0.752499234375 0.49473130625 0.748528375 0.5011788171875
6 0.8045321375000001 0.5619247765625001 0.8018710375 0.5691322875 0.8102005 0.565423771875 0.812254678125 0.5597962921875 0.8116815734375 0.5585090765625 0.8045321375000001 0.5619247765625001
6 0.94134470625 0.7569081578125 0.940898546875 0.7603678921875 0.968827984375 0.7479329046875 0.9819999062500001 0.741289609375 0.9799954265625 0.7367874703124999 0.94134470625 0.7569081578125
6 0.9090171921874999 0.7195051734375 0.9011507468750001 0.7212804953124999 0.90390798125 0.7349205624999999 0.9042304046874999 0.735644740625 0.9108723234375 0.7326875671875 0.91006596875 0.7218607640625 0.9090171921874999 0.7195051734375
6 0.9205594125 0.7403471828125 0.9260232015625001 0.737914546875 0.9310278875 0.73500216875 0.92173721875 0.7261398359375 0.9113773625 0.7307523406249999 0.9205594125 0.7403471828125
6 0.927711875 0.7217693781250001 0.9177222437499999 0.7266275375 0.922653925 0.737704275 0.9282142578125001 0.73522865625 0.9306822640625001 0.722067096875 0.930080234375 0.7207149171875 0.927711875 0.7217693781250001
6 0.9320027578125 0.75235596875 0.9342747703125 0.7493437593750001 0.934036584375 0.748808784375 0.9186000875 0.7453757265625 0.9151522015625 0.748650840625 0.9156788406249999 0.7498336890624999 0.9190446906249999 0.7531138890625 0.92600220625 0.7550275859375 0.9320027578125 0.75235596875
6 0.9152215703125 0.67601934375 0.9100224390625 0.6778210359375 0.910150490625 0.678277134375 0.9152215703125 0.67601934375
6 0.89053780625 0.6165349609375 0.8855527984375 0.6154263015625 0.88156116875 0.61994008125 0.8796021796875 0.6268840890625 0.88802753125 0.62313288125 0.8907279875 0.616962115625 0.89053780625 0.6165349609375
6 0.8811173328124999 0.63527445625 0.876233265625 0.641827528125 0.8952016453124999 0.6399500796875001 0.8974057343749999 0.63580213125 0.8973357921874999 0.6356450390624999 0.8811173328124999 0.63527445625
6 0.8112062421875 0.5337788531250001 0.8007134921875 0.5384505265625 0.800719459375 0.53846393125 0.8080850953125 0.538999703125 0.8179588359375 0.53460363125 0.8112062421875 0.5337788531250001
57 0.48894171406250003 0.11110822499999999 0.48353407812500004 0.11378951875000001 0.48826021875 0.1149692140625 0.4948776625 0.1120229375 0.493368415625 0.1086331125 0.48894171406250003 0.11110822499999999
57 0.8481226484375 0.5416982671875 0.8538212390625001 0.5365955375 0.8536027234375 0.5334089171875 0.8502622921875 0.528602015625 0.8561517468750001 0.5239363984375001 0.8558195546875 0.5231902828125 0.8449184734375 0.524687078125 0.8344309750000001 0.5348295953125 0.8264477109374999 0.543857153125 0.818754353125 0.5508400250000001 0.8422386140624999 0.5443180078125 0.8481226484375 0.5416982671875