39 0 0.3930111890625 0.01169990625 0.3909481796875 0.11296273750000001 0.3475665140625 0.1100526015625 0.3310623125 0 0.376009171875 0 0.3930111890625
38 0.0772567140625 0.4396797 0.0923468375 0.4297304421875 0.0987889703125 0.4201504296875 0.095219725 0.3999082328125 0.08316868125 0.3926753234375 0.0618229875 0.3916297515625 0.0604188671875 0.39187733593749996 0.043804109375 0.39812891875 0.032496831250000004 0.4164845515625 0.0356816578125 0.43079739375 0.051991495312500004 0.44081268749999997 0.07587915625 0.43992260156249996 0.0772567140625 0.4396797
39 0.1359118078125 0.47153097656250004 0.1507744609375 0.447094484375 0.15166534375000001 0.44108679687499996 0.14977419218750002 0.43036154375 0.1384160984375 0.42889565 0.1363900609375 0.4292528953125 0.11436127656249999 0.45054022812500005 0.0912751484375 0.488326271875 0.0959350890625 0.4903307375 0.0978446328125 0.489994034375 0.11458425000000001 0.4742999734375 0.1359118078125 0.47153097656250004
42 0.2456416671875 0.5151509875 0.24429038125 0.5097369828125 0.010430221875 0.5579066671875 0.0112200546875 0.56238603125 0.1546746390625 0.5370911171875 0.246287078125 0.5188113000000001 0.2456416671875 0.5151509875
57 0.2055184640625 0.32171870468749997 0.21340854999999997 0.3327228140625 0.244593215625 0.3324301609375 0.2614234265625 0.329462540625 0.27521340156249996 0.32331239218749996 0.2747999203125 0.31346902499999996 0.24992745312500003 0.314879828125 0.22552655625 0.3152158546875 0.1953553015625 0.3165693515625 0.2055184640625 0.32171870468749997
6 0.3664510171875 0.46245239531250004 0.3592711421875 0.43747993125000006 0.3443010328125 0.43581245312499994 0.34472464375 0.4382148734375 0.35700383593749996 0.4696118 0.36730968124999996 0.46732212031250003 0.3664510171875 0.46245239531250004
43 0.8941963312500001 0.4793302078125 0.851784046875 0.43375656406249996 0.8407520671875 0.43867668281250005 0.846549121875 0.449058221875 0.86946674375 0.4703037296875 0.8953252875000001 0.4969804390625 0.89356095 0.5057203734375 0.8990560109375 0.5181384171875 0.920108271875 0.528804934375 0.925844296875 0.5296280296875 0.9327962031249999 0.528402221875 0.9373027328125 0.5235915078125 0.936956309375 0.5216268375 0.9242676359375 0.5186510656250001 0.9231282140625 0.5084398875 0.92497734375 0.500180815625 0.9166528453125 0.4942114421875 0.90387745625 0.49299339218749993 0.8941963312500001 0.4793302078125
43 0.6447702640624999 0.6809988828125 0.643639346875 0.68068313125 0.643307840625 0.6833125609375 0.64179995 0.682891559375 0.638121159375 0.6873084140625 0.6403829937500001 0.687939915625 0.6389205718750001 0.69025359375 0.6362817625 0.689516840625 0.590296871875 0.7447275265625 0.5909596406250001 0.74704015 0.5884574765624999 0.7469359546875001 0.5878691640625 0.7491964796875 0.5866180828124999 0.74914438125 0.5847786859374999 0.7513528093749999 0.597972725 0.755036575 0.5891981859375 0.7689186421875001 0.5897316953125 0.7744437921875 0.5832715984375 0.7746738890625 0.576544746875 0.7721414125 0.577282128125 0.7773945125 0.5744218875 0.7825972765625 0.56627586875 0.7813892984375 0.5598509234375 0.785442984375 0.560004315625 0.786312915625 0.5619910265625 0.7921106890625 0.57900365 0.7891109046875 0.578494896875 0.7832012640625 0.57765081875 0.7800210640625 0.586635025 0.775940128125 0.5899984500000001 0.7772063671875 0.599435146875 0.752722896875 0.61844665 0.7226450843750001 0.6164315640625 0.7209100328125 0.6199090703125 0.7203314062499999 0.6183606609375001 0.7187282875000001 0.62137149375 0.7180177296875 0.6202897593750001 0.716546540625 0.6228339171874999 0.7157040515624999 0.6222188546874999 0.7143647953125 0.6242963406250001 0.7133903734375 0.6241479515624999 0.7121830499999999 0.6257587640625 0.71107669375 0.6260770499999999 0.7100013046875 0.628683609375 0.7064493390625 0.6299352421875 0.7056378125 0.6301460328124999 0.7041356609375 0.631864340625 0.703456065625 0.6316084562500001 0.701821984375 0.6337934375 0.70127431875 0.6330708796875 0.69950830625 0.6357225328125 0.6990925734375 0.6345333015625 0.697194628125 0.63765163125 0.6969108281249999 0.635995725 0.69488095 0.6374581484374999 0.6925672734375 0.639580728125 0.6947290828125 0.6510450765625 0.681763278125 0.6507557562499999 0.6801224640625 0.6491575328125 0.67405785 0.6476951109375 0.676371528125 0.6473181359375 0.6762662765624999 0.6462326859374999 0.6786852046875 0.64547874375 0.678474703125 0.6447702640624999 0.6809988828125
33 0.9885185875 0.6082199921875 0.9745189859375 0.5963099 0.9722668406249999 0.587286553125 0.962236096875 0.5791389671875 0.9466103406249999 0.5992476921875001 0.9296174953125 0.6191016578124999 0.915776490625 0.6289794078125001 0.876370578125 0.6508021453125 0.8640562953125001 0.6559483687500001 0.8678892484375 0.665188790625 0.8957258828124999 0.6602804421874999 0.908200453125 0.65510595625 0.9102400890625001 0.6329305062499999 0.9130082890625 0.6309549578125 0.9135444140625 0.6331742203124999 0.9598049828124999 0.6365862234375 0.9885185875 0.6082199921875
10 0.6135648 0.4663901640625 0.64095545625 0.4973582078125 0.643997509375 0.4968218109375 0.6626247765625 0.48649073437499996 0.66181183125 0.48188029375 0.6550967265625001 0.46947905468749995 0.6452727234375 0.466253153125 0.631575115625 0.45230655625000005 0.6275853296875 0.46342215312499996 0.617846115625 0.46067711562499997 0.6135648 0.4663901640625
42 0.636940290625 0.5646539796875001 0.642941203125 0.5668186453125 0.65181045625 0.5652547578125 0.6522575546875 0.5642197109375 0.6534269234375001 0.5644243359375001 0.6539152734375 0.5618379078125 0.655669328125 0.562144846875 0.65557299375 0.5594561062500001 0.6579117328125 0.5598653578125 0.6601541375 0.55758586875 0.6572307125 0.5570743031250001 0.6570649234375 0.556312596875 0.6588884328125 0.554692503125 0.660546153125 0.5523107015625001 0.6819741968749999 0.538863990625 0.8347470046875 0.409869165625 0.8345636109375001 0.40882909375 0.8251449734375 0.40602753125 0.6721501921875 0.535638090625 0.662203871875 0.5499289 0.6539757093749999 0.555039325 0.6508864953125 0.553766053125 0.636940290625 0.5646539796875001
33 0.7506539625 0.31987122343749996 0.7173014609374999 0.3170550109375 0.744990546875 0.34415266718750004 0.7476550296875 0.343682846875 0.7511558109375 0.34033858906250003 0.7514460749999999 0.324363515625 0.7506539625 0.31987122343749996
39 0.8683836671874999 0.33778442656249996 0.8679466765624999 0.3353061328125 0.829183875 0.3265801359375 0.818252915625 0.35081917812499996 0.8207080437500001 0.35224557500000003 0.8194462437500001 0.35308783125 0.823163175 0.35367197031250003 0.8206395703125 0.355356484375 0.8242195499999999 0.36216244375 0.834864746875 0.3587979671875 0.8354388187499999 0.3608039515625 0.8477144624999999 0.3679359328125 0.9219453015625 0.38593455625 0.9223655531249999 0.3858604546875 0.9291228890625 0.36922435625 0.9288377515624999 0.367607259375 0.9080198078124999 0.361268984375 0.8954720875 0.3500945140625 0.88388374375 0.355608546875 0.8722794359374999 0.35728283906249997 0.871176909375 0.33603329843749996 0.8683836671874999 0.33778442656249996
33 0.6834361921875 0.4534253953125 0.690332621875 0.45691959843749996 0.6924553515625 0.4565453046875 0.7005392328125 0.42257385625 0.700042509375 0.41975679843749997 0.6910022828125 0.421350834375 0.671004653125 0.42041463281249997 0.667788434375 0.4284189453125 0.6751326234375 0.43257791718750005 0.6725947171875 0.4444291359375 0.6834361921875 0.4534253953125
39 0.7851668234375 0.5227011828125 0.7796358 0.5236764515625 0.7701470718750001 0.560254859375 0.7744340000000001 0.559498959375 0.7849085734375 0.5559166609374999 0.7899937312499999 0.5339800515625 0.787967915625 0.5224910890625 0.7851668234375 0.5227011828125
42 0.8740299531250001 0.9385885249999999 0.8691460984375 0.9108908078125 0.8634719140625 0.9118913187500001 0.8683557687500001 0.9395890375 0.8740299531250001 0.9385885249999999
42 0.784711775 0.9377444968749999 0.8025157796875 0.9427365156249999 0.8031225093750001 0.9438029578125 0.801901184375 0.9462494734375 0.8088592609375 0.94714749375 0.8084504484374999 0.944400521875 0.8114177828125 0.945232525 0.8123382984375 0.9475965015625001 0.8143851156249999 0.9460645281250001 0.8158173375000001 0.9480455125 0.8173524499999999 0.94689653125 0.8192963750000001 0.9484945218749999 0.8203197843750001 0.9477285359375 0.8227754140625001 0.94894353125 0.82328711875 0.9485605375 0.824517478125 0.948905515625 0.8342934640624999 0.9471817453125 0.8340596874999999 0.9458559359375001 0.8076720109375 0.9418603875 0.8054831124999999 0.94356851875 0.8043438359374999 0.9413564437499999 0.7612380765625 0.9330911109375 0.75904979375 0.9394267296875001 0.784711775 0.9377444968749999
42 0.380286021875 0.44668875625000004 0.3796323953125 0.44685199062500003 0.37784171875 0.44583523437499994 0.3773122296875 0.4479648328125 0.3761945703125 0.4483506359375 0.3750273171875 0.4472921296875 0.37433843906250003 0.4492409109375 0.37275674531249997 0.44984928281250003 0.3722129171875 0.44874902343749995 0.371364646875 0.4505169875 0.36939851562500003 0.45020591718749997 0.36931892187500004 0.451347928125 0.36839085625 0.451793065625 0.3665841140625 0.45166281093749994 0.36588109687500003 0.452846575 0.3637697125 0.45311970468749996 0.36244327187500003 0.45434522031249996 0.3609553109375 0.45457660000000005 0.34688330624999997 0.46186106875000005 0.34751675937500004 0.46342274687499996 0.3440689046875 0.46331796406250003 0.3443192640625 0.4648679984375 0.341254503125 0.46477485781250005 0.3411217671875 0.4663132484375 0.3384401015625 0.4662317515625 0.3379242703125 0.4677585015625 0.3356257015625 0.467688646875 0.334726775 0.46920375156249994 0.3328113015625 0.4691455390625 0.3315292796875 0.47064900468750004 0.3299968984375 0.47060243437500004 0.3283317828125 0.47209425468750005 0.32718249843749997 0.472059328125 0.3251342875 0.47353950781250004 0.324368096875 0.47351622187500003 0.3215536953125 0.474973115625 0.31873929375 0.476430009375 0.3200959203125 0.4841238203125 0.3216405109375 0.4838514671875 0.3522963453125 0.468033928125 0.3687595265625 0.4601728875 0.3801782921875 0.45369712656249994 0.3799053421875 0.45027455781250003 0.3862336046875 0.44413660000000005 0.45463081406250005 0.41478682187500004 0.4923837984375 0.39381982187500003 0.49221946875 0.3928878640625 0.4902646640625 0.3881752484375 0.45383055 0.4064990953125 0.38347052187499997 0.44292144687499996 0.3832598140625 0.44541267968750003 0.38065611875 0.44437834218749994 0.380286021875 0.44668875625000004
54 0.0914061984375 0.23112455937499998 0.092746590625 0.219980309375 0.0799445015625 0.20736325 0.067227203125 0.195227053125 0.0523750140625 0.21222449375000002 0.044002890625 0.209734215625 0.0407704375 0.1989004671875 0.0428843984375 0.1846449328125 0.0319581359375 0.1751678109375 0.015352073437499999 0.193466134375 0.01066304375 0.2156129296875 0.0154588640625 0.23906217187499998 0.0190838671875 0.27461739218750003 0.0347525546875 0.2847457375 0.0494990234375 0.28214553750000004 0.0556728015625 0.2879983265625 0.06163495625 0.2869470375 0.0710809484375 0.2808191296875 0.10448935 0.25658321875 0.12090490625000001 0.252201271875 0.14727688125 0.24804699375 0.161806596875 0.228658334375 0.16111376718749998 0.22472910625 0.1488077828125 0.2229863671875 0.13034682343749998 0.22326664843750002 0.12140787187499999 0.2288093375 0.10173893593750001 0.23723563906249998 0.0873792484375 0.23828019843749998 0.0914061984375 0.23112455937499998
39 0.3105069671875 0.350259125 0.327241909375 0.354348859375 0.3310897578125 0.3536703796875 0.3366704125 0.338548584375 0.33659192187500003 0.3381034421875 0.31553515 0.33003578437500003 0.3041907109375 0.344431459375 0.28891170625 0.34663594375 0.28896151875 0.3469184515625 0.295204134375 0.35345324218749996 0.3105069671875 0.350259125
6 0.3668296203125 0.66255729375 0.3651556375 0.6570514421875 0.364362940625 0.6571912156249999 0.33782489843749997 0.669026834375 0.337873475 0.669302328125 0.34713133125 0.672922446875 0.355334775 0.6714759578125 0.367683803125 0.667401603125 0.3668296203125 0.66255729375
6 0.396307375 0.6377749265625 0.38348435625 0.6400359718749999 0.3919470390625 0.6692842265625 0.4053521046875 0.6650752625 0.40434495625 0.659363440625 0.396307375 0.6377749265625
6 0.181508465625 0.8172913718749999 0.166838225 0.8158248531250001 0.1565484171875 0.83995084375 0.1663543046875 0.8412462640625 0.1699950203125 0.8406043078125001 0.1818824015625 0.819412065625 0.181508465625 0.8172913718749999
6 0.8971650140625 0.772857371875 0.8859858015625001 0.7720685390625001 0.8789434187499999 0.795490675 0.8789698203125 0.795640403125 0.8891125359375 0.797299528125 0.8974552765625001 0.774503528125 0.8971650140625 0.772857371875
6 0.4761622484375 0.6247851484375 0.4760249484375 0.624809359375 0.4643105671875 0.6481453312500001 0.47020113124999996 0.6528085234375001 0.470675784375 0.6527248296875 0.4880165359375 0.6299961296875 0.487653778125 0.62793883125 0.4761622484375 0.6247851484375
6 0.6659157453125 0.3838780046875 0.6670912640625 0.400726721875 0.67836098125 0.3987395671875 0.678823553125 0.3820978234375 0.6659157453125 0.3838780046875
6 0.7704810546874999 0.36663027187499997 0.7758422265625 0.364866859375 0.755977015625 0.3609324265625 0.7436360343749999 0.3546796390625 0.73819436875 0.3650596140625 0.7556131234375 0.3692518890625 0.7704810546874999 0.36663027187499997