7 0.46962434062499997 0.663345278125 0.4491265203125 0.6381765609375 0.4220026359375 0.61931170625 0.40464994687500005 0.6229768515624999 0.392017371875 0.6293665671875 0.38231342343749997 0.6443405609374999 0.38903406875 0.6572878921875 0.3979119765625 0.6673706796875 0.4271831890625 0.6945809484375001 0.432846346875 0.704001259375 0.482160034375 0.7536780609375 0.5023343687499999 0.765933028125 0.5211426671875 0.7700814453125 0.5248774640625 0.7760288562500001 0.533781475 0.7831882265625 0.5364901328125 0.7840163453125 0.5475026625 0.7816645890625 0.5547094078125 0.775312665625 0.5587831265625 0.7619881296875 0.549761896875 0.7519200374999999 0.545758378125 0.746851584375 0.537126778125 0.7233885078125 0.5210878218749999 0.705990428125 0.4848994078125 0.6734616453125 0.46962434062499997 0.663345278125
38 0.3657361296875 0.7231615859375 0.375756096875 0.7169342296875 0.3868907765625 0.712649534375 0.391031959375 0.71212434375 0.3911067109375 0.7118798390625 0.38330278125 0.7048247765625 0.3706627375 0.70704738125 0.3601376765625 0.716324025 0.3560993421875 0.7253412640625 0.36262589375 0.73054034375 0.3657361296875 0.7231615859375
6 0.438944159375 0.7638353515625 0.42993605468749996 0.743270028125 0.42910882656249993 0.74301711875 0.41985147031250003 0.74612135625 0.419799025 0.74629289375 0.4294779609375 0.767638375 0.43028905 0.76788635 0.43862690468750004 0.76487304375 0.438944159375 0.7638353515625
6 0.44527212031249996 0.7564806078124999 0.4423310984375 0.774483353125 0.45137321406249997 0.775645946875 0.454257009375 0.759227565625 0.44527212031249996 0.7564806078124999
54 0.6798093765625 0.36005136718749997 0.6825936625 0.355135925 0.68060060625 0.349080275 0.6626631734374999 0.3448777375 0.6598888203125 0.338583221875 0.652548625 0.3318539 0.6469974578125 0.3346419359375 0.64274015625 0.338786659375 0.6381593718749999 0.330017634375 0.6313541578125 0.336907465625 0.6295303171875 0.3414758015625 0.632491290625 0.35135145625 0.63449181875 0.36157421875 0.6282165828124999 0.362539028125 0.6155765390625 0.36476163125 0.616193625 0.37392068749999996 0.607883053125 0.3787484296875 0.6081884703125 0.37949055781249996 0.617608846875 0.38237065625 0.6256587390624999 0.37649409375 0.6313965234375 0.377287196875 0.6316801890625 0.3847424609375 0.6415638078125 0.389694421875 0.6438951421875 0.39040718281250003 0.6529219515625 0.389314490625 0.6643328265624999 0.3883179484375 0.6654077234375 0.384802121875 0.6784707625 0.38399032499999997 0.685935346875 0.37634097031249997 0.6798093765625 0.36005136718749997
12 0.6069583125 0.22857201093750001 0.6172640515625 0.2335809453125 0.6280285578125 0.236871984375 0.6419946515625 0.23832258125 0.6637912625 0.2340938515625 0.668403815625 0.22707560937500001 0.672447615625 0.21384893593749998 0.627689878125 0.166350840625 0.6164506796875 0.1625943 0.6030614203125 0.15734745625 0.6011137734374999 0.1567520015625 0.5854750859375 0.1563278234375 0.575960221875 0.1595058921875 0.5725812609375 0.1677636046875 0.5671993078125 0.1811756265625 0.5730416140625 0.190009965625 0.6069583125 0.22857201093750001
45 0.6699920921875 0.1898152421875 0.6701919484375 0.1891615453125 0.66901548125 0.185681103125 0.6636666203125 0.1840457921875 0.6482540859375 0.1810156578125 0.6478281453125 0.1821468796875 0.6463669546874999 0.1869262203125 0.657341703125 0.1902815390625 0.6661417640625 0.1909696671875 0.6699920921875 0.1898152421875
6 0.6594871765625 0.0745369890625 0.6622396562499999 0.06553403437500001 0.6620345046875 0.065017453125 0.6576801578125 0.0652880515625 0.6491083296875 0.075161859375 0.6525450390625 0.0777103015625 0.6565047859375001 0.0789209171875 0.6594871765625 0.0745369890625
6 0.7226847796875 0.06556324687500001 0.7040911984375 0.0547046234375 0.7011924625 0.06278878593750001 0.7060540046875 0.064659553125 0.72151583125 0.0693867078125 0.7226847796875 0.06556324687500001
6 0.6831773343750001 0.24288429687500002 0.6641536671875 0.2326989046875 0.6590006203125001 0.23977348437499998 0.6735536453125001 0.24752261406249998 0.6782010281249999 0.2489434609375 0.6822275828125 0.245990796875 0.6831773343750001 0.24288429687500002
6 0.654896634375 0.20712491718749998 0.6549716625 0.20687950625 0.6393281984375 0.19609938124999998 0.63093798125 0.19001015000000002 0.6257774640625 0.19291761875 0.6437462140625 0.20736559375 0.6485914640625 0.20884693593749998 0.654896634375 0.20712491718749998
57 0.72779625625 0.12366350156249999 0.6934290546875 0.11315639375 0.6929126 0.1148456390625 0.6910032921875 0.12541382343750002 0.723588778125 0.13537620625 0.7268551624999999 0.12674168125000002 0.72779625625 0.12366350156249999
6 0.6931083265625 0.144096425 0.6932673734375 0.14571274375 0.709009721875 0.1505256625 0.7177509578125 0.15117597031250002 0.720083240625 0.143547415625 0.6931083265625 0.144096425