57 0.2286275046875 0.159929115625 0.253010334375 0.1570284171875 0.25429750625 0.13862098437499998 0.254323153125 0.1340543578125 0.20239400000000002 0.1486967984375 0.20127110781250002 0.1577551171875 0.2122596140625 0.1546077203125 0.2209314515625 0.15939095625 0.2286275046875 0.159929115625
11 0.5877111359375 0.23672710000000002 0.5912771171875 0.234496459375 0.5928223640625 0.225348021875 0.5933048375000001 0.21844832812499998 0.5908728390625 0.21227871875 0.5635502812500001 0.21102077187499999 0.5619857109375 0.2193955734375 0.5642724609374999 0.22869232031250003 0.5817280234375 0.2363087203125 0.5877111359375 0.23672710000000002
7 0.28639634687500004 0.5083623203125 0.285212978125 0.5252852828125001 0.29217828749999997 0.5371561 0.3053962125 0.5380803875 0.31252067656250004 0.5365554203125 0.323950859375 0.534091540625 0.3451228796875 0.532308875 0.359871878125 0.53138233125 0.3749512421875 0.5187315234375001 0.3798651296875 0.5156577203125 0.3801159828125 0.5120703640625 0.3789183234375 0.5039984046875 0.37209903906249997 0.503521553125 0.356797053125 0.4913568 0.315687215625 0.4982715921875 0.2881830015625 0.49961146718749994 0.28639634687500004 0.5083623203125
57 0.083180459375 0.109034265625 0.0918608421875 0.1096412578125 0.0925029515625 0.10045867500000001 0.0915835921875 0.09715660937500001 0.09215349687499999 0.07500699375 0.0725540625 0.089299621875 0.07745792812499999 0.096168846875 0.083180459375 0.109034265625
7 0.4266702390625 0.47209544687499994 0.43678785624999994 0.46040294218750005 0.43443521093750004 0.438048959375 0.41739946406249995 0.4296787578125 0.40978765156249997 0.42653596250000003 0.40289614843750005 0.42429195625 0.40170764375 0.42420884843750006 0.39508406875 0.4268130515625 0.3949228921875 0.443117565625 0.391839165625 0.4592177171875 0.4088431734375 0.4716972765625 0.415529871875 0.47216485625000004 0.4266702390625 0.47209544687499994
11 0.3928319609375 0.456219771875 0.39813654062500003 0.43635913125 0.4124428640625 0.43056345625 0.412503415625 0.429697515625 0.4062603765625 0.4251798390625 0.3936289375 0.43082287499999994 0.372510346875 0.45284085156250004 0.391107428125 0.4688907578125 0.4014888390625 0.469616696875 0.3928319609375 0.456219771875
57 0.5434951015625 0.61268355625 0.5430201234375 0.6126503421875 0.5372583921875 0.64651059375 0.5656866484374999 0.6533932265625 0.5676393609375 0.6535297734375 0.5701175890625 0.639638859375 0.570409034375 0.6354709781250001 0.5434951015625 0.61268355625
7 0.9040741062500001 0.6300008578125 0.891021471875 0.6486670718750001 0.8904186187500001 0.6642880703125 0.896011715625 0.6823002265625 0.8985273828125001 0.6818235078125 0.8993305296875 0.6838375640625001 0.901043046875 0.6813467875 0.9035587125 0.6808700703125 0.9027662624999999 0.6847957078125 0.903766246875 0.6848656328125 0.9053795515624999 0.6841300265625 0.9060743796875 0.68039335 0.90859004375 0.67991663125 0.9081097578125 0.6828851515625 0.910839965625 0.6816402765625 0.911105709375 0.6794399125 0.9135701734375001 0.680395403125 0.9136213765625 0.67896319375 0.9161370421875 0.6784864749999999 0.9163003812499999 0.679150528125 0.9186527078125 0.67800975625 0.957591875 0.6696379125 0.9819918796874999 0.670691496875 0.9888761703125001 0.6541392109374999 0.99039528125 0.632414915625 0.9908013828125 0.6217075265625 0.9779170468749999 0.6148676203125001 0.9741281687500001 0.614602675 0.9375267171875 0.6205927250000001 0.9268561109375 0.6191939328125 0.929497596875 0.6514169125 0.9171074062500001 0.6516099734374999 0.9177126765624999 0.630954559375 0.9040741062500001 0.6300008578125
43 0.406774071875 0.5526964328124999 0.40558795468750003 0.55565910625 0.4123012140625 0.5627853843749999 0.41741567812499997 0.563143021875 0.418488021875 0.5625073640625 0.41854013593749995 0.5632216515625 0.419267546875 0.5632725171875 0.42098907968750005 0.5617395671875001 0.42111032187499997 0.5634013765625 0.421447190625 0.5634249328125 0.4234901375 0.5609717671875 0.423680509375 0.5635811015625001 0.42496560156249996 0.5636709640625 0.4262411234375 0.56362963125 0.4259911953125 0.56020396875 0.4309933109375 0.5586683703124999 0.43841841875 0.5644811515625 0.46374719375 0.5662523109375 0.4641575265625 0.5645841640625 0.46462626250000005 0.557880928125 0.4359954265625 0.557132771875 0.43349436875 0.5579005718750001 0.401638978125 0.551467178125 0.40361346718749996 0.5535631421875 0.4042065265625 0.55208180625 0.406774071875 0.5526964328124999
57 0.5471205109375 0.1109982265625 0.547847140625 0.10060693437499998 0.5233108921875 0.10150171875 0.50605471875 0.1088445203125 0.5384084453125 0.11110691406249999 0.5471205109375 0.1109982265625
57 0.864061465625 0.33749980156250003 0.8840625390625 0.3358963078125 0.8864700375 0.326666765625 0.8865530796875 0.3254791890625 0.8738255953125 0.314296265625 0.8678567171875 0.3086578296875 0.8406579375 0.3126295890625 0.8502840125000001 0.3289658640625 0.8571460140625 0.33701622656249997 0.864061465625 0.33749980156250003