7 0.6373595765625 0.3938739640625 0.6345128640625 0.39671695156250003 0.6288059171875 0.4006578796875 0.6299905765625 0.40545384218749997 0.6328846140625 0.4087185171875 0.6411792937499999 0.40553448750000004 0.64791585625 0.40472615 0.6549974859375001 0.40200776562499996 0.658054675 0.39905663593749996 0.666216484375 0.39723628906249997 0.6708863515625 0.3914485890625 0.6667332703125 0.3806294421875 0.6652096750000001 0.3783701609375 0.659196421875 0.3798033140625 0.6486203171875 0.38473821875 0.6463456515625 0.38736161875 0.6421881703125 0.3876448484375 0.6373595765625 0.3938739640625
6 0.7796746875 0.36964881875 0.7793666828125 0.36884643906250003 0.7766474718749999 0.3675760421875 0.7702421296875 0.37123642968750004 0.770693371875 0.372411953125 0.772312709375 0.3737113109375 0.7755620546875 0.37246400468749996 0.7796746875 0.36964881875
29 0.25373425625 0.6214634921875 0.2531599484375 0.6199673671875 0.25053347187499997 0.6179126625 0.2442409578125 0.62032813125 0.2422726 0.6254593078124999 0.24480447968750002 0.6264126703125 0.2516575984375 0.62378200625 0.25373425625 0.6214634921875
29 0.6108152828125 0.42680003437499997 0.60903624375 0.4258202203125 0.6057706375 0.43013668281250006 0.6064383203125 0.4306898671875 0.6115545625000001 0.42872592656249997 0.6108152828125 0.42680003437499997
6 0.7563673015625 0.44845240625000005 0.754312321875 0.44309900156250004 0.7541253921875 0.4430394890625 0.7482585328125 0.44485400625000004 0.7471617671875 0.4514008453125 0.7485477390625 0.4514540546875 0.7563673015625 0.44845240625000005
57 0.9169935390624999 0.4003733625 0.910430790625 0.39840873593750004 0.9091808703125001 0.4037016859375 0.9147479984375 0.40439239374999997 0.9163421296875001 0.40378046406249996 0.9172728828125001 0.40110107968750003 0.9169935390624999 0.4003733625
27 0.693412884375 0.34709353906249996 0.6913819265625001 0.3478731515625 0.6869277640625 0.35082451875 0.690148390625 0.3592145390625 0.698532196875 0.3601913953125 0.698988534375 0.3600162234375 0.6964870624999999 0.35349966718750003 0.693412884375 0.34709353906249996
27 0.4344996265625 0.43836678906250004 0.4321492 0.4322437234375 0.42556214687500005 0.42649691718750005 0.41560619218749995 0.42862857656250003 0.41526612656250006 0.428759115625 0.4187989984375 0.4422198234375 0.4232357390625 0.440954278125 0.42541149218749996 0.4466223078125 0.42547704062499997 0.44659714531250005 0.42840444375000003 0.441595553125 0.4344996265625 0.43836678906250004
57 0.43623551406249994 0.447488346875 0.4427010703125 0.44500645156249996 0.44370998437500003 0.44274039531250003 0.4530023640625 0.4387358265625 0.44237217187500005 0.43669054531249996 0.43310007500000003 0.4433126859375 0.43485001875 0.44701653593749996 0.43623551406249994 0.447488346875
6 0.23565105156250002 0.5127315734375 0.2285555234375 0.510472584375 0.22813214999999998 0.510635103125 0.226266365625 0.5233349640625 0.2294667109375 0.529107415625 0.2403761640625 0.5301703796874999 0.2460641640625 0.5317215140625 0.2387534703125 0.5126765046874999 0.23565105156250002 0.5127315734375
6 0.15832768749999998 0.6361767046875 0.1578304875 0.640409515625 0.1647711328125 0.638724290625 0.1649367953125 0.6386606984375 0.163407259375 0.6346761203125 0.1605158796875 0.6353367359375001 0.15832768749999998 0.6361767046875
29 0.0642640796875 0.6070114421875 0.0643056859375 0.6005797625 0.0697410015625 0.5955892406250001 0.0689292890625 0.593474659375 0.06624700156249999 0.5919584921875 0.057107773437499995 0.5972169515625 0.0578667796875 0.6026138671875 0.061492778125 0.6077853625 0.0616950359375 0.60799760625 0.0642640796875 0.6070114421875
6 0.61943170625 0.48989758125 0.6226110328125001 0.4947756359375 0.622682534375 0.4947481890625 0.6270766015625 0.490962440625 0.6251621015625 0.4859749984375 0.61943170625 0.48989758125
57 0.8208806109375001 0.4464736125 0.8112904921874999 0.4457058359375 0.8071735765625 0.45122420312499995 0.8097511374999999 0.454738896875 0.8209603921875 0.4504360671875 0.8219906640625 0.44936539687500004 0.8208806109375001 0.4464736125
31 0.845628259375 0.338873453125 0.8450023953124999 0.3305512078125 0.84468748125 0.32973082656249997 0.8364552656249999 0.3256826078125 0.8096031968749999 0.338614153125 0.8096162953125001 0.338648271875 0.81551705625 0.3446590140625 0.8221101718750001 0.3479012015625 0.845628259375 0.338873453125
57 0.791731259375 0.3154593375 0.8041766562499999 0.31111955625 0.8099196781250001 0.31241275625 0.81871566875 0.30903629062500004 0.8207862984375 0.30736906875000003 0.8235237421875 0.30511770781249997 0.8227022984374999 0.302977775 0.8185836562500001 0.3007760765625 0.8128023390625 0.29511925 0.8051135109375 0.30244630625 0.7976904234375 0.30704599843749997 0.7886773078125 0.31006825312499997 0.791731259375 0.3154593375
57 0.8854344218750001 0.3137990046875 0.878299671875 0.311712125 0.8740228437500001 0.3151040828125 0.877434303125 0.31996959999999997 0.8829615359374999 0.3178478953125 0.8856855093749999 0.31445311249999996 0.8854344218750001 0.3137990046875
57 0.9033627640624999 0.351783846875 0.9019798968750001 0.34818135781250004 0.8993153640625 0.3483908578125 0.8822976640625001 0.354923340625 0.8844678406250001 0.359729334375 0.8897694156249999 0.3590069265625 0.8919294546875 0.362941690625 0.8997029890625001 0.3599577109375 0.9022148124999999 0.3546671453125 0.9033627640624999 0.351783846875
57 0.6516753828125 0.3588424796875 0.6477848749999999 0.362727896875 0.6397762203124999 0.36580213125 0.6411589625 0.3688256046875 0.6523008140625 0.3645486484375 0.6534320890624999 0.3634188546875 0.6516753828125 0.3588424796875
4 0.5080388203124999 0.4670183578125 0.5101684750000001 0.4693180625 0.51583903125 0.467141340625 0.5146680296875 0.4640907796875 0.5080388203124999 0.4670183578125
57 0.46073774375000004 0.44563071875000004 0.4610122296875 0.44634577656249996 0.46708665 0.444014025 0.4618268671875 0.44179968281250004 0.46073774375000004 0.44563071875000004