20 0.220544065625 0.5957654703124999 0.21977457031249997 0.604740334375 0.23281802499999998 0.6298901078125 0.240098553125 0.6341027796875001 0.24631062187500002 0.6293085046875 0.2494042609375 0.621477315625 0.24943850625000002 0.6195154031250001 0.23714269687499998 0.592786728125 0.23167873437500003 0.5898314421874999 0.2209290453125 0.57371000625 0.214256825 0.5759010124999999 0.21423422812499998 0.577195571875 0.220544065625 0.5957654703124999
57 0.2323100875 0.356243771875 0.23840469375 0.356350153125 0.2384220703125 0.35535459999999996 0.2382739328125 0.3524308125 0.2316417015625 0.3461866609375 0.22183214375000002 0.34642399375 0.22535121249999998 0.3554737171875 0.2323100875 0.356243771875
7 0.433563165625 0.3668788625 0.433604609375 0.3645045578125 0.43181267031250004 0.3631528921875 0.42575744374999996 0.35896160625 0.4097332234375 0.3577779671875 0.40396377031249997 0.35767726093749996 0.40235547968749996 0.3654986265625 0.4065656203125 0.3700662640625 0.42434308125 0.372097625 0.427979096875 0.3721610921875 0.43203344374999997 0.36805945156250003 0.433563165625 0.3668788625
11 0.3722131234375 0.41719143125 0.379685909375 0.427944403125 0.38696643750000004 0.43215707343750004 0.3974058453125 0.4356996921875 0.4024810703125 0.4357882796875 0.40422762656250005 0.42632998437499997 0.40133547031249994 0.41647408593749996 0.3970255203125 0.4176245328125 0.38661756875000003 0.4170343015625 0.377214146875 0.4115588984375 0.3722131234375 0.41719143125
7 0.9160805875 0.477526528125 0.90746355625 0.46737483593749996 0.902256015625 0.4672839390625 0.8991445375 0.46633590625 0.8977341578125 0.46631128750000006 0.8951677453125001 0.469611565625 0.8959583953125 0.4769794296875 0.9070808765624999 0.4899155046875 0.9134907703125 0.490027390625 0.9159083515625 0.487393921875 0.9160805875 0.477526528125
38 0.90153365625 0.48409119375 0.8978862609375 0.48239328906249995 0.8959770140625001 0.486445553125 0.8981952609375 0.48819766875 0.9005688062500001 0.4882390984375 0.90153365625 0.48409119375
7 0.8878226093749999 0.5864691078125001 0.9079219109375 0.5868199421875 0.9080245984375 0.5809370453125 0.8952268203125 0.5728721125 0.88429176875 0.567369975 0.8586102984374999 0.5640617906250001 0.8599494390625001 0.5751162578125 0.8878226093749999 0.5864691078125001
57 0.43851232500000004 0.57048583125 0.440884278125 0.5925894171875 0.44337556874999995 0.6068405390625 0.44815585625 0.6069239796875 0.470134953125 0.5845202515625 0.4665588515625 0.5787380046874999 0.45829518125 0.5781852015625 0.44755951875 0.578814928125 0.45013845 0.5715058828124999 0.43851232500000004 0.57048583125
39 0.45292347499999996 0.8516982640625 0.4522749453125 0.871297775 0.44931126250000003 0.8830942515625001 0.42747611250000006 0.9227518968749999 0.41654772500000004 0.9519773859375 0.4047573953125 0.9779193578125 0.40856853125 0.9877912984374999 0.4011026390625 0.9941979234374999 0.407269753125 0.9968948140625 0.411681290625 0.9969718171874999 0.42379237812500004 0.9758002609374999 0.4348417265625 0.9571994187499999 0.44592649218749997 0.95412443125 0.46430604531249997 0.954445246875 0.4740942171875 0.95543321875 0.4882422421875 0.9524117000000001 0.51038325625 0.947895465625 0.5285349046875 0.9437181546875 0.5451691828125 0.938697240625 0.54900906875 0.9293674109375001 0.5504437828125 0.9226580375 0.5506933328125 0.90836129375 0.5334439453125001 0.8906911781250001 0.5207351015625 0.8814810468750001 0.5123076906249999 0.8727542078124999 0.49050888125 0.8576655859375 0.4840546484375 0.8587786046874999 0.45292347499999996 0.8516982640625
57 0.5281619171874999 0.8285746265625 0.521738765625 0.8816875265625 0.5408171734375 0.8820205421875 0.5574460765625 0.87961374375 0.5574974515625 0.8766704125 0.5281619171874999 0.8285746265625
57 0.0435403984375 0.856150425 0.053146118750000006 0.85300713125 0.053192209375 0.8503665625 0.0381649640625 0.82651778125 0.034410631250000004 0.8309464 0.0323516671875 0.8435757875000001 0.036818229687499995 0.8510078125 0.03861444375 0.8560644421875001 0.0435403984375 0.856150425
57 0.3348630359375 0.3810658375 0.3326691734375 0.375530384375 0.31024322187500003 0.37881597031249997 0.3256182640625 0.3813135421875 0.33485589843749997 0.3814747859375 0.3348630359375 0.3810658375