7 0.60240795 0.43778106250000004 0.5831903625 0.44655386718749995 0.580918840625 0.4507859859375 0.563613471875 0.4603405078125 0.5475413671875 0.47216755781249997 0.547752215625 0.472954459375 0.5592349296875 0.479275190625 0.5620185249999999 0.47852932968750006 0.5989580359375 0.46303445468750004 0.6190934171875 0.45556864375000006 0.6253426359375001 0.449235428125 0.6457249093749999 0.444809290625 0.705597628125 0.41004162187500004 0.705276615625 0.408843590625 0.6967420062499999 0.4000810140625 0.6813029296875001 0.39541805625 0.6728418234375 0.39561465 0.6512352328125 0.4060628609375 0.6105285359375 0.4278405875 0.60240795 0.43778106250000004
7 0.4688763234375 0.498601496875 0.44449249843749994 0.509276228125 0.444844946875 0.5169463609375 0.468598721875 0.512393290625 0.48824539062500005 0.509458353125 0.5081389515625 0.5095630890625 0.5476502546875001 0.5002701625 0.5544921031250001 0.49995745625000004 0.60325074375 0.4868926171875 0.5978213203125 0.4666297359375 0.5895642718749999 0.4639338875 0.5193501484375 0.4793830578125 0.5021094828125 0.48917906093749997 0.484904596875 0.4927538203125 0.4688763234375 0.498601496875
38 0.7117136078125 0.42682973593750007 0.7113257515625 0.42538223437499995 0.6918660890624999 0.42864439374999996 0.682480334375 0.44021796562500004 0.6905759312499999 0.4408472375 0.705061909375 0.43696573125000004 0.7084937046875 0.43350652343749996 0.7117136078125 0.42682973593750007
28 0.4476190921875 0.4897711359375 0.475227059375 0.4823736046875 0.4693874546875 0.460579903125 0.4752677109375 0.455994134375 0.47478540156250004 0.454194128125 0.469588421875 0.4486203765625 0.4373854671875 0.45129629531250004 0.4209978890625 0.462157809375 0.4322583 0.480881390625 0.43537605468749996 0.49039875312500003 0.4476190921875 0.4897711359375
57 0.308892 0.5547498203125001 0.3129394765625 0.563500425 0.321943371875 0.5671215578125001 0.33958567500000003 0.5623943171875 0.3440186 0.56086681875 0.346160709375 0.5561517375 0.36204764843750004 0.5518948453125 0.3628428859375 0.5400349046875 0.3523640046875 0.5348193218749999 0.33918959375 0.5386082140624999 0.33283481875 0.5403109703125 0.3286868625 0.5375401265625 0.3332826796875 0.53139111875 0.3406080265625 0.533310584375 0.372899540625 0.5267286515625 0.3810410703125 0.5208910343750001 0.3800520140625 0.517199828125 0.372906396875 0.5140446812499999 0.3622861765625 0.510419884375 0.33725530625 0.5186797999999999 0.32172081874999997 0.530606825 0.31511229531249996 0.541953878125 0.308892 0.5547498203125001
57 0.22706020312500003 0.8326647953125 0.212244321875 0.8345641468749999 0.206277775 0.8377157921875 0.20585376718749998 0.8424881484375 0.1940262296875 0.8534218984375 0.176538671875 0.8601782281249999 0.1696424046875 0.8640966296875 0.1595687515625 0.8688664078125001 0.144211378125 0.8729814046875 0.110036571875 0.8852443453125 0.10477575624999999 0.8904472921875 0.104800540625 0.8905397890625 0.11596733906250001 0.8883139437500001 0.122156925 0.8923494671875 0.14695790312499998 0.8895863515625001 0.169005503125 0.8829022578125001 0.182326321875 0.888132803125 0.2002668125 0.88306684375 0.20533434687500002 0.8638504875 0.2163734984375 0.8520927078125 0.236791553125 0.8414453265624999 0.24489335781250002 0.8462625687499999 0.239796896875 0.8590161984375 0.2267688953125 0.8718245265625001 0.2003842953125 0.8856235546875 0.175676946875 0.895090878125 0.1699572921875 0.9012821984375 0.17562924062500002 0.9033858703125001 0.1941401484375 0.9025669921875 0.20962693125 0.8989349593749999 0.22392070312499998 0.8958814125 0.26785147343750004 0.8841101968749999 0.2882814046875 0.8568923671875 0.2881461015625 0.8563874078125 0.2806789265625 0.852720634375 0.25935678906250004 0.836693084375 0.24095829218749998 0.8294584515625001 0.24648383125 0.8225426875 0.2297318796875 0.8278078171875001 0.22706020312500003 0.8326647953125
47 0.8630203906249999 0.794516309375 0.9229560890625 0.787838778125 0.9263155140625001 0.786938621875 0.9299394921875 0.7824450515625 0.9298934890625 0.7822733671875 0.8630203906249999 0.794516309375
57 0.74585605625 0.47508118125000004 0.7288572109375 0.4773066375 0.716394553125 0.48375182499999997 0.7214722328125001 0.4857559125 0.7213717484375 0.491735675 0.7234597484374999 0.49512318750000006 0.7449973828124999 0.489352196875 0.74790275625 0.48695608437500004 0.7467848859374999 0.485961521875 0.750224075 0.48555763281250003 0.7571880281250001 0.48136227500000006 0.759600884375 0.47553937187499995 0.74585605625 0.47508118125000004
47 0.49321846249999995 0.7222094484375 0.4164999265625 0.7466404796874999 0.4191274375 0.7481364015625 0.46754768281250003 0.7351622359375 0.49367502031250005 0.727514390625 0.4934202984375 0.7229627140625 0.49321846249999995 0.7222094484375
53 0.6108809890625 0.3777617203125 0.5911696156249999 0.3804551765625 0.575682834375 0.3840872078125 0.5431495 0.3982396890625 0.5325871328125 0.4075403421875 0.5200648421875 0.42435427031249995 0.5184522953124999 0.42892745625 0.51492753125 0.4327189234375 0.5042596078125 0.43738911874999997 0.4970159640625 0.44424760937499996 0.492626184375 0.4490473125 0.4950202609375 0.45798212656250004 0.5067234609375 0.4571756359375 0.5183211046875 0.451738684375 0.5750680015625 0.4220395328125 0.5839292640625 0.42121807968749997 0.5984386203125001 0.4266477953125 0.6044091203125 0.431583184375 0.6210942390625 0.42711242031249996 0.6237572375 0.4258165296875 0.6389443499999999 0.41682959375 0.6465659515625 0.41310275625 0.6449630640625 0.40712069843750004 0.644817265625 0.40697374062499997 0.6371803218750001 0.4017731203125 0.630149575 0.3945983359375 0.6245014796875 0.38834716875 0.622366221875 0.38037827968750004 0.6108809890625 0.3777617203125
2 0.5738613 0.5486827375 0.565618159375 0.54545628125 0.5599279390625 0.554670053125 0.5600398249999999 0.5550876140625001 0.5777366890625 0.5503457546875 0.5738613 0.5486827375