35 0.4367117078125 0.7015050765625 0.44703984218750004 0.7027022953125 0.46437437031249995 0.7037061734375001 0.470813940625 0.703368690625 0.49162151718749997 0.70036586875 0.5215300875 0.6960665078125 0.5401327984375001 0.690869525 0.54709941875 0.6847922265624999 0.5495223 0.47828121562500003 0.5504351703125 0.47713905468749995 0.5500628015625 0.4700338484375 0.5497025046874999 0.46908259062499996 0.535793709375 0.46906645156250004 0.43195152031250006 0.4779855765625 0.3662031375 0.487143496875 0.43116835 0.696828465625 0.4367117078125 0.7015050765625
41 0.5184364484375 0.4454260921875 0.51799825 0.45530957968749997 0.51838453125 0.4626802546875 0.5198253234375 0.471927421875 0.5287561609375 0.4843739 0.5389949515625 0.4965034765625 0.5510983296874999 0.506300128125 0.5717358875 0.5146560953125 0.599177075 0.5167073703125 0.6065020718749999 0.5163234828125 0.62462535 0.5128777 0.645345003125 0.5038444296875 0.6424534671875 0.47394486562499993 0.640607590625 0.4703162609375 0.642886021875 0.46324287656249996 0.6587502671875 0.4626598234375 0.6725292578125 0.460199203125 0.6727932437499999 0.4533100359375 0.6724452984375 0.446670846875 0.66978050625 0.4330240734375 0.6646509953125 0.42360700781249994 0.6564325515625 0.41211661875 0.6449117609374999 0.400799296875 0.635010453125 0.39510929687499996 0.6068383859375001 0.3926989578125 0.5850326531250001 0.39384174843749997 0.5757037515625 0.39449208593749996 0.552212421875 0.40118705312499997 0.54157428125 0.4067116984375 0.5303218609375 0.41947086875000006 0.523945078125 0.43048437812499996 0.5184364484375 0.4454260921875
57 0.5101219015625 0.8698990703125 0.5335758078125 0.8751271656249999 0.5395985249999999 0.8765686468749999 0.5504353125 0.8760007156249999 0.5534418078125001 0.8750794578125 0.5567369046875 0.8684495078125 0.5511675875 0.8632775453124999 0.5373107125 0.864252109375 0.5163559 0.8561611234375001 0.5101219015625 0.8698990703125
4 0.8772818484375 0.8322724609375 0.8765439953125 0.8181933859375 0.8730146109374999 0.8183783531250001 0.86876708125 0.819076971875 0.8688088421875 0.8198738140625 0.871400271875 0.8286455625 0.8757483203125 0.8323528296875 0.8772818484375 0.8322724609375
4 0.8493691890624999 0.7899873515625 0.84448781875 0.797942215625 0.851701059375 0.7965707609375 0.8548913890625001 0.79315453125 0.8548052125 0.7915101828125 0.8493691890624999 0.7899873515625
4 0.8674436734375 0.6744040906250001 0.8652241515625001 0.6718205234375 0.8581796531249999 0.6764117671875 0.8596345828124999 0.6767328859374999 0.8675439968750001 0.676318371875 0.8674436734375 0.6744040906250001
4 0.7492981203125 0.7487575718749999 0.7417960984375 0.7425140359375 0.7408386046875 0.7495181921875 0.7444941468749999 0.7500468453125 0.74935234375 0.7497922375 0.7492981203125 0.7487575718749999
4 0.4870497875 0.7377595546875 0.4840717546875 0.74961320625 0.487440303125 0.74943666875 0.49416169062500004 0.746860721875 0.493772940625 0.7394429265625 0.4870497875 0.7377595546875
4 0.551413521875 0.8102343890625001 0.550549753125 0.8102796578125 0.5427747859375 0.8182495734374999 0.5511718953125 0.8211995625 0.5546859796875 0.8210153968749999 0.5574150765625 0.8193099546875 0.5571718609375 0.8146691140625 0.551413521875 0.8102343890625001
4 0.5459860125 0.84086175625 0.5440622546875 0.8357470953125 0.5303741234375 0.839941446875 0.5332482953125 0.842479275 0.543256734375 0.8419547546875 0.5459860125 0.84086175625
4 0.7815766515625 0.9765511609375 0.7756479046875 0.9724190546875 0.772100453125 0.9805523671874999 0.7786834578125 0.9829517031250001 0.781903246875 0.9827829609375 0.7815766515625 0.9765511609375
4 0.837705778125 0.5902620468750001 0.8370276171875 0.5902975875 0.83448636875 0.593597309375 0.840302459375 0.59794918125 0.8423251374999999 0.5978431765625001 0.8446263343749999 0.5972856234374999 0.8444971421874999 0.594820475 0.837705778125 0.5902620468750001
4 0.110587421875 0.9214807593750001 0.103766853125 0.9185765109374999 0.104421590625 0.924751103125 0.108331934375 0.9288986140625 0.11085570781250001 0.9287663484375001 0.1109647796875 0.9286811578125 0.110587421875 0.9214807593750001
4 0.8991028218749999 0.7709583656250001 0.8990608265625 0.7701570609374999 0.8934400640625 0.766846815625 0.8928217984375 0.7705300546875 0.892869671875 0.7714435421875 0.8939451328124999 0.7719426921875 0.8989502546875 0.7716803859375 0.8991028218749999 0.7709583656250001
4 0.7377402265625 0.7670613687500001 0.7331540234375 0.7622456 0.728582659375 0.7634786 0.7301017062499999 0.7680122093749999 0.737769 0.7676103828125 0.7377402265625 0.7670613687500001
4 0.9694400015625 0.7695880734375 0.9643660437499999 0.7658119906249999 0.9588169546875 0.7673445875 0.9638767781249999 0.77140701875 0.969519828125 0.7711112796874999 0.9694400015625 0.7695880734375
4 0.9289383796875 0.7730060765625 0.9284827265625 0.7723678609375 0.9256274359375001 0.7747527078124999 0.9260503437500001 0.7780833515625 0.929195828125 0.777918503125 0.9289383796875 0.7730060765625