13 0.552616484375 0.49499826875 0.560013075 0.49630248750000006 0.574917596875 0.48903282499999995 0.574989184375 0.4886268328125 0.5690651140625 0.48131095 0.5029491796875 0.4457582859375 0.487435559375 0.4542814578125 0.48736115937499996 0.4547033984375 0.4941425890625 0.4629388453125 0.552616484375 0.49499826875
57 0.7893775609375 0.240050671875 0.8925320703124999 0.2344214171875 0.9192123234375 0.237077309375 0.9193993718750001 0.2360165 0.9083826875 0.2119835703125 0.8627961515625 0.2006957640625 0.8294070437500001 0.1934702640625 0.7863018281249999 0.189310478125 0.7882083625 0.23984451093749998 0.7893775609375 0.240050671875
42 0.4891424203125 0.488565890625 0.49239537968749997 0.489139475 0.4927554703125 0.4870972953125 0.4909334875 0.47660941718750005 0.4907646609375 0.4737122921875 0.4869460296875 0.4750538796875 0.4866836421875 0.47654194843750003 0.4891424203125 0.488565890625
31 0.6826095 0.76910955625 0.689971946875 0.7793921375 0.71957483125 0.7888173828125 0.7389743609375 0.78287134375 0.7659402531249999 0.773397496875 0.76627144375 0.7715192171874999 0.7371718703125001 0.7429839921875 0.72809610625 0.7327816203124999 0.70912154375 0.73631755 0.712449696875 0.7598432453124999 0.6922194734375 0.760863884375 0.6826095 0.76910955625
57 0.39195586875 0.8428063484375 0.3632572078125 0.8360476828125 0.3626022703125 0.8359322 0.310512459375 0.8355119140625 0.3102251234375 0.8409761328125 0.3105288203125 0.84102968125 0.365158621875 0.8455298203125 0.3917878125 0.8437594453124999 0.39195586875 0.8428063484375
57 0.7436937734375 0.9301011828125001 0.7197800437499999 0.9287710203125 0.7200831890625 0.9322844171875 0.7237107625 0.9329240562500001 0.7454556453125 0.9345618703125 0.7461653421875 0.9305369875 0.7436937734375 0.9301011828125001
6 0.9291262015624999 0.8557088296875 0.9291959734375 0.8553131296875 0.9193206765624999 0.85509276875 0.9097326375 0.8555048671875 0.9043965437500001 0.8568578562500001 0.9069181093750001 0.8589259796875 0.9130978890625 0.8600156421875 0.9291262015624999 0.8557088296875
6 0.8188102484374999 0.644520353125 0.8065652156249999 0.6313023125 0.8006680171875 0.631982890625 0.81110789375 0.64370654375 0.817151421875 0.64477218125 0.8188034390625001 0.6445589703125 0.8188102484374999 0.644520353125
6 0.3147960203125 0.6532342812499999 0.3134717640625 0.6575025296875 0.3265669875 0.6598115703125 0.3367572640625 0.6609588546875 0.3376653140625 0.6558090484375 0.3147960203125 0.6532342812499999
6 0.8570484781250001 0.571629840625 0.853242128125 0.568890596875 0.8344310140625 0.5714995593750001 0.8373630375 0.5737656421875 0.8416430015625 0.5745203156249999 0.8569818124999999 0.5720079171875 0.8570484781250001 0.571629840625
6 0.7857511546875 0.5260731078124999 0.783844996875 0.5205014218749999 0.7771551750000001 0.5198952953125 0.7792100453125 0.5286064109375 0.7851206953125 0.52964861875 0.7857511546875 0.5260731078124999