13 0.563463415625 0.46143824999999994 0.5703480062499999 0.455018034375 0.57033361875 0.45460602968749997 0.554136528125 0.44368064687500003 0.486713128125 0.46920435781250003 0.47885154218750003 0.4764158640625 0.47886649531250003 0.47684405312499994 0.4930429421875 0.48744335625 0.563463415625 0.46143824999999994
57 0.841097265625 0.1786851546875 0.8539274421874999 0.1586437515625 0.8538100468750001 0.155282021875 0.82852365 0.1542596953125 0.726017521875 0.1341049484375 0.717049003125 0.1841472234375 0.7404840328125 0.1851654390625 0.797818246875 0.183163284375 0.841097265625 0.1786851546875
42 0.489928559375 0.48022019374999997 0.4898625 0.47832851875 0.48639350312499996 0.47653360468750006 0.48582311718750004 0.47937904062500003 0.4824478265625 0.48985713124999997 0.4824957875 0.49123054687499995 0.486061471875 0.4911060296875 0.489928559375 0.48022019374999997
31 0.7345700671875 0.7252622171875001 0.7439094953125001 0.7337893609374999 0.7748251046875 0.7368538546875001 0.7925644578125 0.7270043625 0.8169713562500001 0.71213101875 0.81690479375 0.710224925 0.7825083078125 0.6883634046875 0.7715096796875 0.6802709375 0.7536849171875 0.6876746296875 0.7618316093749999 0.7099942718750001 0.7422556671875 0.71519870625 0.7345700671875 0.7252622171875001
57 0.46712128125 0.8568478453124999 0.413004315625 0.8637716359375001 0.3841552453125 0.87193704375 0.403232621875 0.8723539609375001 0.4220642671875 0.8716963453125001 0.467317209375 0.8624585 0.46712128125 0.8568478453124999
57 0.8277915453125001 0.87003565625 0.8041238296875 0.873706503125 0.8051508281249999 0.8770800968750001 0.80883211875 0.8769515437500001 0.83044234375 0.8740325531250001 0.8302997109374999 0.86994806875 0.8277915453125001 0.87003565625
6 0.993762128125 0.7603573703125 0.9937338562500001 0.7595477875000001 0.9887515015625 0.756969840625 0.9699340453125 0.766574428125 0.9711695312499999 0.766531284375 0.980318128125 0.7647990499999999 0.9896109671875 0.7624024921875 0.993762128125 0.7603573703125
6 0.8357003453124999 0.564151621875 0.822737284375 0.5747196484375 0.8310962234374999 0.5744277484375 0.8414454328125001 0.5656463078125 0.8357003453124999 0.564151621875
6 0.3511627796875 0.6888871453125 0.350801903125 0.6928244015625 0.3721986984375 0.6920772093750001 0.373808540625 0.691920034375 0.3736260421875 0.6866939703125 0.3511627796875 0.6888871453125
6 0.8641387921874999 0.49583000312500003 0.8598461000000001 0.4939420046875 0.8419884874999999 0.5004050046875 0.8453275859374999 0.5020119671875001 0.8496709265625 0.50186029375 0.864152190625 0.49621367968749996 0.8641387921874999 0.49583000312500003
6 0.7865927796875 0.469002296875 0.7829426390625 0.46127090156249995 0.7752958609375 0.462856509375 0.780433603125 0.47144561406249996 0.786670496875 0.4712278171875 0.7865927796875 0.469002296875
6 0.0326951609375 0.7383288875 0.027825720312500003 0.750808765625 0.034767159375 0.752327603125 0.0352998 0.7523090031249999 0.0394184453125 0.742095746875 0.039278875000000005 0.738098978125 0.0326951609375 0.7383288875