39 0 0.15962107187500002 0.00954759375 0.185074109375 0.0100406203125 0.1850655046875 0.0133679765625 0.18153924375 0.018607609375 0.1808994546875 0.018523871875 0.147452840625 0.013159853125 0.1409665203125 0.007987198437499999 0.1454434421875 0.0001458359375 0.139918815625 0 0.13992136093750002 0 0.15962107187500002
7 0.12704898125 0.228520725 0.12439389375000001 0.24830691875 0.12666149843750002 0.263620553125 0.1382255359375 0.2815135625 0.145060621875 0.28632921875 0.152212646875 0.29497764531250004 0.1581435671875 0.30529237343750004 0.1694301265625 0.3072886828125 0.1759387046875 0.307723403125 0.1824759875 0.3098026125 0.185577215625 0.303041728125 0.18532308125000002 0.288482315625 0.1848045671875 0.2856354859375 0.1850759015625 0.2743214609375 0.184841871875 0.2609138625 0.17289607499999998 0.24800863906249998 0.16586005625 0.23168157968749997 0.1632551875 0.22569542656250002 0.1510560828125 0.21439345156249998 0.13278015781250002 0.213067471875 0.12704898125 0.228520725
7 0.22238866562499998 0.209549925 0.22121659062500001 0.1997004609375 0.2172662296875 0.188254503125 0.21283508125 0.1779135953125 0.20231754375 0.17700052187499998 0.19226046875 0.1881426515625 0.18519336875 0.1986842609375 0.1724249859375 0.2120670328125 0.165963059375 0.2286297 0.1627410703125 0.244587484375 0.1631632609375 0.2544500390625 0.16204740625 0.2621461234375 0.16552654687499999 0.2752452953125 0.17173732343749998 0.27294356875000003 0.1773417359375 0.2788773625 0.177584034375 0.2790307796875 0.1852709359375 0.2788966046875 0.1924554578125 0.2709369453125 0.199974640625 0.2576457984375 0.20832025468749998 0.248726859375 0.21836776093750002 0.23703656718750002 0.2222917953125 0.2183248828125 0.22238866562499998 0.209549925
39 0.11904096093750001 0.2299216640625 0.124914471875 0.236947421875 0.1319803828125 0.24066238750000002 0.14433495624999998 0.2322218015625 0.150247928125 0.2271836296875 0.1511625546875 0.211540284375 0.1511427796875 0.21040741562499998 0.14713594375 0.1921448828125 0.14210681249999998 0.2048442375 0.1353757890625 0.22031494375 0.1169124890625 0.2189977921875 0.11691837187500001 0.2193348375 0.11904096093750001 0.2299216640625
39 0.11182819687500001 0.1067773 0.111795553125 0.10490715937499999 0.10273510937500001 0.09280871093750001 0.10222477187500001 0.09281761875 0.09310411874999999 0.10842599374999999 0.0931446921875 0.11075041249999999 0.0962477875 0.12379287812499999 0.10497186562500001 0.13027538125 0.1057490890625 0.13026181406249998 0.11182819687500001 0.1067773
33 0.19344635625 0.375643659375 0.2006991640625 0.363614709375 0.20060954375 0.3584803609375 0.1987707 0.34266231875000003 0.18463610625 0.3386547625 0.1848213328125 0.3492664234375 0.1859819921875 0.36920534531250004 0.192546028125 0.3756593734375 0.19344635625 0.375643659375
11 0.2852816859375 0.49294583750000004 0.28521351875 0.50336528125 0.2893181609375 0.5093252546875 0.2914900828125 0.5191572671875 0.3048923453125 0.5134400390625 0.30631706406250003 0.505532940625 0.30610895625 0.4936104140625 0.3054711921875 0.4893034546875 0.30177198125000004 0.4635965546875 0.292033034375 0.464314878125 0.2833991859375 0.47104553125 0.28180254374999997 0.47984666875000004 0.2852816859375 0.49294583750000004
57 0.414395553125 0.473364946875 0.4205643484375 0.454243959375 0.4253810515625 0.43295574531250003 0.4253498890625 0.43117040156249997 0.41770232656250006 0.41920085 0.4105885734375 0.412745071875 0.4088950609375 0.43032116406250004 0.40396161093750005 0.44850213906249997 0.41387232812499997 0.4733740796875 0.414395553125 0.473364946875
49 0.5374911171875 0.2072986421875 0.522810340625 0.21139320156250002 0.521592334375 0.215027559375 0.52168118125 0.22011763593749997 0.5220018578125 0.22237389687500003 0.53051013125 0.2227737125 0.5401426390624999 0.23028218281249999 0.5485253375 0.23781247187500001 0.558014321875 0.23709851093749998 0.5543892796875001 0.2442900640625 0.567512875 0.2369327140625 0.573492825 0.23573167499999997 0.57134841875 0.2418007265625 0.57417913125 0.25491806875 0.5771474828125001 0.25486625625000003 0.582442425 0.247090371875 0.58768205625 0.2464505828125 0.5953104453125 0.230462884375 0.59523248125 0.225996340625 0.5881951140624999 0.20422028593750002 0.5842734578125001 0.1944188140625 0.5695352734375 0.1952243984375 0.5507594234375001 0.1939071453125 0.5416065156250001 0.1995502015625 0.5374911171875 0.2072986421875
39 0.56415226875 0.3631276328125 0.5640553984375 0.3719025890625 0.5574044859375 0.3489888578125 0.552791540625 0.328232871875 0.5459086140625 0.3206764078125 0.534641190625 0.319776421875 0.5249118125 0.321042909375 0.520286921875 0.3282519109375 0.5138070484374999 0.32946167656249997 0.5082110156249999 0.338332621875 0.51135408125 0.3465026953125 0.5199771734375 0.35348045781250004 0.5244764890625 0.353401921875 0.530580825 0.359326990625 0.5345132390625 0.35542004843749997 0.5378978875 0.34878101875 0.5442043437499999 0.3519609171875 0.548673765625 0.36449447031250004 0.55645966875 0.3808084390625 0.5571318203125 0.3906666328125 0.5662867078125 0.397264990625 0.5720370796875 0.39716461718749996 0.5724943171875 0.39697842968749997 0.5727682187500001 0.3971518546875 0.5794651156249999 0.3970349609375 0.5793819640625 0.3922712203125 0.577552153125 0.38592356250000004 0.5751601609375 0.36348382031250004 0.566874334375 0.3471785765625 0.55904896875 0.3429285359375 0.56415226875 0.3631276328125
39 0.755070315625 0.18666022499999999 0.7565042984375 0.168540334375 0.7600623625 0.1575116453125 0.7597944531249999 0.14216310625 0.762889678125 0.14759236874999998 0.7670134562500001 0.1546486671875 0.7688887640625001 0.1474876546875 0.7616123531250001 0.131713121875 0.758978778125 0.1240824828125 0.7539986765625 0.12526606875 0.75699703125 0.139470290625 0.7533050109375 0.142824709375 0.746296509375 0.1423987140625 0.7413546796875 0.1457749484375 0.7376231984375 0.161193296875 0.733699165625 0.1799049828125 0.7337458171875 0.1969023703125 0.7295156015625001 0.1980728671875 0.7245929078125 0.20254542656250002 0.7206317906249999 0.2048078828125 0.720121109375 0.2185250265625 0.7244948499999999 0.22557696093750002 0.7300231187499999 0.23969589687499998 0.7366296343750001 0.2395805796875 0.7429430015625 0.236769859375 0.7503079046875001 0.228964696875 0.7496070484375 0.21746201874999999 0.7540872265624999 0.21628715937499998 0.7567997234375 0.19978993750000001 0.755070315625 0.18666022499999999
57 0.3036919609375 0.28776872343750004 0.3045860171875 0.28775311875 0.3269008859375 0.26663676875000003 0.33842902812500003 0.25382397343749996 0.344105171875 0.20656859375 0.333586446875 0.2199120953125 0.32039468437499996 0.237688890625 0.3036919609375 0.28776872343750004
57 0.341036378125 0.32351799375 0.32974862968749996 0.3357782609375 0.327988140625 0.34951721875 0.3491765515625 0.364604484375 0.3486619078125 0.335120565625 0.341036378125 0.32351799375
57 0.065633109375 0.1371855765625 0.0625366953125 0.146012890625 0.0619686046875 0.15644106093750001 0.0490088578125 0.158860590625 0.0472731328125 0.16864657656249998 0.047310409375 0.170782125 0.054169446875000006 0.17804428125 0.05521246875 0.178026075 0.062496045312500005 0.1723334 0.07054266718749999 0.17493458906249998 0.0759844203125 0.17154962812500002 0.0812730828125 0.1593940734375 0.0842917625 0.1604380421875 0.09443495156250001 0.15422937187500002 0.09536079374999999 0.1481815890625 0.0953067859375 0.14508747187499998 0.0876776 0.139542434375 0.0801596046875 0.13857700312500001 0.079727846875 0.128166284375 0.0733161390625 0.11895660781249999 0.0674701453125 0.12783191562500001 0.065633109375 0.1371855765625