30 0.0492235609375 0.136851109375 0.06265237500000001 0.1703941109375 0.0867458828125 0.21563345156249997 0.1102631609375 0.2586985921875 0.123616553125 0.282918371875 0.12687498125000002 0.2847657609375 0.13361735624999999 0.28453031093750003 0.143739415625 0.27892418750000003 0.15564484843749998 0.2837610953125 0.1568659796875 0.28371845156250003 0.16432259531249999 0.28094830625 0.1653883421875 0.2752024296875 0.1644944484375 0.249604684375 0.16307891875 0.2453340484375 0.1636217 0.224612440625 0.16267936562500002 0.1976275125 0.0876718515625 0.07022746875 0.0836551546875 0.069819153125 0.061664106249999996 0.0991132484375 0.054513078125 0.10923740312500001 0.05372304375 0.12243090781249999 0.0492235609375 0.136851109375
38 0.068819671875 0.286793096875 0.0702550421875 0.2819977578125 0.0693665046875 0.2565533484375 0.067904671875 0.2505090671875 0.062732371875 0.2494828125 0.059834137499999995 0.24958402031250002 0.053221056249999996 0.25266756875 0.0542193359375 0.25976424531250003 0.057157882812500005 0.27227896406249996 0.062230259375 0.2814276890625 0.0682173453125 0.28681412968750003 0.068819671875 0.286793096875
57 0.0592618578125 0.0706161328125 0.0700030859375 0.0845041140625 0.083205634375 0.09007745 0.0782447234375 0.1056109234375 0.08883176875 0.1222471875 0.1036684515625 0.12447197968749998 0.1097259875 0.113926571875 0.10936716093750001 0.10365112031249998 0.10659565156249999 0.0865177515625 0.09833376875 0.07199460937499999 0.08334290625 0.0725181015625 0.07469612812500001 0.0612998796875 0.0579957109375 0.05584869218750001 0.0592618578125 0.0706161328125
57 0.218274615625 0.41428918125 0.21515719375 0.439632715625 0.2214765828125 0.46300096718750006 0.24914560468750002 0.503178228125 0.26768951093750004 0.5184394765625 0.2867150921875 0.5260037859375 0.303203978125 0.5350144125 0.30792145 0.5348496734375 0.31390911250000003 0.531088528125 0.32006075 0.5209992703124999 0.32344604062500004 0.5033265 0.32277636875 0.48414959218750003 0.305231853125 0.468853446875 0.2806330890625 0.4592894390625 0.25926654843749997 0.427669365625 0.24266402343750001 0.410694584375 0.2288852453125 0.40294705625000005 0.218274615625 0.41428918125
57 0.2587280109375 0.4856727796875 0.25853386875 0.4801132953125 0.2245855765625 0.42085061562500004 0.2112998203125 0.45587509062500003 0.21685053281250002 0.47872160625 0.24243945312499998 0.5215018312499999 0.243220184375 0.52147456875 0.2587280109375 0.4856727796875
52 0.5662658234375 0.456316171875 0.5625372421875 0.4569949578125 0.5570354281250001 0.4767384671875 0.55704889375 0.4771240609375 0.5591891046875 0.4828951265625 0.5623414578125 0.48004214375 0.5646655093749999 0.48928684375 0.5606859671875 0.49710592968749995 0.562335896875 0.5157000265625 0.583356921875 0.5445892640625 0.595597234375 0.5584248984375 0.605897415625 0.5666573390625 0.607779253125 0.5665916234374999 0.61406905625 0.5429681937499999 0.6242198765625 0.520249740625 0.6242098046875 0.519961303125 0.6180147796875 0.5055269796874999 0.6007797375 0.47760269062500005 0.589059365625 0.45716594375 0.57625973125 0.45596717656249997 0.57047385625 0.46220360156250007 0.5662658234375 0.456316171875
57 0.6247052375 0.5081812265625001 0.61563085 0.5276984015624999 0.6221253 0.5316946953125 0.6308626984375 0.5313895796875 0.6306852093749999 0.5263069671875 0.6282233515625 0.5014754140625 0.6193852390625 0.4847780734375 0.6085794875 0.47531036875000005 0.6085805125 0.4753397203125 0.61786590625 0.4914140859375 0.6247052375 0.5081812265625001
7 0.6467665109375 0.2301781953125 0.640231090625 0.23644079218749997 0.6352127796875 0.25033052968749997 0.6457402015625 0.279586215625 0.65602 0.29458746874999997 0.66400663125 0.3004046625 0.667797984375 0.300272265625 0.6742408609375 0.286271065625 0.678603071875 0.2894102125 0.6738243734375 0.2456907046875 0.6669456625 0.234959321875 0.655646228125 0.22657662812499998 0.6467665109375 0.2301781953125
57 0.766653665625 0.48004922812500006 0.760743578125 0.4705697515625 0.7603474046875001 0.4705835875 0.751568421875 0.49577853593750004 0.7515981984375 0.4966312234375 0.7562793046875 0.5051216015625 0.7570800234374999 0.5050936390625 0.7666800296875 0.48080416406250004 0.766653665625 0.48004922812500006
57 0.737314503125 0.4686045140625 0.7402926859375001 0.4712839125 0.74289261875 0.471193121875 0.7427824203125 0.4680374921875 0.737314503125 0.4686045140625
57 0.3619714875 0.8816120937499999 0.361225196875 0.8816381546875001 0.3520504140625 0.9078652265624999 0.3545619328125 0.9115764359374999 0.355168225 0.9115552640625 0.36490542187499997 0.8846822578125 0.36486683593749997 0.8835773015624999 0.3619714875 0.8816120937499999
57 0.2735275015625 0.37221769375 0.264045175 0.370203334375 0.261968234375 0.4019974890625 0.26227482968750004 0.40198678125000004 0.2720189421875 0.383639378125 0.2737156140625 0.377604528125 0.2735275015625 0.37221769375
57 0.8241931296875 0.24478035 0.825149075 0.2442943890625 0.8255771093750001 0.2447320203125 0.8303492 0.244565375 0.8303378296874999 0.24423978906250002 0.8272637703125 0.24038048281250002 0.8219213 0.23782414843750002 0.81484791875 0.2430083734375 0.8156856375 0.2450774375 0.8241931296875 0.24478035