12 0.47455500468749995 0.5024207421875 0.48266025625 0.4988857203125 0.49201837656249997 0.4998096890625 0.50128925 0.49823518125 0.5097539265625 0.5059131953125 0.5104195515625001 0.5058899515624999 0.5300249531250001 0.5042359750000001 0.540633790625 0.499542621875 0.540331359375 0.49088210937500004 0.534397765625 0.4880735203125 0.4821367625 0.48389485781249997 0.4733880609375 0.4837313328125 0.47088821562499994 0.48381862968749995 0.45747201249999997 0.48450601718749997 0.45042768750000006 0.48700338125 0.44117426406250004 0.48907758437500004 0.4425667328125 0.497534140625 0.45148164218750003 0.5014754156250001 0.47455500468749995 0.5024207421875
45 0.4686937453125 0.4989345375 0.468671971875 0.49831105468750003 0.46775509218750005 0.49640439062499997 0.45394387812500003 0.4936347078125 0.4475259828125 0.49836156875000004 0.458226978125 0.49989529375 0.466324240625 0.49961253125000005 0.4686937453125 0.4989345375
54 0.5501330203125 0.43460116875 0.5652099015625 0.438311628125 0.57429045625 0.43799452812500006 0.5803292359375 0.43529776093750006 0.5872220296874999 0.4375429484375 0.5992632421875 0.437122459375 0.60097844375 0.43673061718749995 0.6004604703124999 0.42189780312499997 0.5867802703125 0.41581075156249997 0.5813098812499999 0.41625193437499997 0.5754922484375 0.422458746875 0.5608033328124999 0.425973525 0.5505500609375 0.43083431875 0.5501330203125 0.43460116875
6 0.637868496875 0.46338088437499997 0.6363346796875 0.4622658765625 0.6058174015625 0.468084459375 0.605899153125 0.46815977656249996 0.628919740625 0.4673558796875 0.637945525 0.46558668125 0.637868496875 0.46338088437499997
6 0.49907455 0.4875246984375 0.49437527968749995 0.4862035203125 0.4827295375 0.4826077609375 0.47598235312500004 0.48379588125 0.4759886578125 0.483976421875 0.48738128437499995 0.48793303593750004 0.49907455 0.4875246984375
6 0.4994532546875 0.48316507499999994 0.49264782343749997 0.48931257656250005 0.5017907562499999 0.4889932984375 0.508237290625 0.48335863593750006 0.4994532546875 0.48316507499999994
6 0.5168732234375 0.48127472656250003 0.5170771656250001 0.482205675 0.5306037328125 0.4817333171875 0.5349630328125 0.48089316875000004 0.5168732234375 0.48127472656250003
6 0.3826310703125 0.541621471875 0.3826100046875 0.5410182328124999 0.3767237234375 0.538779028125 0.36404323125000004 0.53697046875 0.361399646875 0.5398144609375 0.36986130625 0.5420674015625 0.3826310703125 0.541621471875
6 0.39083455312500004 0.5079099499999999 0.3860074890625 0.5075297437499999 0.38239553125 0.5166144578125 0.3848046296875 0.5165303296875 0.390087165625 0.5143915453125001 0.390982275 0.512140184375 0.39083455312500004 0.5079099499999999
27 0.35265535937500003 0.519748034375 0.3726332 0.5263048109375 0.3894701375 0.5214642625 0.3828254 0.5196950828125 0.3832686125 0.5166777765624999 0.3732404296875 0.5122750734375 0.35907325156250003 0.5150211734375 0.35265535937500003 0.519748034375
27 0.2662872453125 0.5144152390625 0.2660359796875 0.52292919375 0.294119071875 0.52595095 0.3005641859375 0.5196471781249999 0.300451596875 0.516423040625 0.2662872453125 0.5144152390625
6 0.25869684843749996 0.5568466125 0.250050690625 0.5586377312499999 0.2500562796875 0.5587977921875 0.25313875937499997 0.5649048718749999 0.2629769421875 0.5645613140625 0.25869684843749996 0.5568466125
6 0.3095183203125 0.552202953125 0.303132653125 0.5509797515625 0.2897315078125 0.5599529109375 0.292297528125 0.5604105125000001 0.3008343890625 0.5601123984374999 0.3095271 0.5524543640624999 0.3095183203125 0.552202953125
6 0.1524413546875 0.6207919546875 0.1484669453125 0.619497371875 0.134004875 0.6295081890625001 0.135317096875 0.6299939390625 0.1421103796875 0.6297567125 0.1524969203125 0.6223831375 0.1524413546875 0.6207919546875
6 0.0654859203125 0.6524446875 0.06394310625 0.6606285171875 0.07419839843750001 0.6602703937500001 0.07691282656250001 0.651737425 0.07690623125 0.6515485546875001 0.0654859203125 0.6524446875
6 0.1915830921875 0.5776077468749999 0.1656952453125 0.5726488234375 0.1644487453125 0.5726923515625 0.1617818953125 0.5748700828125 0.161790746875 0.5751235859375 0.187547871875 0.579702975 0.1889887453125 0.5796526578125001 0.1916028015625 0.578172134375 0.1915830921875 0.5776077468749999
39 0.058994175 0.5875066875 0.064222025 0.595829309375 0.07952168281250001 0.609803871875 0.11013668750000001 0.622493153125 0.171818103125 0.6537345343750001 0.176571434375 0.65356854375 0.18619763125 0.6472454109375 0.186151015625 0.6459105421875 0.1339830546875 0.6141558484375 0.0898255484375 0.5906826234375 0.064864153125 0.5827989609374999 0.044764165625000005 0.572744315625 0.040520471875000005 0.576894946875 0.058994175 0.5875066875