28 0.7515371296875 0.3942669703125 0.763367934375 0.3866405515625 0.7816611546875001 0.3746760359375 0.7814629234375 0.373743434375 0.775179734375 0.373650884375 0.767931909375 0.3764693828125 0.7631220109375 0.37493590781249997 0.755354409375 0.3753090359375 0.7467741671875 0.3771328234375 0.7398546984375 0.3788591859375 0.737674146875 0.376511240625 0.73256505 0.3770860421875 0.729394209375 0.377760025 0.6899515890625 0.40250126249999996 0.6851442078125001 0.408890390625 0.688016959375 0.4118579609375 0.72529815 0.4105788140625 0.7401015609375 0.4074322515625 0.7515371296875 0.3942669703125
6 0.72257404375 0.540420028125 0.7191815125 0.535007090625 0.7139747937500001 0.5368805671875 0.7165191937500001 0.540940271875 0.72257404375 0.540420028125
6 0.74285234375 0.5528250124999999 0.743021271875 0.55361975625 0.7469625 0.55449444375 0.7483021812499999 0.5484036421875 0.74807694375 0.5473439828125 0.74285234375 0.5528250124999999
6 0.7760522937500001 0.6258238031250001 0.7842174875000001 0.6312765703125 0.79311120625 0.6293861515625 0.7858609999999999 0.6245056531250001 0.7760522937500001 0.6258238031250001
6 0.8759210359375 0.8428220390625001 0.875888065625 0.8479407515625 0.9192900484375001 0.8359039375 0.9204989625 0.83246110625 0.9202197249999999 0.831147403125 0.8759210359375 0.8428220390625001
6 0.8570925296875 0.8122200609375 0.8565564265625 0.8096978937499999 0.850216159375 0.7994483812500001 0.843649675 0.8015828718750001 0.843898153125 0.80275186875 0.8490325390625 0.8139807875 0.85687428125 0.812313975 0.8570925296875 0.8122200609375
6 0.8570105671875 0.8234668562499999 0.8681030281250001 0.82110908125 0.8704101890624999 0.808478384375 0.8646494609375001 0.8090639015625 0.8587992953124999 0.8103073937499999 0.8570105671875 0.8234668562499999
6 0.872256896875 0.8058494843749999 0.8614754953125001 0.80852451875 0.8639964250000001 0.820384559375 0.8699499609375 0.8191190953125 0.8751004765625 0.806758275 0.8747927375 0.805310475 0.872256896875 0.8058494843749999
6 0.8700947046874999 0.836659809375 0.8729433421874999 0.8341858015625 0.8728215890625 0.8336129968750001 0.8584361890625001 0.8270455296874999 0.8543827140625 0.8295322203125 0.854651915625 0.8307987140625 0.857262221875 0.8347070343749999 0.86366981875 0.8380254609375 0.8700947046874999 0.836659809375
6 0.8627347546875 0.76090970625 0.8700148999999999 0.7600012265625 0.8882970734375 0.75611523125 0.8878652859375 0.754083828125 0.8627347546875 0.76090970625
6 0.8517600546875 0.703179940625 0.8539090796875 0.7015889921875 0.8583006375 0.69324356875 0.8510173234374999 0.693258175 0.844100375 0.7029071421875 0.8469414046875 0.7042041765625 0.8517600546875 0.703179940625
6 0.8586415984375 0.7142949171875 0.8429839140625001 0.71255318125 0.8398537921875 0.7162855312499999 0.855432653125 0.7199707859375 0.8560281703125 0.7198442046875 0.8592242593750001 0.7170361265625 0.8586415984375 0.7142949171875
6 0.7973826203125001 0.5977441203125 0.786147865625 0.600132140625 0.7861509171875001 0.60014649375 0.793244203125 0.602201959375 0.8038161734375 0.59995481875 0.7973826203125001 0.5977441203125
57 0.5678095062499999 0.11736831562500001 0.565347796875 0.12030365312499999 0.57538545 0.11817008437500001 0.5748949078125001 0.11586226718749999 0.5678095062499999 0.11736831562500001
57 0.8097343265625 0.6086007999999999 0.8214991875000001 0.6112118046874999 0.835945375 0.6132528765624999 0.8456443296874999 0.6080563140625 0.845474521875 0.6072574375 0.8379674734375 0.6069446078125 0.8378445125 0.6010922859375001 0.8361482453125 0.598385815625 0.826408003125 0.597389146875 0.799405840625 0.6074735812500001 0.8097343265625 0.6086007999999999