19 0 0.054678470312500005 0.06882408281249999 0.05227508125 0.1252789546875 0.050140134375 0.125842465625 0.038185078125 0.12521726093750002 0.02028155625 0.0727704953125 0.0213178390625 0.0442096671875 0.019862734375 0.0316135546875 0.0160516421875 0.02958318125 0.0161225453125 0.015677353124999998 0.019224120312500002 0 0.0211114359375 0 0.054678470312500005
7 0.6615322124999999 0.43916316875000005 0.65543700625 0.44019350937499996 0.65439759375 0.44554350156250005 0.6546969765624999 0.4541167078125 0.6618818171874999 0.4579532640625 0.6701060671875 0.45643982968749996 0.6740733234375 0.45796182031250005 0.6816541546875 0.4576970921875 0.6881710359375 0.45580898750000004 0.6954429515625 0.4555550453125 0.695107928125 0.44596122187500004 0.69086223125 0.44508762031250004 0.6871309734375 0.443582934375 0.6802523218750001 0.4397356859375 0.6763146734375 0.4410994296875 0.6731957890625 0.43957335937500003 0.6615322124999999 0.43916316875000005
6 0.8061956109375 0.4674190796875 0.798901821875 0.46594939062499996 0.7979572953125 0.46770676875 0.8061956109375 0.4674190796875
29 0.22752564375 0.5323536796874999 0.22751281250000002 0.5319862578125 0.2250267546875 0.529927159375 0.2227226875 0.53000761875 0.2187515546875 0.5304119765624999 0.21502283906250003 0.5324915890625 0.215036821875 0.532891984375 0.21734374843749998 0.5364492656250001 0.2242941671875 0.5362065515625 0.22752564375 0.5323536796874999
29 0.6286454828125 0.4678968296875 0.6274503921875 0.46593570624999997 0.6220388406249999 0.46898590156250003 0.6235633828125 0.4706698328125 0.6273155265625 0.4705388046875 0.6287051453125 0.46960534374999996 0.6286454828125 0.4678968296875
6 0.7591823 0.5347258218750001 0.7589821765625 0.5289950421875 0.7588248078125 0.5288779140625001 0.7526868343750001 0.5286835109375 0.749518378125 0.534516596875 0.75081151875 0.5350181359375 0.7591823 0.5347258218750001
57 0.926683721875 0.5407971015624999 0.9219118296875 0.5384622171875 0.9192702046875001 0.5418244296875 0.9231840874999999 0.544633278125 0.9262464671874999 0.5445263375 0.9267842296875 0.5436752515625 0.926683721875 0.5407971015624999
27 0.7253319234375 0.42261891562500004 0.7256455625 0.43160036875 0.730667409375 0.432533725 0.7321600671875 0.4324816 0.731689303125 0.41900067031250005 0.7253319234375 0.42261891562500004
27 0.456056590625 0.41885038750000003 0.45962784687499997 0.41840685625 0.45930479843749994 0.409155965625 0.4586276296875 0.40451070468749994 0.458263590625 0.4045234171875 0.44826618125 0.40645131718750005 0.44140243593750006 0.42058835781250004 0.4515493390625 0.42146025781249996 0.45619830781250004 0.4249204203125 0.456268475 0.4249179703125 0.456056590625 0.41885038750000003
57 0.45810187812500003 0.42954430312499997 0.46985530937500003 0.4291338640625 0.47545952031249994 0.42536929843750004 0.4653411296875 0.42531389375 0.460271078125 0.42058599531249996 0.4555146671875 0.42483955 0.4553510453125 0.42893272343750005 0.45810187812500003 0.42954430312499997
6 0.24932322187499997 0.4402119375 0.2489559125 0.429693609375 0.2400381140625 0.42561730000000003 0.23432139687500003 0.421724365625 0.23380189062499998 0.4217425078125 0.23510382343749997 0.43355577968750003 0.2354174625 0.4425372328125 0.2388282765625 0.4436443609375 0.24460506249999997 0.44794394375 0.24533576406250002 0.4479184265625 0.24932322187499997 0.4402119375
6 0.1326076828125 0.5175199796875 0.130759503125 0.521360309375 0.13787066718750002 0.52202655 0.13804800781249998 0.52202035625 0.1378990546875 0.5177548953125 0.1349501265625 0.5174381796875 0.1326076828125 0.5175199796875
29 0.053164076562499996 0.4593195671875 0.055297365625 0.45325183906250005 0.0620613109375 0.45030277500000004 0.061982262499999996 0.44803913125 0.059939725 0.44573229843749995 0.0495864296875 0.447728828125 0.04854701875 0.45307882031249996 0.0502917953125 0.459149075 0.050413934375000004 0.4594156046875 0.053164076562499996 0.4593195671875
6 0.616904334375 0.5306666953125 0.6175971031249999 0.5349797296875 0.6200495187499999 0.5348940890625 0.6246866875 0.533617453125 0.62447814375 0.5276455375 0.616904334375 0.5306666953125
57 0.820825065625 0.5538583140625 0.8120073937500001 0.5500101296875 0.8063181687500001 0.5538875125 0.807611028125 0.5580498921875 0.8196104515625 0.5576308625 0.8209331671875001 0.5569539484375 0.820825065625 0.5538583140625
31 0.8782033078125 0.4548212703125 0.8812019375 0.44719749062499997 0.881193009375 0.44694185 0.8515149109375001 0.44553460625 0.845430490625 0.45257994375 0.8454470046875 0.4530528359375 0.8482251984375001 0.46126101718749996 0.8734011359375 0.4603818546875 0.8782033078125 0.4548212703125
57 0.8395280625 0.42357692187499996 0.8458936609375 0.42538303125 0.8497259078124999 0.42524920625 0.8562827499999999 0.4205393609375 0.8692968531249999 0.4196804296875 0.8690844453125001 0.4135978734375 0.8606616921875 0.41425525781249994 0.8520314625 0.41292165000000003 0.84209095 0.4091813234375 0.8389795171875001 0.4166474 0.8345720625 0.42211500625 0.8395280625 0.42357692187499996
57 0.92505651875 0.4494286734375 0.9189899031250001 0.4451326421875 0.91384176875 0.446947403125 0.915483309375 0.452658503125 0.9214001703125 0.45245188125 0.925080971875 0.450128890625 0.92505651875 0.4494286734375
57 0.9296414453124999 0.49118094531249995 0.9295067749999999 0.48732450624999996 0.926919203125 0.4866551046875 0.9087018828125 0.48729126875000006 0.909189146875 0.4925419640625 0.9144370765625001 0.4935849390625 0.9151984015625001 0.498008571875 0.9235199109375 0.497717978125 0.9276173265625 0.49353342031249997 0.9296414453124999 0.49118094531249995
57 0.6872235328125 0.4215431984375 0.6895620234375001 0.42146153750000004 0.6894272421875 0.41760189375 0.686193484375 0.4162978328125 0.6760608359375 0.41583417968749997 0.6759257265625 0.42074384687500005 0.6844989328125 0.42044446406249997 0.6872235328125 0.4215431984375
4 0.525605315625 0.47212618281249996 0.52492056875 0.47057375625000003 0.5203990593750001 0.47277537968749994 0.51967214375 0.475861246875 0.5257283625 0.475649759375 0.525605315625 0.47212618281249996
57 0.48055227343749995 0.43557557031250005 0.480587221875 0.43657636093749996 0.48639940781249996 0.43637339375 0.48983726250000004 0.43283436093749994 0.4898218484375 0.43239298593750003 0.48055227343749995 0.43557557031250005