12 0.4812028171875 0.47949397656250003 0.45932320156250006 0.47210776093750006 0.449587990625 0.472592440625 0.44525745156249996 0.4799882984375 0.45315293749999996 0.48524086562499996 0.45701949218750004 0.488545609375 0.4855706140625 0.5006648421875 0.5319292625 0.5143339890624999 0.5400059921875 0.5137224546875 0.5429027750000001 0.5068980625 0.5336389968749999 0.49767796249999996 0.5153572046875 0.4888314421875 0.504661415625 0.49298223124999996 0.4965705625 0.48818991718750004 0.48750288125 0.48569886562500003 0.4812028171875 0.47949397656250003
45 0.47298640937499997 0.48366176093749996 0.47359581562499997 0.48222608906250003 0.46913842499999997 0.47887115625 0.45393335468749996 0.47540447812500003 0.45687307656250004 0.47999626875 0.464306340625 0.48315150312500005 0.47211746562499995 0.484481125 0.47298640937499997 0.48366176093749996
54 0.5734968765625 0.45881635468750004 0.5820183453125 0.46861463593749997 0.59259281875 0.473103234375 0.59812390625 0.4708849328125 0.61292199375 0.47390726718750004 0.6242688750000001 0.4738351109375 0.626140284375 0.47075932031249995 0.6262165828125 0.470579571875 0.6098129625 0.45737851718750006 0.5991661078125 0.45720463593750005 0.590635778125 0.44923828437499996 0.5802657234375 0.44700917812499996 0.5735900125 0.458596940625 0.5734968765625 0.45881635468750004
6 0.6406870125 0.5284643875 0.6148156671875 0.512241440625 0.6105178140625 0.51394778125 0.6315376968749999 0.5269779921875 0.638442225 0.529908790625 0.6402835515625 0.5294148828125 0.6406870125 0.5284643875
6 0.5044335484375 0.488302425 0.5007329171875 0.485119034375 0.49169792343749996 0.476938465625 0.48508077656250004 0.475163784375 0.485010190625 0.475330075 0.493663278125 0.48373071718749994 0.5044335484375 0.488302425
6 0.506452271875 0.48493270156249996 0.498157109375 0.4873356734375 0.5067489390625 0.49098268906250003 0.5131503375 0.4890143125 0.51331923125 0.488616425 0.506452271875 0.48493270156249996
6 0.5230366562500001 0.49069927656249995 0.5336574656249999 0.49731236562500003 0.5385655015624999 0.499395703125 0.5397882109375 0.4975383 0.5230366562500001 0.49069927656249995
6 0.37603763125 0.4881196109375 0.37627347968749997 0.4875639875 0.371885025 0.4830469296875 0.3611569265625 0.4760488109375 0.35755910156250004 0.47750911562500004 0.3642758359375 0.48312702500000004 0.37603763125 0.4881196109375
6 0.38917535625 0.457116453125 0.3892880828125 0.466585084375 0.392997353125 0.46815957656249996 0.3952692109375 0.46280741562500005 0.38917535625 0.457116453125
27 0.358114525 0.4556272609375 0.373449584375 0.47001272031249997 0.3907547359375 0.47274128906249996 0.385480246875 0.46832968125 0.3871571015625 0.4657823828125 0.3799291453125 0.457554084375 0.36592876875 0.4540555890625 0.358114525 0.4556272609375
27 0.30732530625 0.42500419687499996 0.28002458125 0.41776116874999997 0.277208028125 0.4257996765625 0.3098227296875 0.43616864062499994 0.31108326875 0.433198996875 0.30732530625 0.42500419687499996
6 0.2572806578125 0.449541409375 0.24868761718750002 0.447510690625 0.2486250390625 0.447658115625 0.2488377515625 0.454495721875 0.2578993671875 0.45834215 0.2572806578125 0.449541409375
6 0.302923521875 0.47241672343749996 0.294683190625 0.46073291406249994 0.28804114062499997 0.4595430703125 0.29355595624999997 0.47008259687500004 0.30141896875 0.4734202484375 0.302416128125 0.4736120671875 0.302923521875 0.47241672343749996
6 0.1302381171875 0.45887856875 0.1128025953125 0.4620696421875 0.117067759375 0.46605281718749997 0.131861109375 0.4635264171875 0.1327542328125 0.46142234843749996 0.1302381171875 0.45887856875
6 0.041770596874999996 0.4545282234375 0.036913696875 0.46129326875 0.0463594984375 0.4653027734375 0.052425793750000005 0.45871644375000004 0.0524996359375 0.45854248281250004 0.041770596874999996 0.4545282234375
6 0.1892295828125 0.436345428125 0.187674128125 0.43362561875 0.1865260203125 0.433138275 0.1603314375 0.42844583593749996 0.16018299375 0.42879554531249997 0.1622697140625 0.43132927499999996 0.16359685468750002 0.4318926125 0.1890365765625 0.43680012343749997 0.1892295828125 0.436345428125
39 0.06575506406250001 0.3761706546875 0.050517309375 0.37839349375000003 0.0850777296875 0.4302713640625 0.1151778078125 0.4702071 0.134468734375 0.48790126562499997 0.1460812484375 0.50253983125 0.1502042234375 0.5042899296875001 0.1518448515625 0.50042485625 0.1417783125 0.4861153765625 0.1405575640625 0.4763631359375 0.13259727187499998 0.457231965625 0.11021337499999999 0.4327931109375 0.06575506406250001 0.3761706546875