57 0.1822354015625 0.221673296875 0.1793488125 0.20344809531250002 0.15063267656249998 0.20255353125000003 0.14872770625 0.2028552484375 0.1389641390625 0.20941123906249998 0.127743134375 0.2072335296875 0.1296512390625 0.21615951249999998 0.18190170156250002 0.22607658593750002 0.182634753125 0.22596048125 0.1822354015625 0.221673296875
11 0.528137246875 0.22344349531250002 0.5297103015625 0.2181376734375 0.5286753578125001 0.21160330156249998 0.5262754984375 0.20238168124999997 0.520359459375 0.1993637484375 0.49987946718750004 0.21051734375 0.498411684375 0.2199780171875 0.5005945890625 0.2278058234375 0.528137246875 0.22344349531250002
7 0.2934465703125 0.5542692828125 0.293848396875 0.5568063140625 0.2992266140625 0.5595498906249999 0.3153511875 0.5708383046875001 0.3301248140625 0.5704758625 0.3513716390625 0.57040648125 0.36297306875 0.5718647796874999 0.37020333125 0.57276300625 0.38329040000000003 0.5706902171875 0.38904630625 0.5585697640625 0.3861170390625 0.5400751046875001 0.383998253125 0.532940240625 0.35648192343749996 0.5340026140624999 0.3149258578125 0.53069709375 0.300742328125 0.5441492125 0.293990553125 0.5452185890625 0.2934465703125 0.5542692828125
57 0 0.21375558906249997 0.005453190625 0.2128918890625 0.01003265 0.199576675 0.0120784859375 0.1961066703125 0.011176253125 0.1904101984375 0 0.183668009375 0 0.21375558906249997
7 0.42227251718750003 0.489306246875 0.42950057968750005 0.47563744999999996 0.42217968125 0.4543856296875 0.403697671875 0.450062165625 0.39557397656250004 0.44871220312500004 0.38835430937500004 0.44807596250000004 0.387177571875 0.4482623390625 0.3813095765625 0.45228977812500004 0.38482024843749996 0.468212665625 0.38543730468750004 0.4845938578125 0.40481278906249996 0.49292849843750003 0.41143329062499995 0.4918799140625 0.42227251718750003 0.489306246875
11 0.3863838671875 0.4893216984375 0.3930522171875 0.4916272359375 0.404023853125 0.48988950000000003 0.4049368109375 0.48909892812500005 0.4047331203125 0.4878128765625 0.3903918015625 0.483413646875 0.3833764375 0.46409090624999993 0.39136535 0.44898329062500003 0.3808572609375 0.4513067640625 0.363426646875 0.4692281140625 0.3863838671875 0.4893216984375
57 0.59836256875 0.6116381984375 0.5941794125000001 0.5961513968750001 0.564611184375 0.6061078 0.573136565625 0.6387040984375 0.574547390625 0.6384806453125 0.598747034375 0.6140656203125 0.59836256875 0.6116381984375
7 1 0.5229801515625 0.9780945546875 0.525853353125 0.9385739093750001 0.5209071390625 0.936131109375 0.519975728125 0.9360262671875 0.5206514906249999 0.933478625 0.5203958390625 0.9333027921875001 0.5189735421874999 0.9309309828125001 0.5201401890625 0.9304744765624999 0.5179713593749999 0.9276461609375 0.5169691750000001 0.9283833421875001 0.5198845390625 0.9258357 0.5196288890625 0.92481784375 0.5159669906250001 0.9228894453125 0.5152836828125 0.9221193796874999 0.51540565 0.9232880578125 0.5193732390625 0.9207404171875 0.5191175890624999 0.91881733125 0.516785546875 0.9181927765625 0.5188619375 0.9156451328124999 0.5186062875 0.9116431828125 0.5370373734375 0.9136052015624999 0.5525463875 0.928235034375 0.5700039593749999 0.9417385859375 0.56786520625 0.9393353812499999 0.5473411453125 0.9516952484375001 0.54645359375 0.9518722328125 0.578784178125 0.9623803203125 0.576460703125 0.9987999109375 0.57919553125 1 0.57900545625 1 0.5229801515625
43 0.4513128796875 0.5721535328125 0.456429796875 0.573247325 0.45647676875 0.5765003796875 0.45902151093750004 0.5760973328125 0.45898825624999995 0.5737942203124999 0.4609682484375 0.575789 0.461566253125 0.575694284375 0.46154671406250003 0.5743411140625 0.46304813749999996 0.575459578125 0.46411099375 0.5752912375 0.464105171875 0.5748880109375001 0.46473788281250006 0.5751919484375 0.470575634375 0.5742673390624999 0.47635928749999995 0.566941496875 0.47491946875 0.5640934750000001 0.47682892656250003 0.5634559765625 0.47681053906250004 0.5633398734374999 0.44875442187500003 0.5716066375 0.44619596250000004 0.5710597390625 0.41657382031249995 0.5744331140625001 0.41928584375 0.58239084375 0.44465689687500004 0.5783724640625 0.4513128796875 0.5721535328125
57 0.4345229921875 0.10624139375 0.410002125 0.1074884890625 0.4116316515625 0.117776909375 0.42032003749999997 0.1171258765625 0.45235346875 0.1120522796875 0.4345229921875 0.10624139375
57 0.818176003125 0.2597686609375 0.8373037421875 0.2537070015625 0.8375733406249999 0.2441724421875 0.8373871093749999 0.2429966234375 0.82247021875 0.234963378125 0.8153859499999999 0.2308121609375 0.789777725 0.24080051875000003 0.802831946875 0.25455269999999997 0.8113290140625 0.26085311718750004 0.818176003125 0.2597686609375