39 0 0.1841941828125 0.005086223437500001 0.179792065625 0.0125098875 0.185022403125 0.014434590624999999 0.1849888078125 0.0191223640625 0.18174038125 0.003413440625 0.1398617796875 0.0033221390625 0.1398633734375 0 0.1433841015625 0 0.1841941828125
7 0.14455832500000002 0.23696094687499997 0.1378954671875 0.24201221093749997 0.12696293125 0.26029789999999997 0.1252311453125 0.27568134375 0.12857514375 0.2953628234375 0.134842140625 0.310606646875 0.15306065625 0.3086436546875 0.1648578953125 0.296922821875 0.1672522640625 0.29084940625 0.173714190625 0.27428674062499997 0.184850021875 0.2613807796875 0.1844576765625 0.238903334375 0.1843022703125 0.2362672140625 0.1844000015625 0.23559913593749998 0.1840945921875 0.218102296875 0.1811316890625 0.2121960765625 0.1746709515625 0.214502165625 0.168181509375 0.21516376718750002 0.15697149531250001 0.21755275625 0.1514041671875 0.2280681875 0.14455832500000002 0.23696094687499997
7 0.22103910781249997 0.20385715000000001 0.22215496250000002 0.19616106718749998 0.21867582031250002 0.1830618953125 0.21246504531250002 0.185363621875 0.2068606328125 0.1794298265625 0.201803984375 0.17622811562500001 0.191746909375 0.1873702453125 0.1842277265625 0.2006613921875 0.17588211250000002 0.20958033125000003 0.16583460625 0.2212706234375 0.16191057343749998 0.2399823078125 0.1618137015625 0.24875726562499997 0.16298577812499998 0.2586067296875 0.1669361390625 0.2700526875 0.1708338015625 0.27914860625000004 0.1840408078125 0.2789180765625 0.1919419 0.2701645390625 0.199009 0.2596229296875 0.21177738281249997 0.24624015781250003 0.2182393078125 0.229677490625 0.221461296875 0.21371970624999997 0.22103910781249997 0.20385715000000001
39 0.12486917187499999 0.23256157812499997 0.137510790625 0.24056585312499998 0.144442746875 0.23660655468749997 0.150067484375 0.22938009531249998 0.1513389671875 0.2216470234375 0.151283078125 0.2184450890625 0.1334073390625 0.22034930312499998 0.1261404953125 0.20512293124999997 0.1206712265625 0.1926068265625 0.11724711562500001 0.21130978749999998 0.118783971875 0.22773283437499997 0.12486917187499999 0.23256157812499997
39 0.111907071875 0.1112960234375 0.10907381093749999 0.099387684375 0.10027763281249999 0.09285160625 0.09958676718750001 0.09286366562500001 0.09325915781250001 0.1173081765625 0.0932700390625 0.11793155625 0.10254595312499999 0.130317725 0.10312919843749999 0.1303075453125 0.11197469374999999 0.11517005312499999 0.111907071875 0.1112960234375
33 0.2005566 0.355447275 0.2004669796875 0.3503129265625 0.192544190625 0.33815369375 0.19227956875000002 0.3381583125 0.1855636640625 0.34523931874999997 0.1850995703125 0.3652066 0.1852842359375 0.37578612968749997 0.18539046875 0.375784275 0.19927091875 0.3713198546875 0.2005566 0.355447275
11 0.2818957828125 0.50309419375 0.2837986078125 0.5118342484375 0.29266209375 0.5182594843749999 0.3024201765625 0.518637484375 0.3046277109375 0.49827914062499995 0.30413908749999996 0.470285978125 0.3037991265625 0.468715465625 0.29020550156249997 0.4634694515625 0.288378034375 0.47337127343749996 0.28448389375 0.4794708671875 0.2849156515625 0.48988158437499996 0.2818957828125 0.50309419375
57 0.4151624359375 0.47178882343749995 0.41865468906250003 0.46838991406249997 0.4257887875 0.45631490625 0.425748275 0.453993959375 0.42029198125 0.43326826875 0.413198553125 0.4136522359375 0.40389974375 0.43958601875000003 0.4094646953125 0.4575837421875 0.4113445265625 0.4718554640625 0.4151624359375 0.47178882343749995
49 0.5374911171875 0.2072986421875 0.522810340625 0.21139320156250002 0.521592334375 0.215027559375 0.52168118125 0.22011763593749997 0.5220018578125 0.22237389687500003 0.53051013125 0.2227737125 0.5401426390624999 0.23028218281249999 0.5485253375 0.23781247187500001 0.558014321875 0.23709851093749998 0.5543892796875001 0.2442900640625 0.567512875 0.2369327140625 0.573492825 0.23573167499999997 0.57134841875 0.2418007265625 0.57417913125 0.25491806875 0.5771474828125001 0.25486625625000003 0.582442425 0.247090371875 0.58768205625 0.2464505828125 0.5953104453125 0.230462884375 0.59523248125 0.225996340625 0.5881951140624999 0.20422028593750002 0.5842734578125001 0.1944188140625 0.5695352734375 0.1952243984375 0.5507594234375001 0.1939071453125 0.5416065156250001 0.1995502015625 0.5374911171875 0.2072986421875
39 0.5485093125 0.3550729359375 0.544480028125 0.367754834375 0.5382883890625 0.3711528859375 0.5346741046875 0.364636025 0.5306077359375 0.36086869843749997 0.5247139 0.36700319531250003 0.520214584375 0.36708173125 0.5118402671875 0.37435618593750003 0.508984246875 0.3826309765625 0.5148864625 0.39130121875 0.5214046078125001 0.3922841 0.526278271875 0.39932730781250003 0.5280486671875 0.3994951765625 0.5452397765625 0.3991951046875 0.5472750734375 0.39896080624999997 0.553890090625 0.3911687359375 0.5577758515625 0.3702644 0.563623034375 0.3471325140625 0.5640260875 0.3558987453125 0.5596308343749999 0.37626364375 0.567303109375 0.37174308906250003 0.57501484375 0.3551586078125 0.5766222437499999 0.33264905625 0.578229409375 0.326241403125 0.5781277890625 0.3204195984375 0.57365259375 0.320089321875 0.571181678125 0.3217774375 0.566903621875 0.320207125 0.5560488203125 0.32862153437499997 0.5557211234375 0.3384971765625 0.5485093125 0.3550729359375
39 0.74735065625 0.14549208125 0.742294009375 0.142290371875 0.7353046437499999 0.1429607 0.7314978046875 0.1397371734375 0.7339986125 0.125436965625 0.7289802375 0.12442790156250001 0.7266145734375 0.132145803125 0.7198931171875 0.1481646703125 0.7220172 0.1552558734375 0.725892203125 0.14805995624999999 0.7287960640625 0.142525978125 0.7290639750000001 0.1578745171875 0.7330047671875 0.1687723125 0.7350702515624999 0.1868311203125 0.7338001171874999 0.200013190625 0.7370867062500001 0.21640569687500003 0.7416051578125 0.21742348437499998 0.741306165625 0.22894361562499999 0.748938978125 0.2364869921875 0.755769428125 0.23924649375 0.761890025 0.23913965781250002 0.7669852671874999 0.22465708125 0.770139653125 0.2191509859375 0.7698687875 0.20363315937499998 0.766083478125 0.20164300000000002 0.76100769375 0.1973449640625 0.7567392046875 0.1963228125 0.756192628125 0.17933415 0.7516179562499999 0.1607708109375 0.74735065625 0.14549208125
57 0.32773807499999996 0.2568619 0.3433531953125 0.21004303281249997 0.3433006125 0.20703058125 0.32123187343750004 0.22791401875 0.30970373281249997 0.2407268140625 0.3040539890625 0.2877624046875 0.3042028984375 0.2877598046875 0.3145463140625 0.27463869375 0.32773807499999996 0.2568619
57 0.348497209375 0.325684971875 0.3278482421875 0.3415025109375 0.33008714375000003 0.355171659375 0.34157530468749997 0.36680710625 0.341935634375 0.3668008171875 0.349011853125 0.355168890625 0.348497209375 0.325684971875
57 0.058052625000000004 0.1362212359375 0.0479094359375 0.14242990625000002 0.04692748125 0.14884421875 0.0469742890625 0.1515257875 0.0546667875 0.15711684374999998 0.06218478125 0.1580822734375 0.0626165390625 0.168492990625 0.069028246875 0.17770266875000001 0.0748742421875 0.1688273609375 0.076711278125 0.1594737 0.07980769062500001 0.1506463859375 0.08037578125 0.1402182171875 0.093335528125 0.1377986875 0.0950143453125 0.12833355156249998 0.094970290625 0.125809721875 0.08774187343749999 0.11815647656249999 0.079848340625 0.124325878125 0.07180171875 0.12172468593750001 0.06635996562499999 0.1251096484375 0.06107130468750001 0.13726520312499998 0.058052625000000004 0.1362212359375