35 0.5302565171875 0.3048480015625 0.515222340625 0.3183873921875 0.502738196875 0.32992165 0.49462604531250004 0.34037390625 0.49542406093749997 0.344899678125 0.5018242671875 0.3506153203125 0.5077988609374999 0.353917225 0.5121745578125 0.3550589296875 0.5233095 0.3530955390625 0.54226614375 0.344728725 0.5900221546875 0.323864096875 0.5909804125 0.3231234859375 0.5894570156250001 0.31448387499999997 0.5799379499999999 0.3066651859375 0.57015981875 0.3006118640625 0.5583403515625001 0.29709617499999996 0.5475914671875 0.29494720625 0.540350234375 0.29622403125 0.5302565171875 0.3048480015625
29 0.48067487656249996 0.911467 0.47492983750000006 0.9165242890625 0.4664153984375 0.92704748125 0.4640016546875 0.9274730890624999 0.45782444218749996 0.9347842765625 0.4508958484375 0.9425390515625001 0.447542309375 0.9493382031250001 0.4480769609375 0.9523703578125 0.450533628125 0.9522469843750001 0.45372207031249995 0.9538624656250001 0.455384434375 0.9538804453124999 0.455896684375 0.956785559375 0.456867940625 0.9566143015625 0.46103982187500003 0.9553720406249999 0.46780881250000006 0.9467121109375001 0.510466096875 0.8922851046875 0.509684896875 0.8878547031249999 0.502820565625 0.8935626703124999 0.49997464531249997 0.8962421718750001 0.49906366406249997 0.89578060625 0.49187563125 0.8973591515624999 0.48773975468749997 0.9021327015624999 0.48067487656249996 0.911467
29 0.46447982187500003 0.9627073828125001 0.47311084843750006 0.9646075890624999 0.4808972234375 0.9570126625 0.49530973749999996 0.9470049749999999 0.5003733703125001 0.9430233515625 0.49957474687500003 0.9384941359375001 0.4958082453125 0.9357175156249999 0.47991628750000004 0.9490970578125 0.4728047734375 0.953461996875 0.4650781640625 0.956691 0.4618299546875 0.9594414390624999 0.46447982187500003 0.9627073828125001
57 0.61236265625 0.6837782875 0.61275838125 0.6883749921875 0.618520171875 0.6904700234375001 0.6263274078125 0.6903300171875 0.6348333328125 0.6888301921875 0.6386645953125 0.6847403265625001 0.637623890625 0.6811906421875 0.6244146265625 0.674497928125 0.6134762609375 0.673626765625 0.6113285187499999 0.675560965625 0.61236265625 0.6837782875
6 0.6055575140625 0.8320268640625 0.624605009375 0.820781921875 0.6195180812500001 0.8154569078125 0.59907120625 0.8265286156249999 0.600727003125 0.8312142359375001 0.6045987203125 0.8321959250000001 0.6055575140625 0.8320268640625
6 0.6791350140625 0.7510884421874999 0.6759310703125 0.7520756343749999 0.6728191453125001 0.7532465484374999 0.6708645125 0.7703905390625 0.68014051875 0.77124371875 0.680977821875 0.7615395234375 0.6791350140625 0.7510884421874999
6 0.9008427609374999 0.6137533296875 0.882626053125 0.6072147 0.8778451984375 0.613035275 0.8956719140624999 0.6190382515625 0.8978945671874999 0.6186463375 0.900938903125 0.6142985765625 0.9008427609374999 0.6137533296875
6 0.9742749234374999 0.5803038796875 0.95627356875 0.5725606234375 0.9498835531250001 0.5786649359375 0.969299159375 0.5870165328125 0.9730853625 0.5863489234375 0.9750156796875 0.5845049125 0.9742749234374999 0.5803038796875
6 0.1216673484375 0.56789631875 0.120648184375 0.567379940625 0.10539463906249999 0.5843800984375 0.1076436234375 0.58504905625 0.11216116093749999 0.5842524921875001 0.122512959375 0.5726920171875001 0.1216673484375 0.56789631875
6 0.030133496875 0.5706706203125 0.027811514062499997 0.5663824578125001 0.008634878125 0.5747189984375 0.0086865890625 0.5750122703125 0.011008571875000001 0.5793004328125 0.030185207812499996 0.5709638921875 0.030133496875 0.5706706203125
6 0.223330340625 0.39563036875 0.227677096875 0.41156992499999995 0.23200284999999998 0.4108071765625 0.22914595468750001 0.39460491875 0.223330340625 0.39563036875