27 0.182745965625 0.7208075359375 0.1929488265625 0.7283277296875 0.19413939687499998 0.7278707125 0.20559661875000002 0.7091796046875001 0.24712627656250002 0.6609296875 0.24609725624999998 0.658248996875 0.2262196 0.6366374359375 0.208758875 0.6037076156250001 0.188152215625 0.633040671875 0.1783992734375 0.643211346875 0.150502196875 0.6682019625 0.182745965625 0.7208075359375
33 0.144058803125 0.634959359375 0.13920714218750002 0.6263948109374999 0.147317621875 0.6232814890625 0.146667803125 0.6215886546875 0.130558575 0.6129334140625 0.1164445296875 0.6040693546875 0.11640782812499999 0.6144378453125 0.11137795625 0.62993646875 0.128297646875 0.6410095015625 0.144058803125 0.634959359375
39 0.30567116875 0.6856546171875 0.31725817031250003 0.6704953328125 0.303552146875 0.6689726640625 0.24451782031249997 0.67842303125 0.254601775 0.71097109375 0.2621716375 0.7362721156250001 0.2920260578125 0.7373087671875 0.3184217734375 0.7300327890625 0.3416717453125 0.7247956 0.3491956546875 0.7219074421875 0.3487237546875 0.7206780984375001 0.31200233593750004 0.702147871875 0.3072792640625 0.6968199203125 0.297583178125 0.6841176765625 0.30400981875 0.6827218671875 0.30567116875 0.6856546171875
39 0.332731828125 0.66044391875 0.3196581 0.680101434375 0.3085434046875 0.6957935125 0.3058290171875 0.6929079375 0.301161115625 0.6946997765625 0.31191023906250004 0.7073548453125 0.31616651875 0.7128619781250001 0.34151662968749996 0.7216974984375 0.3753908734375 0.74365165625 0.376881709375 0.743079378125 0.377516559375 0.7303724640625 0.3898001453125 0.7295847671875 0.40654199375 0.699950034375 0.39782362031249996 0.6925852531250001 0.41513899375 0.6916512781249999 0.45174340781250005 0.6726014828125 0.45824536875 0.6658210343750001 0.4645187796875 0.6517307203125 0.46358882343749996 0.649308103125 0.44091513281249994 0.6346263640625 0.42049390468750003 0.6274693109375 0.3948919328125 0.601235103125 0.3756947640625 0.6161022218750001 0.3502235125 0.6369482203125 0.332731828125 0.66044391875
39 0.432896428125 0.6323543109374999 0.44128593125000004 0.65769775 0.45118974375 0.6821028499999999 0.46415527812499996 0.7089031515625 0.474051659375 0.7172439296875 0.4925138546875 0.728366421875 0.506058203125 0.7392344078125 0.5100846906250001 0.7301907703125 0.53035065 0.7343780921875 0.53296723125 0.73337368125 0.5314522187499999 0.7084207046875 0.54670925625 0.6986365484375 0.553600790625 0.6963154046875 0.54914335625 0.6847033921875 0.5470546749999999 0.682793825 0.5368476624999999 0.664574934375 0.4930334421875 0.6292645828125 0.4837986296875 0.6156711765625 0.444999871875 0.6234236546874999 0.432896428125 0.6323543109374999
39 0.496301834375 0.8048995171875 0.47340535937499995 0.8408243234375 0.4530174609375 0.88328419375 0.45041892812500006 0.8953501749999999 0.4419137984375 0.9004002296875001 0.43544493749999996 0.9114525531250001 0.4268222671875 0.93154375625 0.462732240625 0.95881976875 0.47693815624999997 0.9644351265625 0.4826113578125 0.9715406453125001 0.493060884375 0.9757415578125 0.50986701875 0.939298228125 0.524602096875 0.9225734640625 0.5415938890625001 0.8949850734375 0.54966893125 0.8797457124999999 0.5676017359375 0.8678632765625001 0.5760772671875001 0.8507895921875 0.5751130234375 0.8482776546874999 0.559063278125 0.8232964078125 0.53897091875 0.7981606953125 0.5327409703125 0.8098354062500001 0.5312779984375 0.7871888453125 0.5108769234375 0.7675273625 0.496301834375 0.8048995171875
57 0.599162990625 0.11381277187500001 0.6016454359375001 0.11285985000000001 0.6036999015625 0.105633184375 0.6109682515625 0.1071277078125 0.6233106078125 0.0988194375 0.6257841671875 0.085730284375 0.6309897984374999 0.0825924484375 0.6302240390625 0.080597578125 0.6051496968750001 0.06615839375 0.5842947781250001 0.06345239531249999 0.5785481703124999 0.077083859375 0.560817575 0.099957171875 0.575615253125 0.1064165203125 0.599162990625 0.11381277187500001
33 0.5534945453125 0.4560340703125 0.5610105203125 0.45009173437500005 0.5693373109375 0.4408274546875 0.5687741281250001 0.43936031406250003 0.55132906875 0.4241730828125 0.5457074328125 0.43882771875 0.5376268734375 0.4533550984375 0.5398910203125 0.458555796875 0.5485606328125 0.4579280234375 0.5534945453125 0.4560340703125
33 0.6540599421875 0.514503146875 0.653193953125 0.5126095984375 0.6569870453125 0.5036555515625001 0.6482099031249999 0.5038113453124999 0.645622403125 0.517301284375 0.6472514968749999 0.5171166640625 0.6540599421875 0.514503146875
33 0.705484921875 0.45542068281250003 0.7051952421875 0.4546660390625 0.696160334375 0.4510111015625 0.6960556171875 0.465736853125 0.6965038046875 0.46690442499999996 0.70062983125 0.46817435312500005 0.7013626390625001 0.4678930546875 0.705484921875 0.45542068281250003
57 0.7622454078125 0.420164959375 0.757352821875 0.418450246875 0.7494173890625 0.421496375 0.7657916203124999 0.43646642968749993 0.766562659375 0.4361704546875 0.765302734375 0.4281295671875 0.7622454078125 0.420164959375
33 0.8982440234375 0.42128990625 0.867454196875 0.40839874375 0.8494717406250001 0.41387336875 0.880678259375 0.43755450937499996 0.8843958515624999 0.436127459375 0.898556615625 0.42210423593749996 0.8982440234375 0.42128990625
42 0.445505975 0.20107663125 0.42867936875 0.18654131875 0.42835962031249997 0.1905915921875 0.44437018124999994 0.20503178125 0.4451204515625 0.20474377968750002 0.4462167390625 0.2029282328125 0.445505975 0.20107663125
41 0.452739371875 0.2068401421875 0.44772341562499995 0.193773128125 0.44345195156250006 0.193066090625 0.4400759984375 0.19543314218750002 0.4418788703125 0.201525 0.4474034765625 0.20888840000000003 0.452739371875 0.2068401421875
57 0.24678091562499999 0.649085284375 0.248844290625 0.6411634203125 0.2567797234375 0.6381172937499999 0.26114745625 0.62769540625 0.260351521875 0.6256219234375 0.23969583125 0.623609334375 0.235919290625 0.63469931875 0.23045933125 0.640008634375 0.235079496875 0.6471613281249999 0.245403915625 0.649613865625 0.24678091562499999 0.649085284375
39 0.1647214921875 0.793317378125 0.1720638828125 0.7999439421875 0.1901828671875 0.7929887156250001 0.19838003906249999 0.78682394375 0.199237584375 0.7716177484375 0.19191095 0.7525312140625 0.183442525 0.7472127796875 0.173415653125 0.73713685 0.150248853125 0.7381746875 0.1463473375 0.7482414984375 0.163769446875 0.7761874671875 0.1647214921875 0.793317378125
39 0.3190147578125 0.7580398749999999 0.3172716125 0.7521036125 0.315058690625 0.7463387531250001 0.29673740312499997 0.7530235140625 0.2784296796875 0.7618364328125 0.27491771875 0.761756353125 0.2973442484375 0.785326596875 0.29853368125 0.7848700171874999 0.3190147578125 0.7580398749999999
39 0.8441230375 0.9018023749999999 0.8444758640625001 0.9016669374999999 0.8455680031249999 0.8956911421875 0.8400197734375 0.8896087953125 0.8362945703125 0.8771138796875 0.836792546875 0.865854228125 0.84201359375 0.859922525 0.8446728109375 0.8556883093750001 0.8574066374999999 0.8525854953125 0.8619275 0.8469225671875 0.870783621875 0.8380780328125 0.8677073109375 0.830063971875 0.8114401499999999 0.8507489265625001 0.801811046875 0.8544451921875 0.8003332593750001 0.87342276875 0.8037276765625 0.8885439937499999 0.8135101203125 0.897285559375 0.8283610515625 0.8955123515625001 0.8341371578125001 0.9007931265625 0.8441230375 0.9018023749999999
39 0.92903323125 0.5387769109375 0.9381841265625 0.5443522078125 0.9517230546875 0.5391551 0.9638477203125 0.53041155625 0.9661938734375 0.519824528125 0.9641316249999999 0.514452184375 0.9575863578125 0.5078216875 0.9328445609375 0.50196609375 0.905737628125 0.508086890625 0.9073145374999999 0.5303326640625 0.9137761937500001 0.5485610703125 0.92903323125 0.5387769109375
53 0.6354785875 0.395129175 0.6310122296875 0.391130875 0.6300958921875 0.3914826234375 0.6117135234375 0.427526815625 0.614922284375 0.433793103125 0.621033590625 0.43847658125000005 0.62226024375 0.43800571250000003 0.6390244703125 0.40436651562500003 0.6354785875 0.395129175
53 0.6231794359375 0.350008659375 0.6391918265625 0.34707551406250003 0.657603 0.347450353125 0.6582882875 0.347187296875 0.649905934375 0.34010636562499996 0.6236001765625 0.3287813 0.621532721875 0.3338595015625 0.6206432765625001 0.339913703125 0.617745146875 0.343525528125 0.6231794359375 0.350008659375
53 0.698181928125 0.4508710765625 0.7060962265625 0.4577076796875 0.706249809375 0.457648725 0.7079680890625 0.4531694640625 0.7070791375 0.45085366718750003 0.7037889265625 0.4494328484375 0.691170728125 0.422142171875 0.6820683187500001 0.42563625937499994 0.6764190984375 0.43673099843749996 0.6802416906250001 0.446689190625 0.698181928125 0.4508710765625
57 0.3375071765625 0.48653585312500003 0.3350381703125 0.48010387187500003 0.3289275875 0.47395175468749995 0.31745812500000004 0.47406988906249997 0.31644370781250003 0.47910091718750003 0.3310182484375 0.4928984625 0.33340332031250003 0.49198291875000005 0.3375071765625 0.48653585312500003
31 0.45596178906249996 0.51607785625 0.4229630953125 0.5222410484375 0.42936598125 0.547990028125 0.46266419843750006 0.5461314890625 0.4651239109375 0.54518729375 0.46294555156249995 0.534271178125 0.45596178906249996 0.51607785625
39 0.4109901265625 0.587189365625 0.42284193906249995 0.6062050718750001 0.4428882484375 0.610292609375 0.452563365625 0.6253237171875 0.45338413906249997 0.6250086515625 0.45828320624999996 0.6183079234375 0.4490483921875 0.6047145171875 0.45179948281250004 0.5972316015625 0.45064163281249997 0.5850592078125 0.44321515624999996 0.5657125749999999 0.43875671250000003 0.5604635984375 0.43150491406249997 0.5611050125 0.4242365640625 0.559610490625 0.410841171875 0.567965934375 0.4125963078125 0.583002328125 0.4109901265625 0.587189365625
39 0.41170945156250005 0.6292904171875 0.410380903125 0.6240578718750001 0.40675640937499996 0.61461574375 0.40099383125 0.6046613671875 0.3849538578125 0.60403461875 0.3777296421875 0.6082359265624999 0.372357953125 0.624936909375 0.3927041296875 0.6365858765625 0.41170945156250005 0.6292904171875
39 0.43898159375 0.614503571875 0.44596881093749996 0.6250322171875 0.44542669999999995 0.6305960390625 0.455392884375 0.6328402015625 0.45965276718750003 0.6237069703125 0.467245821875 0.6297296343750001 0.471190996875 0.6282152234375 0.475990425 0.6174355312500001 0.46532765625000005 0.60081978125 0.438387915625 0.5983072390624999 0.43498989374999997 0.5978263765625 0.4378733890625 0.60743095625 0.43898159375 0.614503571875
39 0.432230821875 0.6112181546875 0.43149799218749996 0.609309065625 0.4123158375 0.61501560625 0.4126650859375 0.629877571875 0.4139643484375 0.6300985078125 0.424644909375 0.6259986234375 0.4293280109375 0.6202678390624999 0.432230821875 0.6112181546875
33 0.653720721875 0.6552211421874999 0.655693334375 0.64399236875 0.64796709375 0.6238648203125 0.6436866859375 0.6238756921874999 0.6332170078125 0.63217920625 0.6214995156249999 0.6456033375 0.6234604625 0.6569902437499999 0.645542746875 0.658360371875 0.653720721875 0.6552211421874999
53 0.7256608375 0.8786555265624999 0.7382218625 0.8662242078125001 0.7472420468750001 0.8476045640625 0.7458267625 0.8439176249999999 0.735367640625 0.8301868156250001 0.715404084375 0.8367789625000001 0.7031161828125 0.8590940328125001 0.7034834531249999 0.86005080625 0.720997259375 0.8804457078124999 0.7256608375 0.8786555265624999
53 0.3786574359375 0.581876621875 0.3821537171875 0.5820575578125 0.3824928703125 0.5819273703125 0.37508320156249997 0.5626245234375 0.353828078125 0.5591952640625 0.3533632140625 0.5593737078125 0.35613013437499996 0.574813915625 0.3717896734375 0.57165916875 0.3786574359375 0.581876621875
57 0.3647900890625 0.5571742625 0.36125405 0.565315540625 0.36545684375 0.5700565828124999 0.37606033125 0.5659862859375 0.3760485953125 0.565706265625 0.3762978078125 0.5658951265625001 0.37720865312499996 0.5655454859375 0.3765724328125 0.557784015625 0.372495996875 0.5471645390625001 0.3712826078125 0.5453987640625 0.3558509453125 0.5477519375 0.3572844171875 0.5514862593750001 0.3586309703125 0.5515559453125001 0.35853536406250003 0.5524342625 0.3647900890625 0.5571742625
33 0.6401104609375 0.49977388281249996 0.6438731109375 0.4983295359375 0.6465983203125 0.49054413906249994 0.6308413921875 0.49623560937500005 0.6214228359375 0.4891396046875 0.6146598937500001 0.49244975156250004 0.629457571875 0.49890909843750003 0.6401104609375 0.49977388281249996
42 0.8637673171875001 0.42240615625 0.863348715625 0.42209077656250005 0.8635063640625 0.4239741921875 0.8626691578125 0.4233434359375 0.84573905 0.45455148906250004 0.8458093625 0.45473465781250005 0.8488204937500001 0.4564782171875 0.8516147453125 0.455405603125 0.8525202515625001 0.453742990625 0.8524734640625 0.4534804125 0.8531934328125 0.452506946875 0.8531310515625 0.4521568453125 0.8538666156250001 0.4512709046875 0.8537886374999999 0.4508332734375 0.8545398000000001 0.4500348609375 0.8544462265625 0.4495097046875 0.8552129828125 0.44879881875 0.8551038125 0.4481861359375 0.8558861640625001 0.447562775 0.8557613999999999 0.44686256718750006 0.8565593484375 0.44632673125 0.8564189859375 0.44553899843749994 0.85723253125 0.44509068906250004 0.857076575 0.444215428125 0.8579057140625 0.4438546453125 0.8577341609375001 0.442891859375 0.858578896875 0.44261860468750003 0.8583917484375 0.44156829062499997 0.8592520796875001 0.44138255937500004 0.8590493374999999 0.44024472187499997 0.8599252625 0.44014651718750003 0.8597069234375001 0.4389211515625 0.8605984453125 0.43891047343749995 0.8603645109375 0.4375975828125 0.861271628125 0.4376744296875 0.861022096875 0.4362740140625 0.8619448109375 0.4364383890625 0.8616796859375 0.434950446875 0.86261799375 0.43520234375 0.879564 0.40422256875 0.882879034375 0.3987029171875 0.8824225265625 0.3975136734375 0.8778885390625 0.396951146875 0.8735147187500001 0.4064851640625 0.876754834375 0.4092454421875 0.86800345625 0.425314 0.8640282718750001 0.42083811875 0.8637673171875001 0.42240615625
57 0.354709665625 0.8670732484375 0.3483931 0.8506180359375 0.3315764578125 0.8504968234374999 0.32851113593750003 0.8627419906249999 0.3343093109375 0.8708706796874999 0.33879764218749997 0.8731813015625001 0.354709665625 0.8670732484375
57 0.8201379 0.815142515625 0.8137010953124999 0.8100589828125001 0.80894380625 0.8295813437499999 0.809295671875 0.8304979843750001 0.8167812812499999 0.8299424640625 0.8207387171875 0.8167076968750001 0.8201379 0.815142515625