33 0.197529703125 0.744094753125 0.21184830625 0.7405953671875001 0.24565055781249998 0.7303547421875 0.2472186546875 0.6984225328125 0.2282288171875 0.7007128328125 0.2154029515625 0.7012492531250001 0.2198339578125 0.68374878125 0.2197870453125 0.683736209375 0.200841828125 0.6928069265625 0.19173519375 0.6852585390625 0.1860691484375 0.68998376875 0.1815186515625 0.723387190625 0.1974054234375 0.7440614531249999 0.197529703125 0.744094753125
57 0.1774344046875 0.9204653437499999 0.184280509375 0.9200294078125 0.19321789843749998 0.9320731296875 0.20094967343749998 0.935890178125 0.204300234375 0.9367879578125 0.2154615421875 0.9340601968750001 0.2207062515625 0.914486675 0.21808018593749998 0.9001391375000001 0.2055030359375 0.8746332593749999 0.181703684375 0.8977706953125001 0.1742750328125 0.8974829515625 0.1785396515625 0.9105449515625 0.1774344046875 0.9204653437499999
57 0.0844961625 0.7299836984375 0.09101208125 0.722363825 0.10119081875 0.684376259375 0.1012367890625 0.6688706265625 0.0977291140625 0.6713362625 0.0940697328125 0.6907888171875001 0.0885208109375 0.7085998984375 0.0835720015625 0.7297360703125 0.0844961625 0.7299836984375
57 0.4496128875 0.955246496875 0.4588186515625 0.9677807250000001 0.45973955312500003 0.9680274796875 0.47068903906250004 0.941427 0.47391182499999995 0.929399396875 0.46771369375000005 0.921500771875 0.46369313125 0.9181531218749999 0.4579971609375 0.917194478125 0.4532521546875 0.9136527156250001 0.44370020937500004 0.9406077312500001 0.4496128875 0.955246496875
20 0.5530723359375 1 0.5585804624999999 0.974305775 0.56282496875 0.96522654375 0.5663997281250001 0.9480216578125 0.5757422015625 0.8812795203125001 0.558965434375 0.873378684375 0.5498066765625 0.8834114874999999 0.5471529562499999 0.8923493812500001 0.5374869531249999 0.970924128125 0.5402454109375 0.9818797953124999 0.5394135265625 1 0.5530723359375 1
57 0.78880653125 0.3234192890625 0.790545715625 0.31518705156250004 0.7936069671875 0.30979934375 0.7943500421875 0.30702615 0.79231298125 0.2844433796875 0.7806248625000001 0.290392928125 0.7781130390625 0.29880125625 0.7838688578124999 0.31112765 0.7882377640625 0.3232668875 0.78880653125 0.3234192890625
57 0.37851158281249997 0.5965517218749999 0.377052884375 0.612620846875 0.380048878125 0.6166801453125 0.3850847625 0.61802950625 0.3956849578125 0.5995312890625 0.3982784921875 0.5898520890625 0.3941578390625 0.5729324265625 0.39344578124999996 0.5659306046875 0.3869407453125 0.5670255125 0.380425896875 0.5845777765625 0.38208891875 0.5889964812499999 0.37851158281249997 0.5965517218749999
57 0.6197725203125 0.8197064953125001 0.6021491453125 0.8107520921875 0.5884531187500001 0.835901415625 0.588597540625 0.8359401125 0.6175642234375001 0.8256666765625 0.6185953453125 0.82409976875 0.6197725203125 0.8197064953125001
57 0 0.571126053125 0.00729150625 0.5667618328125 0.027708448437499998 0.560171796875 0.028338015625 0.5578222187499999 0.021944487500000002 0.546849490625 0.0111799828125 0.554181690625 0 0.5476997015625 0 0.571126053125
6 0.6982298140625 0.7901605593750001 0.6888626890625 0.8061894125 0.6929232578125 0.8072774390624999 0.698222565625 0.7985935796875 0.7001860296875 0.7912658328125 0.6982298140625 0.7901605593750001
57 0.7954093515625 0.7196282671875001 0.79717499375 0.7130387984375 0.785734809375 0.7099734109375 0.7802256234375 0.7170110125 0.7716194890625 0.722083621875 0.77154259375 0.7532802265625 0.7802060015625 0.7499257218750001 0.7954093515625 0.7196282671875001
39 0.4733490234375 0.728534634375 0.47757390781250003 0.7523701140625 0.48261509374999995 0.7480450390625 0.49604104531250004 0.7607238828125 0.50207808125 0.7623415015624999 0.50117200625 0.77345043125 0.5037572265625 0.7697185515625 0.5059634734375 0.7614847234375001 0.506180690625 0.7537918375 0.4999692578125 0.7373702625 0.491644340625 0.73173409375 0.49025014999999994 0.723414321875 0.4771652640625 0.7113944531249999 0.4733490234375 0.728534634375
57 0.5976112140625001 0.8739429375000001 0.600062275 0.8733439125 0.6073766218750001 0.8720056546875 0.6104808453125 0.860420534375 0.6107519671875 0.8518020249999999 0.6113592890625 0.8389102859375 0.5956108718750001 0.852285665625 0.5945628984375 0.863924159375 0.59452899375 0.8731170593750001 0.5976112140625001 0.8739429375000001