7 0.12469755 0.1374106890625 0.12481994999999999 0.1509772875 0.1265839234375 0.1552879078125 0.130221009375 0.1597157953125 0.15031090625000001 0.1572490671875 0.15526245624999999 0.1550591421875 0.1681001375 0.14648627812499998 0.1693218875 0.14386687812500001 0.170294715625 0.1392202203125 0.171361721875 0.137854515625 0.172197290625 0.13806059375 0.1705326640625 0.12450329687499999 0.17032705312500002 0.1243999296875 0.16760103125 0.11979586874999999 0.16010915312500001 0.11660011249999999 0.1521530609375 0.1171654328125 0.1261292046875 0.131473 0.12469755 0.1374106890625
7 0.439067740625 0.2081301234375 0.43627576875 0.21053075625 0.43464497812499997 0.2148466375 0.43625420937500003 0.22041095 0.4406002421875 0.225639228125 0.4449462765625 0.2308675046875 0.446969940625 0.23226528750000003 0.4493098046875 0.23388147343750001 0.46085377968749996 0.2324640515625 0.45997745625 0.22532697031249999 0.45722556562500005 0.222774765625 0.452824359375 0.2196110859375 0.4486828515625 0.21353456718750002 0.4434743359375 0.20882375468749997 0.439067740625 0.2081301234375
6 0.1432527234375 0.389528115625 0.1428874390625 0.3865531078125 0.142508971875 0.3896194375 0.1432527234375 0.389528115625
6 0.21331400625 0.3447182875 0.21325986718749998 0.34427735937500004 0.21242826718750002 0.343412290625 0.2072641453125 0.341576978125 0.2062469234375 0.3433481359375 0.2094938875 0.3451873390625 0.21331400625 0.3447182875
6 0.19318039843749998 0.3345965109375 0.193169353125 0.33450655 0.1926406359375 0.3346627859375 0.19318039843749998 0.3345965109375
6 0.2162980265625 0.32860955468749997 0.21543767812499998 0.329018721875 0.21814899375 0.3331049875 0.2197353265625 0.332910209375 0.219482365625 0.33085000937500003 0.218053053125 0.3283940640625 0.2162980265625 0.32860955468749997
6 0.1880969734375 0.30601643749999996 0.188017771875 0.305371396875 0.18704462500000002 0.30435908437500003 0.1840037359375 0.3047324578125 0.1804542359375 0.30599141093750004 0.18135236875 0.30771259687499997 0.18585034843749998 0.3071603140625 0.1880969734375 0.30601643749999996
6 0.179704078125 0.2811530015625 0.1798944984375 0.2827038546875 0.18825694375 0.281677075 0.18822520625 0.2814185984375 0.1876943984375 0.280866428125 0.1809394484375 0.2810013171875 0.179704078125 0.2811530015625
6 0.2313981421875 0.2819618453125 0.2387398046875 0.28255153125 0.2385557015625 0.2810521390625 0.231199009375 0.28034003749999997 0.2313981421875 0.2819618453125
6 0.16162902968749998 0.24656818593750002 0.157079428125 0.249297809375 0.161363278125 0.24877181875 0.1621361375 0.2484357 0.16194751406250002 0.2468994875 0.16162902968749998 0.24656818593750002
6 0.3044365671875 0.2919433125 0.3017985828125 0.2915757875 0.3023959828125 0.296441209375 0.30504162031250004 0.29724816875000004 0.305087234375 0.2972425671875 0.3044365671875 0.2919433125
6 0.3147283140625 0.302355728125 0.3090996015625 0.30503264375 0.30924023906250003 0.306178046875 0.3186365859375 0.3050243203125 0.31829539375000004 0.302245528125 0.31740809375 0.3020266921875 0.3147283140625 0.302355728125
6 0.382045809375 0.277846246875 0.381913465625 0.279938321875 0.389432065625 0.27901515468750004 0.3893756578125 0.278555746875 0.382045809375 0.277846246875
6 0.4383943375 0.2286649859375 0.43931025156250003 0.231960796875 0.44031184375 0.231837815625 0.43977636249999996 0.227476671875 0.4383943375 0.2286649859375
6 0.3498433640625 0.2130132078125 0.349282165625 0.21284203437500002 0.3465399765625 0.21564812031249997 0.347349459375 0.21649018125000002 0.348651340625 0.21633033125 0.3500549421875 0.21473637812500002 0.3498433640625 0.2130132078125
6 0.49788808125 0.2757766171875 0.4980019609375 0.2767040859375 0.505068225 0.2758364578125 0.5051862140625001 0.27488051874999997 0.49788808125 0.2757766171875
6 0.5079224359375 0.2483947734375 0.5058987703125 0.24699698906249998 0.5014316156249999 0.25083800312500004 0.5015894328125 0.2510758546875 0.50562114375 0.25058082187499997 0.5079224359375 0.2483947734375
6 0.3673377109375 0.342672125 0.3660710125 0.34228576093749996 0.36342838906249997 0.34590275 0.3644718421875 0.3466234828125 0.365944771875 0.3464426296875 0.367473784375 0.343780359375 0.3673377109375 0.342672125
6 0.372177371875 0.343624684375 0.37207656093749997 0.34280364375 0.3683078234375 0.33888322187500003 0.3670481375 0.340313746875 0.3671735921875 0.3413354859375 0.369665059375 0.3444116015625 0.3715282375 0.34418283125000004 0.372177371875 0.343624684375
6 0.48863445624999996 0.35665343437499997 0.483769034375 0.35725083281250003 0.48265224531250006 0.3582110859375 0.48763594374999997 0.35826281249999997 0.4888142984375 0.358118128125 0.48863445624999996 0.35665343437499997
6 0.5603050015625 0.45265829062499996 0.5604414906249999 0.453769903125 0.5616725546875 0.45462022031249993 0.5650494828125 0.452835665625 0.5645767203125 0.44898532187500007 0.5603050015625 0.45265829062499996
6 0.8410160375 0.44841300312500004 0.8402589703125001 0.4505432 0.8403275062500001 0.4511013734375 0.8443988546875 0.4529904359375 0.8480756828124999 0.45253897812500005 0.8410160375 0.44841300312500004
6 0.9019616421875 0.705671240625 0.9041172062499999 0.7013835265624999 0.9034802921875 0.696196278125 0.9020914984375 0.69380995625 0.8960097203125 0.6945567046875001 0.8997475749999999 0.69985965625 0.8979122609375001 0.7050237765625 0.8994603 0.7059783671875001 0.9019616421875 0.705671240625
6 0.9330269796874999 0.7188758984375 0.9329757296875 0.7184584968750001 0.9294621453125 0.7134737234374999 0.9205976515625001 0.7202160125 0.9207003296874999 0.7210522562499999 0.92172245625 0.7237099609375 0.9253810187499999 0.7232607468750001 0.9330269796874999 0.7188758984375
6 0.8204645109375001 0.7015097234375001 0.8191241140625 0.701905809375 0.8256928640625001 0.7087389328125 0.8278503390624999 0.708474028125 0.8275821765625 0.7062900203125 0.8242397031250001 0.7010461875 0.8204645109375001 0.7015097234375001
6 0.34428630937500004 0.45245865625 0.3446193046875 0.45296051875 0.350194746875 0.452275940625 0.35084041875 0.4519135140625 0.3504753140625 0.44893997187499995 0.34428630937500004 0.45245865625
6 0.1600938859375 0.43694061875 0.15989151875000002 0.436800840625 0.15207399531250002 0.4435226140625 0.1529256234375 0.4465870953125 0.1541845515625 0.4464325171875 0.1604411234375 0.439768646875 0.1600938859375 0.43694061875
6 0.6135411203125 0.8349472531250001 0.6087973 0.8288675187500001 0.6063538109375 0.8341063156249999 0.6124242171875001 0.8435471828125 0.6145647875 0.8432843546875001 0.6135411203125 0.8349472531250001
6 0.2095691140625 0.1342307328125 0.2092633578125 0.13416023906250002 0.20923651250000003 0.1342715703125 0.2095691140625 0.1342307328125
6 0 0.1646852875 0.005368178124999999 0.16402615781250002 0.0052169609375 0.1627945984375 0.0027830484375 0.1627693375 0 0.1631110515625 0 0.1646852875