2 0.499974534375 0.708540209375 0.5193867984375 0.7120782718750001 0.5272323796875 0.7108356546875 0.57481225625 0.6939028 0.5705464578125 0.6879974125 0.573168984375 0.6823009546875001 0.5728481999999999 0.68027560625 0.565278846875 0.6617482781249999 0.5520422703125 0.6587824203125 0.5045530968749999 0.670860059375 0.49462268125 0.6782545578125 0.4965059171875 0.6936494921875 0.499974534375 0.708540209375
6 0.41785048125 0.6348550562499999 0.41922791718749997 0.6377692046875 0.446542996875 0.6334429218750001 0.44508170468749997 0.63155451875 0.41785048125 0.6348550562499999
6 0.62785321875 0.66189884375 0.622600721875 0.66728685 0.6484481343749999 0.6692678125 0.6510656406249999 0.664722471875 0.6509396671875 0.6639271046874999 0.62785321875 0.66189884375
6 0.4840291953125 0.7996564015625001 0.48642081406250004 0.8043082921875 0.48713039843750006 0.80419590625 0.5186850765625 0.7977606796875001 0.5178267703125 0.7923415453125 0.4840291953125 0.7996564015625001
39 0.460095284375 0.5669732749999999 0.457315990625 0.5716215296875 0.46671884218750004 0.5701322640625001 0.47061835625 0.56682528125 0.460095284375 0.5669732749999999
25 0.3709228203125 0.48409541562499997 0.370162475 0.47929478437500006 0.366938215625 0.4785197421875 0.357889221875 0.4809654265625 0.3529435671875 0.4847861359375 0.359447540625 0.4872996359375 0.3659454890625 0.4862704625 0.3709228203125 0.48409541562499997
6 0.37103979531250003 0.2787150609375 0.36648839375 0.2822676703125 0.3721584234375 0.2813696265625 0.3735428203125 0.2808968609375 0.3733398953125 0.2796156484375 0.37103979531250003 0.2787150609375
6 0.464277234375 0.9012153984375001 0.46670196875 0.9165245687500001 0.4747070796875 0.9144973343749999 0.4748750765625 0.910695340625 0.473690696875 0.9032174578125 0.464277234375 0.9012153984375001
6 0.9876626125 0.808764159375 0.995732209375 0.8048441593750001 0.9836056843750001 0.794868346875 0.9764428890625 0.7916998453125 0.9725802234375 0.7953490265625 0.9842428796875 0.8093057921875 0.9876626125 0.808764159375
6 0.84718618125 0.9041580171874999 0.8374029374999999 0.8951775937500001 0.8286668109375 0.89959865625 0.835144103125 0.908855603125 0.8476173078125001 0.906880040625 0.84718618125 0.9041580171874999
6 0.1758443609375 0.6777095125 0.1768408703125 0.680905471875 0.20058771874999998 0.6771443406250001 0.20020949843750002 0.6747563578125 0.1758443609375 0.6777095125
57 0.3180617109375 0.41649584375000004 0.319256959375 0.4083966515625 0.3084264578125 0.410112034375 0.3070847 0.41823443125 0.3180617109375 0.41649584375000004
6 0.6391183484375 0.33958503906250004 0.63614563125 0.337988753125 0.6257910437499999 0.34620978281250003 0.6283406421875 0.346786790625 0.6316724390624999 0.3462590859375 0.639242125 0.340366525 0.6391183484375 0.33958503906250004
57 0.9216489265625001 0.745040171875 0.9183306515625 0.7368813203125 0.9023204296875 0.7409357875 0.9036452328125 0.7493002734374999 0.9218665671874999 0.7464142984375 0.9216489265625001 0.745040171875