30 0.20931304218750002 0 0.20982100468749998 0.035555021874999995 0.2161019015625 0.086423925 0.22262400625 0.1350565375 0.2264108796875 0.16245307656250002 0.22879083906250003 0.165345478125 0.23516976562499997 0.16754191875 0.246628578125 0.1659355734375 0.25600986406250004 0.174717740625 0.2571651703125 0.1751155453125 0.2651192515625 0.175201603125 0.26817335 0.1702192953125 0.276512240625 0.14600139843749999 0.2767211875 0.141507134375 0.284653878125 0.1223563625 0.2934446671875 0.096826059375 0.277262915625 0 0.20931304218750002 0
38 0.17386500625 0.1464329984375 0.17692353593750001 0.1424705546875 0.185212475 0.118397728125 0.1860138125 0.11223103125 0.1815528328125 0.109419353125 0.1788108265625 0.10847520468750001 0.171531940625 0.10898402968750001 0.1699206921875 0.11596709999999999 0.1681791875 0.12870367656249998 0.16963604999999998 0.1390625234375 0.173295146875 0.14623677968749998 0.17386500625 0.1464329984375
57 0.2758699296875 0.3156504109375 0.266511215625 0.3228649953125 0.2561273765625 0.3395838078125 0.2545655765625 0.3441196 0.2507702234375 0.3562939390625 0.261667790625 0.3768615140625 0.2812052828125 0.39460569218749997 0.28982104531249997 0.43178265781249997 0.2992376203125 0.45357979375 0.30548323593750004 0.46111555624999995 0.313315084375 0.463812278125 0.32329528281250003 0.45896433124999997 0.33491318593749997 0.43712575937500003 0.3353442015625 0.435873996875 0.33776273125 0.41234047812499997 0.32632971718750003 0.3649160828125 0.31448663125 0.3440229390625 0.2994355265625 0.3301428921875 0.285513259375 0.313752353125 0.2758699296875 0.3156504109375
57 0.2885321359375 0.3750547125 0.29095944375 0.3680052984375 0.28866969375 0.333285228125 0.2367047 0.382073375 0.24144415624999999 0.42419234218749996 0.24206967656249997 0.42440772656250003 0.2791469125 0.39088904062499996 0.2885321359375 0.3750547125
52 0.577519359375 0.48296517968749997 0.5737951734375 0.48226267656250005 0.561583346875 0.4987231578125 0.561457734375 0.49908796562499996 0.561387628125 0.505242703125 0.5653530203125 0.5037089171875 0.5642097046875 0.5131724531249999 0.557692371875 0.519046059375 0.5525691859374999 0.536996425 0.561841028125 0.5715001125 0.568310096875 0.5888033265625 0.5749759 0.6001802265625 0.576756296875 0.6007932671875 0.5910942140625 0.580992959375 0.6087123875 0.5634211828125 0.6088063515625 0.5631482953125 0.608195596875 0.54745259375 0.60211246875 0.5152065390625 0.5984944328124999 0.49192698593750006 0.5869745453124999 0.4862208625 0.5793380296875 0.48996959375 0.577519359375 0.48296517968749997
57 0.5923483046875 0.5698063140625 0.604613040625 0.5642881562500001 0.6179468 0.5509044265624999 0.6275611296875 0.527877671875 0.629627725 0.5218758453125 0.62315683125 0.5196477390625 0.613571390625 0.522145565625 0.616543 0.5434630281249999 0.605100278125 0.557497896875 0.5920173734375 0.569692365625 0.5923483046875 0.5698063140625
7 0.7031962515625 0.3541946453125 0.708285653125 0.3524680515625 0.7105562171875001 0.3692388453125 0.7118710578125 0.36969158125 0.72327886875 0.3657483328125 0.7374954312499999 0.35440808281249997 0.754707565625 0.3313924921875 0.7560199359374999 0.3275810921875 0.7553783187499999 0.31475861875 0.7509594734375 0.30685889375 0.743520753125 0.300818521875 0.7302641875 0.3055312953125 0.7205484921875 0.31378262968750004 0.7031962515625 0.3541946453125
57 0.751378465625 0.5906246234375 0.7492804453125 0.5643512203125 0.7487183875000001 0.5641576890625 0.741583021875 0.57107963125 0.7413052453125 0.5718863562500001 0.742325265625 0.598312071875 0.7428999875 0.5985099640625 0.7511325328125 0.5913388640624999 0.751378465625 0.5906246234375
57 0.7336158953125 0.55539149375 0.7333661859375 0.5588715015625 0.73708325625 0.5601513921875 0.7380732546875 0.5572762250000001 0.7336158953125 0.55539149375
57 0.22712575156249998 0.8043021484375 0.2266321796875 0.8041321984375 0.2230698234375 0.8070079187499999 0.22417214375 0.8346832546874999 0.2250148625 0.8349734265625001 0.227984725 0.8340559984375 0.2285573859375 0.8323928734375 0.22712575156249998 0.8043021484375
57 0.333756615625 0.296265646875 0.32246345625 0.295276278125 0.32220294374999997 0.30678329375 0.32509011875 0.3216749484375 0.3335773359375 0.29702627812500004 0.333756615625 0.296265646875
57 0.895311240625 0.3799740671875 0.8968339125 0.3797445796875 0.9009885578124999 0.376893271875 0.9012322671874999 0.3761854890625 0.9005146890625 0.37289426875 0.895955934375 0.375383415625 0.8894048453125001 0.36906884375 0.8857288953125 0.373601471875 0.8888197312499999 0.3777388609375 0.895311240625 0.3799740671875