6 0.38928244375 0.2417239328125 0.41182396718750003 0.23651981093750002 0.425006021875 0.22918251875 0.4308534546875 0.21438531875 0.430316921875 0.2120613359375 0.29384474531250004 0.20111562031250002 0.280381609375 0.21272484687499998 0.2705181953125 0.22504864531250002 0.26597396406249996 0.23363275312499998 0.3320650015625 0.2402065796875 0.38928244375 0.2417239328125
25 0.4257601796875 0.4862461609375 0.4077274359375 0.503354071875 0.400366825 0.5220554296875 0.40419080625000003 0.54010666875 0.40404250468749997 0.546903075 0.41475698593750004 0.54867995 0.43427172968749994 0.5528688328125 0.456623940625 0.5544705875 0.48277921562500004 0.55171665 0.508570334375 0.5444098656249999 0.5291778875 0.532503659375 0.5540755859375001 0.510912775 0.5539622546875 0.5045196734374999 0.5504338062499999 0.4892362890625 0.5479224828125 0.482772990625 0.5249309375 0.46798770312500004 0.50567028125 0.46489938750000004 0.4759746015625 0.46422018749999994 0.453486775 0.4709575484375 0.4257601796875 0.4862461609375
57 0.11733209687499999 0.49212983593750004 0.1220062171875 0.4741907125 0.121615190625 0.472496990625 0.08090353125000001 0.4625607921875 0.0688210640625 0.46824832031249997 0.0629513671875 0.469603446875 0.0550824125 0.500980478125 0.1041774171875 0.495166834375 0.11733209687499999 0.49212983593750004
29 0.9219986265625 0.2117455203125 0.9220669031250001 0.2117297578125 0.9236704203125001 0.20965584062499998 0.9233195484375001 0.20813604843750003 0.91354129375 0.20907079374999998 0.9046774234375 0.213822046875 0.9068685875 0.215238565625 0.9092467031250001 0.214689534375 0.9173230984374999 0.21206179218750001 0.9219986265625 0.2117455203125
29 0.8800412062499999 0.31773510312500003 0.8762890625 0.31338482343749996 0.8821389609375 0.307601540625 0.8813094906250001 0.3040087109375 0.8802531140625 0.3037754328125 0.873866671875 0.3118188234375 0.8697714624999999 0.31044581875 0.8665232046875 0.3127413765625 0.8777415718749999 0.3211640890625 0.8800412062499999 0.31773510312500003
29 0.9020108625000001 0.35200047031250004 0.8898037421874999 0.355590571875 0.8818164875000001 0.36265110625 0.9004493609375 0.3658553765625 0.9032770546875 0.36520255156250003 0.904327921875 0.362036759375 0.9020108625000001 0.35200047031250004
29 0.9883487796875 0.43145140781249997 0.9940643124999999 0.43121381875000003 0.9930300609374999 0.42673398125000006 0.960931475 0.4346899140625 0.95521419375 0.4396807421875 0.9593822718749999 0.4420512515625 0.959982253125 0.44191273437499995 0.9701721875 0.43603421249999996 0.9883487796875 0.43145140781249997
29 1 0.48534082187500005 0.9956593843749999 0.48748840156249995 0.9915345125 0.487474678125 0.9865753749999999 0.4853351015625 0.9832424234375001 0.4872638046875 0.9871800828125 0.4901560265625 1 0.487196315625 1 0.48534082187500005
29 0.929952275 0.4857285046875 0.9308118796875 0.4833951359375 0.9356906078125 0.4807231515625 0.9417720468749999 0.4802851671875 0.9437911187499999 0.47740300312499995 0.9435249140625 0.47624994374999996 0.9375117296875001 0.47373374999999995 0.9308204515625 0.474505734375 0.92309156875 0.47822213593749996 0.9185301593749999 0.48606700781249995 0.9190339578125 0.488249196875 0.929952275 0.4857285046875
29 0.920680921875 0.6179344640625 0.9258391109374999 0.6194484703125 0.93468669375 0.6193378921875 0.940545521875 0.617985275 0.946679490625 0.615989521875 0.9557847609375001 0.6107961296875 0.9693876296875 0.6012798984375001 0.9716830906249999 0.5982164015625 0.9713861734375 0.596930315625 0.9654878359374999 0.5961908859375 0.9634732937500001 0.5966559796875 0.9518505390625001 0.604169425 0.9419110046875 0.6072369671875 0.9343091625 0.611503653125 0.9302647015625001 0.6163014890625 0.9221293156250001 0.61528161875 0.920680921875 0.6179344640625
29 0.9534421375000001 0.8456660609375 0.9531436843750001 0.8443733203124999 0.9445406921874999 0.8415186406249999 0.9389970859375 0.8427984828125 0.940170134375 0.8463917593750001 0.951818240625 0.8495083875 0.9533660921875 0.8491510375000001 0.9534421375000001 0.8456660609375
29 0.636882634375 0.863917440625 0.6301870703125 0.8691341265625001 0.6260579125 0.873565103125 0.619603746875 0.878339646875 0.62890378125 0.8769653843749999 0.6392328484375 0.8815361062499999 0.648659925 0.880712128125 0.65643115625 0.877179153125 0.6563866109375 0.8717627953125 0.6548057671875 0.86491540625 0.6498797781250001 0.86516731875 0.6415283656249999 0.867675009375 0.6441964421875 0.86435416875 0.65327205 0.86052005625 0.6516882125000001 0.85663520625 0.636882634375 0.863917440625
29 0.5358768109375001 0.7734807828125 0.534571903125 0.76920943125 0.5313109593750001 0.7699622796875001 0.5363954953125 0.7770382671875 0.5366828078125 0.7769719359375 0.5358768109375001 0.7734807828125
29 0.5889064187499999 0.843491575 0.5889159578125 0.8434615937500001 0.5888355390625 0.8431132578125 0.5843091874999999 0.8421137140624999 0.582640653125 0.837862009375 0.5784814671875 0.839940578125 0.5796040140625001 0.8448028656250001 0.5821399703125001 0.8450537312499999 0.5889064187499999 0.843491575
29 0.40609202031249997 0.926280278125 0.40680428125 0.9272267703124999 0.4109823625 0.9262621828125001 0.415747809375 0.9234714515625001 0.41345674531250004 0.918011034375 0.4128638765625 0.915443040625 0.41934341875000003 0.913753915625 0.4256858515625 0.9143813328125001 0.4250292640625 0.9115373437500001 0.41503646875 0.911463771875 0.40705349999999996 0.9140796046874999 0.40153526875 0.9184448656249999 0.40876438281249994 0.9185147375 0.41104275625 0.92243244375 0.40609202031249997 0.926280278125
29 0.44159042499999995 0.9207580125 0.43956931718750003 0.91200363125 0.4376303609375 0.915886440625 0.4371432765625 0.9212154218749999 0.4323364890625 0.9277465953125 0.43264635 0.927675059375 0.44119614062499996 0.922404996875 0.44159042499999995 0.9207580125
29 0 0.3439392140625 0.0039267 0.3467263171875 0.0207246390625 0.3428482078125 0.020907296875000002 0.34190521875 0.0206468875 0.3407772609375 0.008906978125 0.3427460765625 0.0049134359375 0.338837940625 0.00813631875 0.3334569625 0.004185125 0.329732253125 0 0.33241854531250004 0 0.3439392140625
29 0 0.36006633125 0.001196746875 0.3613929078125 0.002397715625 0.36151171249999997 0.010184846875 0.3597139109375 0.010498534375 0.35933351562500004 0.0102687078125 0.3583380234375 0.0047160625 0.357295928125 0.0053048125000000005 0.3494318109375 0 0.34547975468750003 0 0.3503259703125 0.00041339843750000003 0.3505610828125 0 0.3506702296875 0 0.36006633125
29 0.7204053796875 0.445106409375 0.7200453390625 0.4509856796875 0.7270584265625 0.45458311093750003 0.725012878125 0.45911266250000005 0.731323028125 0.4566898265625 0.7334236109375001 0.4538864109375 0.7410381375 0.4511624328125 0.7435071625 0.4484671609375 0.7421647234375001 0.444140171875 0.7409493265625 0.44036346562500006 0.7453749171874999 0.43721648281250003 0.7534976171875 0.43669364687499995 0.7545050437499999 0.43546194531250004 0.7542017921874999 0.43414841875 0.74376141875 0.43469091875 0.7321956968750001 0.4336901828125 0.7265589953125 0.42861575937499996 0.72153625 0.433639446875 0.7240263640625 0.43847429375 0.7204053796875 0.445106409375
29 0.7889940609375 0.561568478125 0.79302574375 0.560637690625 0.7918017125000001 0.5553358328125 0.789669146875 0.5528633078125 0.7906464140625 0.55033168125 0.7901163234374999 0.5480356078125 0.787335734375 0.5472194640625 0.784879396875 0.5514574453125001 0.7834819234375 0.54540431875 0.788052103125 0.5390944906249999 0.78789423125 0.53841066875 0.7779722640625 0.540880178125 0.773415346875 0.5479215749999999 0.7722337265625 0.5532177015624999 0.775121940625 0.556801409375 0.783498728125 0.5573791375 0.7889940609375 0.561568478125
29 0.8041518109375 0.5290351796875 0.80422453125 0.5291874437499999 0.8169248937500001 0.5262553328124999 0.8206132343749999 0.524461940625 0.8273534343750001 0.51484050625 0.8259296765625 0.5086735328125 0.8258732625 0.5085639984375 0.820672725 0.506866565625 0.8176658671875 0.50871998125 0.823573628125 0.5119929828124999 0.8170008203125001 0.522204653125 0.8041518109375 0.5290351796875
29 0.6420965484375001 0.572457253125 0.646513359375 0.5736159375 0.654020759375 0.5718827171875 0.6560336312499999 0.5646118312499999 0.6555279859375001 0.5624216375 0.6441846140624999 0.5532343140625 0.62866205 0.5571877765625 0.6289312484375 0.5583537984375 0.6333598921875 0.562881978125 0.6406694125 0.56776340625 0.6420965484375001 0.572457253125
29 0.655978840625 0.590524128125 0.6494866125 0.59067054375 0.6561269750000001 0.5986045328125 0.6634449984375 0.6001753640625 0.6705783171874999 0.5985285078125 0.6729799671875 0.59633874375 0.6722819515625 0.5933153046874999 0.66583368125 0.587089728125 0.6634493515625 0.5901518593749999 0.66883196875 0.5941257125 0.6675106171875 0.59732884375 0.66056525 0.5970002609375 0.655978840625 0.590524128125
29 0.40682166875 0.5895631421875 0.40640356093749996 0.5877521171875 0.399439578125 0.5811873140625 0.39312943125 0.5836101515625 0.399642746875 0.59099385625 0.3946750375 0.5977436843749999 0.4022302421875 0.5977382703125 0.40682166875 0.5895631421875
29 0.41638526562499995 0.47075643749999996 0.42363134999999996 0.4679243171875 0.4191550109375 0.4649004609375 0.4131286078125 0.4670645828125 0.3989541296875 0.46666612656249995 0.3959176125 0.46987882656249996 0.40437909375 0.4708234125 0.38996321875 0.470867096875 0.3870240828125 0.47598935937500003 0.3943759515625 0.48105421875000004 0.39651148125 0.48219860312499996 0.3993587640625 0.48154125625 0.402117521875 0.478880525 0.40439102812499994 0.480379465625 0.41273933593749995 0.47845210781249997 0.40770347500000004 0.4777841125 0.39651888125 0.4784342296875 0.3923262875 0.475151659375 0.401753365625 0.47432768125 0.4078644640625 0.4725304140625 0.41638526562499995 0.47075643749999996
29 0.46617933125000005 0.1659611359375 0.4771945296875 0.1645773046875 0.47871493125000003 0.16074860625 0.4864014671875 0.156848775 0.484419525 0.15421506406250002 0.46789878125 0.161506865625 0.4491673859375 0.1681498078125 0.4502684265625 0.1729189375 0.46617933125000005 0.1659611359375
29 0.1209032703125 0.5249809703125 0.106308371875 0.5283504671875 0.1076334890625 0.5328553406250001 0.111545534375 0.5319521734375 0.12009000624999999 0.5286367515625 0.12107961874999999 0.525744815625 0.1209032703125 0.5249809703125