39 0.162335978125 0.0516935671875 0.166710990625 0.055218020312500005 0.1764035609375 0.054511965625000006 0.18169013125 0.06008503750000001 0.19343506875 0.055489500000000004 0.19441866875 0.0550410296875 0.196595003125 0.0483429609375 0.1947656296875 0.0433042796875 0.1729943359375 0.03587986875 0.1566838703125 0.0326832015625 0.15355343593749998 0.033418500000000004 0.1554648234375 0.05261538125 0.162335978125 0.0516935671875
27 0.151272503125 0.47584132500000004 0.1698214296875 0.49950761093749996 0.1747552640625 0.5011107109374999 0.18909947656249998 0.470257196875 0.20565474374999998 0.4502502265625 0.2077251421875 0.4438781953125 0.1647081953125 0.3988937671875 0.1516776515625 0.37993941875 0.1412803 0.3884776828125 0.1118338828125 0.442698671875 0.141000634375 0.46619501874999997 0.151272503125 0.47584132500000004
33 0.13844905937500002 0.38088206874999997 0.1400684546875 0.3711729140625 0.1483307578125 0.3738575 0.148891090625 0.37213297500000003 0.14181878750000002 0.355268725 0.1364284484375 0.3394978 0.1298748234375 0.34753253281249996 0.11621227812499998 0.356411825 0.12239286406250001 0.37566509375 0.13844905937500002 0.38088206874999997
39 0.23214189687500003 0.521985640625 0.2506867359375 0.5174966000000001 0.24099340156250001 0.5076877843750001 0.1891678046875 0.47788059374999997 0.17652135 0.5095212265625 0.1664817890625 0.53394768125 0.1890306453125 0.5535413078125 0.2141228890625 0.5644981718750001 0.23548738125000002 0.57505979375 0.243152134375 0.5775502218749999 0.2435590484375 0.5762978671875 0.226682596875 0.5387876390625 0.22636506875 0.5316747171875 0.226823575 0.515701275 0.232696425 0.5186609437499999 0.23214189687500003 0.521985640625
39 0.303442909375 0.5048521671875 0.2911349328125 0.504708425 0.289683578125 0.4905678421875 0.2556383515625 0.5152555921875 0.23078539843749998 0.5254057249999999 0.2268231734375 0.5311280671875 0.21675109531249998 0.544328359375 0.22150637812500001 0.54587344375 0.224066025 0.5428497625 0.2359867484375 0.5579386375000001 0.250071353125 0.5768849875 0.2687687359375 0.5994330421875 0.2952960765625 0.6189174078125 0.3137013515625 0.6316883375 0.3156342796875 0.6323163843749999 0.3394389140625 0.6052212921875 0.35945758437499997 0.59700528125 0.38171859375 0.5808767890625 0.382314284375 0.5790434421875 0.3751314671875 0.5649463703125 0.36828355468749996 0.5585155 0.33073231718749996 0.5414075390625 0.31339179375000004 0.541381059375 0.321712775 0.5335700875 0.303442909375 0.5048521671875
39 0.43286817187500004 0.6385519656249999 0.44148114843749997 0.6136619859375 0.44853278124999996 0.5879142078124999 0.43597852968749995 0.579629234375 0.3968272109375 0.57391795 0.38831647812500003 0.587976040625 0.3464103046875 0.6255310609375 0.337170784375 0.6442591765625 0.334032603125 0.6474453687499999 0.33063341562500004 0.657906990625 0.33834487343749997 0.660062109375 0.3540930640625 0.669034365625 0.35388606562499997 0.6940324343750001 0.35655162812499996 0.694898528125 0.3765706671875 0.6896563046875 0.38106494375 0.6984768203125 0.39402194375 0.6869148703125 0.41187673125 0.6748413859375 0.4213230265625 0.6659941015624999 0.43286817187500004 0.6385519656249999
39 0.3052465015625 0.734624096875 0.2648443859375 0.748133696875 0.22227915 0.7683006921875 0.21266634375 0.7760424109375 0.20287851406250001 0.7746145906249999 0.1908958125 0.7791328734375 0.171550934375 0.7893202484375 0.182292875 0.8331165687500001 0.1897990859375 0.8464205937499999 0.18973634374999998 0.8555128812499999 0.1952134296875 0.865353703125 0.23120878125000002 0.8476083593749999 0.253185321875 0.8438838609375001 0.2837523625 0.8331369375 0.2996182890625 0.8263755187499999 0.32103255625 0.8284266109375 0.338364096875 0.820491690625 0.339195553125 0.8179327296875 0.34244376718749997 0.7884182234375 0.34264748749999996 0.7562395734375 0.330458775 0.76139189375 0.3435737734375 0.7428715343750001 0.3400925328125 0.7147528796875 0.3052465015625 0.734624096875
57 0.8051237109375 0.2515229109375 0.8178839734375 0.259173846875 0.8250641453125 0.25730097500000004 0.8275992875 0.26471823906249997 0.8296303890625 0.26537818281250003 0.8531513000000001 0.2566134 0.8672375078125001 0.24956515 0.8673758328125001 0.24913943125000002 0.84868725 0.2274744359375 0.8422351015625 0.2141624078125 0.8215503859375 0.21795615937499999 0.79524760625 0.234995446875 0.8019685078125001 0.23858115156249998 0.8051237109375 0.2515229109375
33 0.5761020515624999 0.500083409375 0.5803827171875 0.5014742828125 0.5942333125 0.488079278125 0.594823 0.486264403125 0.58613431875 0.47756035937499997 0.576092465625 0.4704422046875 0.5646007875 0.47021320624999996 0.562611928125 0.47552527343750006 0.5714417171874999 0.489609840625 0.5761020515624999 0.500083409375
33 0.613093396875 0.6001297296875 0.6145672296875 0.5964027578125 0.6052866796874999 0.5958407375 0.6085766421875001 0.60917676875 0.617349909375 0.6088729890625 0.613093396875 0.6001297296875
33 0.6893740921875 0.589661853125 0.686716503125 0.5857058140625 0.67508999375 0.5931729359375 0.6749234671875 0.59368545 0.6797276125 0.60236130625 0.6888588 0.5912477578125 0.6893740921875 0.589661853125
57 0.7534332859374999 0.5994645859375 0.73801206875 0.6151217328125 0.7469632500000001 0.6180301484374999 0.749496728125 0.6169903640625 0.7526123578125 0.6074014453125 0.7534332859374999 0.5994645859375
33 0.8463359328125 0.6599457421875 0.818050090625 0.683843315625 0.8358506453125001 0.689627065625 0.8632610640625 0.67642459375 0.863610825 0.6753481421875 0.8463359328125 0.6599457421875
42 0.6504551953125 0.21897534531249999 0.6507689953125 0.2180095703125 0.65031360625 0.214557009375 0.6335068359375 0.23068618281250003 0.6333025421875 0.23131493593750002 0.6345954609375 0.23322277812499997 0.6358308078125 0.23362416718749998 0.6504551953125 0.21897534531249999
41 0.6524444203125 0.2280222078125 0.6468669203124999 0.2274401796875 0.6412643499999999 0.23578393125 0.639889990625 0.24151471406249997 0.646092759375 0.243530115625 0.6475065859375 0.24321929999999997 0.6524444203125 0.2280222078125
57 0.20679427343749998 0.4479566390625 0.20958212656250003 0.4549248046875 0.21829766718750002 0.45775665625000006 0.2300788453125 0.45598227031249994 0.2314515 0.4517576734375 0.2274472359375 0.443451596875 0.2193632546875 0.44082495312500003 0.2166363328125 0.43222819843750004 0.20530341875000002 0.435555659375 0.201063928125 0.44294035000000004 0.20679427343749998 0.4479566390625
39 0.054849054687499996 0.5169528140625 0.056384931250000006 0.5267233375 0.0748430921875 0.5327207578125 0.085093109375 0.5330884765625 0.095329115625 0.521810715625 0.101646796875 0.5023668921875 0.09841259218750001 0.4929043390625 0.09696123906250001 0.47876375781249997 0.0783041203125 0.4649909671875 0.06893682500000001 0.47035904687499996 0.064889378125 0.50304123125 0.054849054687499996 0.5169528140625
39 0.19209877343749998 0.603211046875 0.1954380890625 0.5929336921874999 0.1957956078125 0.591428853125 0.17316698749999998 0.5647995609375001 0.151564496875 0.5900253281250001 0.155067453125 0.5897615578125001 0.17381131875 0.5976042453125 0.19209877343749998 0.603211046875
39 0.5264041515625 1 0.526163815625 0.997518696875 0.52922998125 0.9848459437500001 0.53445228125 0.9784815625000001 0.5330094375 0.9724049562499999 0.522770084375 0.9739848125 0.5172782687499999 0.979560646875 0.5023548875 0.9785671078125 0.49304335000000005 0.9878086671874999 0.4909699484375 1 0.5264041515625 1
39 0.8094128078124999 0.8091838499999999 0.8232051765625 0.8136652625 0.8320517421875 0.8076186859375 0.8459839 0.8155562921874999 0.8533964234375 0.7927428921875 0.853709228125 0.775751528125 0.82631910625 0.7710577875 0.801917675 0.778200240625 0.793216425 0.787990578125 0.79684715625 0.8010868453125 0.8094128078124999 0.8091838499999999
53 0.6712839859375 0.5037594999999999 0.670329184375 0.4978414671875 0.6693956953125 0.4975381578125 0.632426565625 0.51398135625 0.6309767390625 0.5208705140625 0.6327787078125 0.5283562296875 0.6340283234374999 0.5287622546875 0.6682264078125 0.5131697578125001 0.6712839859375 0.5037594999999999
53 0.69447520625 0.47282879062500005 0.6947668390625 0.472923546875 0.7202432359375 0.4603363765625 0.7268326484375 0.4541508421875 0.7273316109375 0.45261519375 0.709179075 0.45393751406250005 0.6930351203125 0.45184641093750005 0.687947578125 0.45860506562500003 0.691030765625 0.462060265625 0.69223584375 0.46805961875 0.69447520625 0.47282879062500005
53 0.672347121875 0.5921429890625001 0.6796838843749999 0.5851020218749999 0.6956400031250001 0.5804900703125 0.6996678578125 0.5680936078125 0.694454721875 0.5590584671875 0.6851819203125 0.5560455515625 0.6740092984375 0.5839592109375 0.6693097734375 0.58628760625 0.671842190625 0.5919789265625 0.672347121875 0.5921429890625001
57 0.3740859515625 0.38844292812500003 0.38582244062500004 0.3761049125 0.38730925312500003 0.37152897500000004 0.3866420796875 0.368930475 0.37518215312500003 0.36941276875 0.366924678125 0.378646325 0.3670834421875 0.382202784375 0.37165623281250004 0.3876534640625 0.3740859515625 0.38844292812500003
31 0.454346946875 0.49387131875 0.457306921875 0.4785926984375 0.420771009375 0.473731209375 0.41635758906250003 0.50403821875 0.41785453749999996 0.5045246062500001 0.4508490640625 0.504636696875 0.454346946875 0.49387131875
39 0.3792327765625 0.520266540625 0.3658405125 0.5404492484375 0.36623005625 0.5570487281250001 0.37226941875 0.561113959375 0.37326251875 0.562323809375 0.392732159375 0.568649878125 0.4007445921875 0.5559961203125 0.40143224687499995 0.5555988968750001 0.40622895156250005 0.5408361546875 0.4073842015625 0.5315164171875 0.39437766406249997 0.5157242531249999 0.3963735078125 0.497446421875 0.387457734375 0.49980682187500003 0.386079925 0.516182540625 0.3792327765625 0.520266540625
39 0.3393352265625 0.5397997953125 0.3557954203125 0.5291948515625 0.35679649687500004 0.5261138546875 0.3513024609375 0.5116733484375 0.3438682671875 0.507855884375 0.3278830765625 0.5093212406250001 0.3206641671875 0.5234485875 0.3187432109375 0.53310904375 0.3393352265625 0.5397997953125
39 0.380520359375 0.5505858609375001 0.37932455625 0.5631653531249999 0.3754018296875 0.56714809375 0.3817347125 0.575164059375 0.3907929921875 0.5707470359375 0.39290371875 0.5802059890625 0.3969227453125 0.5815118499999999 0.40743648125 0.576154834375 0.40960658437499997 0.556531671875 0.3902516671875 0.5376253328125 0.387913525 0.5351131875 0.38411006406250003 0.544391990625 0.380520359375 0.5505858609375001
39 0.3770599484375 0.5446510640625 0.377289278125 0.54394525625 0.3722737015625 0.5382460484375 0.358460140625 0.5411179859375 0.3484430578125 0.5476768843750001 0.3485676421875 0.54772831875 0.3694501203125 0.5545134468749999 0.3770599484375 0.5446510640625
33 0.513568484375 0.713485359375 0.5311227656249999 0.71042690625 0.53284673125 0.7073458828125 0.5354993671875 0.6991819125000001 0.5148975203124999 0.6802703984375 0.4987705875 0.694307246875 0.49437309531249995 0.7086503484375 0.497403703125 0.7110917671875 0.5044864734375001 0.7133930984375 0.513568484375 0.713485359375
53 0.43707576406250004 0.9362835796875 0.454660796875 0.934527540625 0.4733885171875 0.9257339437500001 0.4746089015625 0.9219779875 0.475121715625 0.90472500625 0.4554585453125 0.8972845921875001 0.4318657234375 0.9068936328125 0.4315490296875 0.9078683156249999 0.4323248859375 0.9347399265625 0.43707576406250004 0.9362835796875
53 0.356737684375 0.491238175 0.360477465625 0.4844468578125 0.362664190625 0.47771681250000003 0.3496886875 0.47093057343750006 0.35078148593749997 0.45866809843749995 0.3452889046875 0.45372906406249996 0.34110593749999996 0.4755021046875 0.3545592796875 0.49053036875 0.356737684375 0.491238175
57 0.358941234375 0.4593423921875 0.35106974375 0.4634440515625 0.35135229375 0.4697734390625 0.362154271875 0.47328321406249996 0.36232137343750004 0.47305821249999996 0.36239619375 0.4733618203125 0.3633240890625 0.4736633109375 0.3677141046875 0.46723112968749997 0.3712291734375 0.4564128625 0.37139743125 0.45427698593750004 0.3579238765625 0.44639428593749997 0.3566878078125 0.4501985125 0.357690421875 0.45110008125 0.357063378125 0.45172249531249997 0.358941234375 0.4593423921875
33 0.6090285796875 0.58799864375 0.6128616640625 0.5892440890625 0.619879059375 0.584908728125 0.6040518671874999 0.579415675 0.601197934375 0.567973753125 0.5938589984375 0.5662901640625 0.6012939562499999 0.5806225 0.6090285796875 0.58799864375
42 0.8259543078125 0.6712628781250001 0.816373959375 0.655674353125 0.8194651734375 0.6527482828125 0.8145983734375 0.6434562406250001 0.8096118499999999 0.64434200625 0.80939598125 0.6450063796875 0.8133057656249999 0.650805384375 0.8318499046875001 0.6808558171875 0.83277374375 0.6805551578125 0.8325868546875 0.6820549359375 0.8334997015625 0.681842496875 0.833323803125 0.683254053125 0.8342256562499999 0.6831298359375 0.8340607546875001 0.6844531703125 0.8349516140625 0.684417175 0.8347977046875 0.6856522875 0.8356775687500001 0.6857045171875 0.835534653125 0.6868514046875001 0.8364035265625 0.6869918546875 0.836271603125 0.6880505234375 0.8371294828125 0.6882791953125 0.837008553125 0.6892496390625 0.8378554390625 0.689566534375 0.837745503125 0.6904487578125 0.8385813953125 0.6908538734375 0.838482453125 0.6916478749999999 0.83930735 0.6921412140625 0.839219403125 0.6928469921875 0.8400333078125 0.693428553125 0.8399563515624999 0.6940461109375 0.8407592625 0.69471589375 0.8406933015625 0.6952452265625 0.8414852203125 0.6960032328125 0.841430253125 0.6964443453125 0.8422111765625001 0.697290575 0.8421672015624999 0.6976434625 0.8429371328125 0.6985779125 0.8429041515625 0.6988425796875 0.8438954296875 0.7004555234375001 0.8467419890624999 0.7013804265625 0.8490742718750001 0.6998616265625001 0.8494178359375001 0.6988042453125 0.8311781640625 0.6690158390625001 0.8303751171875 0.669689546875 0.8304339781250001 0.6678004625 0.83003245625 0.6681373171875 0.8296897937500001 0.6665850859375 0.8259543078125 0.6712628781250001
57 0.1516356515625 0.6923907703125 0.155996903125 0.689848415625 0.161361709375 0.6814274124999999 0.157659725 0.669359453125 0.13943165 0.6704465421875 0.1353674375 0.6871049078125 0.1516356515625 0.6923907703125
57 0.54852598125 0.952358778125 0.549044059375 0.950764296875 0.5443993921875 0.9377547859375 0.5368949671875 0.93759179375 0.5365915578125 0.9385255921875 0.5416779734375 0.9554847109375 0.544079609375 0.9562650484375 0.54852598125 0.952358778125