8 0.29446084375 0.3443289640625 0.2091807625 0.4310575703125 0.25935654218750004 0.538386375 0.3217125640625 0.6404400125 0.3242019875 0.6415425828125 0.3413947046875 0.6451970078125 0.5212264015625 0.45216600625 0.5784104515624999 0.39124971406250003 0.60344481875 0.3665452546875 0.6043459234374999 0.3623058953125 0.56832089375 0.3612528828125 0.564766290625 0.3641017359375 0.47458990468750006 0.19060004375 0.4637738484375 0.1883010203125 0.42941594062500005 0.2042628234375 0.29446084375 0.3443289640625
12 0.243532765625 0.5333436015624999 0.2463200734375 0.5335264703125 0.2599659171875 0.5245357187499999 0.2625201359375 0.5125190640625 0.247749234375 0.4840239125 0.22705385625000002 0.477331259375 0.20953601718749998 0.48343792656250006 0.20199070312499998 0.5096863484374999 0.23263153124999997 0.531026471875 0.243532765625 0.5333436015624999
12 0.1972196328125 0.630525721875 0.2010519015625 0.6313402953125 0.20991178437500002 0.6319742671874999 0.22220788749999998 0.6358371390625 0.22283322968750002 0.6359700593750001 0.251594534375 0.55640476875 0.253182184375 0.5489354625 0.24638634062500003 0.535527075 0.233693975 0.5312523015624999 0.2229440328125 0.52896733125 0.21773170468749997 0.52812565 0.20778088281249998 0.54141118125 0.19678555312499998 0.5931401421875 0.191219353125 0.6181708703125001 0.1910660375 0.6269854609375 0.1972196328125 0.630525721875
12 0.24247624218750002 0.612743634375 0.239779284375 0.6265880015625 0.2376706890625 0.6307272328125 0.2503325796875 0.6324355796875001 0.2543146390625 0.624107140625 0.258626096875 0.6119166390624999 0.26709569218749996 0.5963502234375 0.2973588671875 0.5515263859374999 0.298786371875 0.544810503125 0.2985675125 0.5407818453125001 0.2854591890625 0.5330804859375 0.2652730859375 0.5297728171875 0.25576110625 0.5444623203125001 0.24915631875000002 0.5709106578124999 0.24247624218750002 0.612743634375
12 0.26916106875 0.5648103703125 0.304342596875 0.638918746875 0.310385221875 0.6402031453125 0.315333259375 0.639813346875 0.3176440484375 0.6289419374999999 0.31524094687500004 0.61163203125 0.30440045625 0.5539510328125 0.29868306875 0.5484760078125 0.2834385234375 0.5485124156250001 0.270184475 0.5542146828125001 0.26916106875 0.5648103703125
12 0.20059171406249998 0.6935413609375 0.2242010890625 0.6977097859375 0.2321951234375 0.6927630796875001 0.2422782515625 0.6453256921875 0.23011020000000001 0.6363802109375001 0.168074459375 0.6264708375 0.1603026671875 0.63759815 0.15378728749999998 0.677500096875 0.1592012421875 0.68474354375 0.20059171406249998 0.6935413609375
12 0.1382197125 0.70174638125 0.1336963203125 0.7703745140625 0.16953823437499999 0.7779929484375 0.17559188125 0.7786953546875 0.1785486328125 0.7647849390625 0.18258156875 0.7046223203124999 0.1777857359375 0.6878746171875 0.1680082671875 0.6841579859375 0.15602034843749998 0.6839035875 0.14659125 0.6877974906250001 0.1382197125 0.70174638125
12 0.1981346390625 0.8035781015625 0.2033143953125 0.8107308078125 0.2223275234375 0.8147721734375001 0.2248139578125 0.8144917390625 0.233702359375 0.8085168671874999 0.238847390625 0.8042556078124999 0.243177290625 0.783885028125 0.23390000625 0.7046864546875 0.218949640625 0.6998702906250001 0.20347755312500002 0.704445753125 0.192617628125 0.7162273546875 0.19128865625 0.7247920531250001 0.1981346390625 0.8035781015625
12 0.2569374796875 0.7532559203125 0.25337401718749997 0.765974046875 0.252941625 0.7680082921875 0.2562386109375 0.77735519375 0.2845618171875 0.8423771453125 0.30073285312500003 0.8458144046875 0.311280053125 0.84213768125 0.3156619421875 0.831928190625 0.3214547828125 0.8214397171875 0.32167630625 0.8203975375000001 0.322133453125 0.8061068703125001 0.293948475 0.737530375 0.285178171875 0.73370015 0.27621554375 0.735399490625 0.26564979843750003 0.7423285234375 0.2569374796875 0.7532559203125
12 0.2904378359375 0.7381972578125 0.3014359453125 0.7346778171875 0.3101820265625 0.7241696703125 0.31740039375 0.690209921875 0.27516992500000004 0.642302346875 0.2750025390625 0.6422667671875 0.26528897812499996 0.643437859375 0.25371606875 0.6504804875 0.2407827640625 0.6673918234375 0.2433053046875 0.6902097890625 0.2903102203125 0.7381701328125 0.2904378359375 0.7381972578125
12 0.3178853015625 0.6306974046875 0.305438503125 0.6372266078125 0.29486137343749996 0.6372720828125 0.291381 0.6443964640625001 0.2881119265625 0.6574638796875 0.2934722890625 0.670399496875 0.336538834375 0.71285336875 0.343219934375 0.71427348125 0.3473039203125 0.7142814171875 0.3587007484375 0.7022862640625 0.36717413906249996 0.689014371875 0.37110580312499997 0.670517346875 0.3683708984375 0.6614165203125 0.3510854609375 0.645618475 0.342024771875 0.6489353390625 0.33191411249999997 0.6467862515625 0.3181366734375 0.6202652921875 0.3178853015625 0.6306974046875
12 0.4255125875 0.600265946875 0.4187441640625 0.6089851453125 0.42108682656249996 0.624556065625 0.4294096359375 0.6420534499999999 0.433142121875 0.6455296374999999 0.444037375 0.6478454953125 0.44808689062499996 0.64667876875 0.462395765625 0.6290767984375 0.50351646875 0.596184465625 0.507021671875 0.57969378125 0.5068198640625 0.5680696796875 0.49893589687500006 0.5519762671875 0.4854201546875 0.541566921875 0.4655499359375 0.5668339703124999 0.42862455156249996 0.593718603125 0.4255125875 0.600265946875
12 0.41841145468749996 0.8189529890625 0.440518365625 0.8307993328125001 0.45343857656250003 0.8335456078125001 0.46103312343749997 0.8253911203125 0.49266524843750004 0.74493316875 0.49381980312499996 0.7395014171875001 0.4916684 0.7309794828125 0.4772787671875 0.7200567140625 0.4591346203125 0.7129233234375 0.4526955984375 0.7177804578125 0.4193216234375 0.80079675 0.41841145468749996 0.8189529890625
12 0.662325303125 0.39014275625 0.65750943125 0.381582625 0.645635815625 0.3692286125 0.6316259765625001 0.3646123625 0.624215003125 0.3705735953125 0.61527135 0.383745534375 0.604834021875 0.4074132 0.5931029390625 0.44063606718750004 0.5841403109375001 0.44233540781249997 0.57968419375 0.4482693703125 0.578229534375 0.4620501234375 0.583354765625 0.4749357625 0.594903665625 0.48343203125 0.6075713406250001 0.4861246296875 0.6113392234374999 0.48317775625000003 0.6227046296875 0.472486615625 0.6320139625000001 0.43678295 0.6474909078125 0.41484183437500005 0.6588525187500001 0.401856175 0.662325303125 0.39014275625
12 0.6539400390625 0.33868719375 0.6523130890625 0.34980994062500004 0.644345178125 0.3641722984375 0.64610054375 0.369788184375 0.6486393265625 0.38212405625 0.6646120343749999 0.39600470625 0.6731423484375 0.41715060312499996 0.6909615437500001 0.4383560703125 0.693316153125 0.4388565578125 0.708532921875 0.4367970125 0.7227513296875 0.4254016046875 0.731589334375 0.40925815156249995 0.7342872875 0.4048030984375 0.735678621875 0.3982573875 0.7272924546875 0.36935170156249997 0.681482925 0.3235705265625 0.6711799390625 0.3269510046875 0.6622286953125001 0.3355339046875 0.6570557984375001 0.3344343703125 0.6539400390625 0.33868719375
12 0.8469586375 0.508316078125 0.8404991140625 0.6022959859375 0.8450105499999999 0.6196590640624999 0.8693687140625 0.6248365515625001 0.8809645234374999 0.62465945 0.8934113218749999 0.6181302468750001 0.8951401234375 0.6076844984374999 0.8963656234374999 0.6042313484374999 0.8992564562500001 0.59063105 0.904974371875 0.5036086937500001 0.896255528125 0.49028688125000003 0.88634478125 0.48719726718749995 0.86854900625 0.4876744109375 0.8531159296874999 0.4955349 0.8469586375 0.508316078125
45 0.7381179062500001 0.356720615625 0.7312617859375 0.349521271875 0.7269037296875 0.3538377109375 0.7256099734375 0.3633929109375 0.7340194578125 0.372389215625 0.73504058125 0.37119828906249996 0.7381179062500001 0.356720615625
45 0.49220959999999997 0.5607863359375 0.4886305390625 0.5646744484374999 0.492538053125 0.565505015625 0.49612181875 0.5633366703125 0.49710705624999996 0.5587014921875 0.49220959999999997 0.5607863359375
45 0.2459215546875 0.7183678140625 0.2435879265625 0.7088243609375 0.235706690625 0.7146856390625 0.239452665625 0.7193729890625 0.2427040953125 0.7200641015625 0.24588599531250002 0.7185351078125 0.2459215546875 0.7183678140625
45 0.6298254578125 0.49043603124999996 0.62612128125 0.486473375 0.6207806687499999 0.487897165625 0.620751315625 0.48803525781249996 0.6238163421875 0.4911750171875 0.6294154140625 0.49236513750000005 0.6298254578125 0.49043603124999996