6 0.4589959078125 0.19076406562499998 0.4807351875 0.19867651718749998 0.5377110578125001 0.2041435265625 0.602154275 0.20562810312500002 0.6031006890625 0.2030278515625 0.6006463906249999 0.1965992453125 0.5923583921875 0.183165259375 0.5804104171875 0.1700018234375 0.442208053125 0.1641745765625 0.4468063015625 0.181874975 0.4589959078125 0.19076406562499998
25 0.47971456718749994 0.44976512187499995 0.4501574640625 0.44682026874999997 0.4306639984375 0.44753827968750004 0.40604195625 0.4594113953125 0.3983033125 0.47382354062500004 0.3965053390625 0.48659155624999995 0.41858618906249995 0.5110557703125 0.4375891375 0.525384659375 0.4622975375 0.5357801265625 0.48792223593750006 0.5417010640625 0.510303040625 0.5428352953125 0.530182821875 0.5410558859375 0.5400805515625 0.540638253125 0.541393040625 0.5370322203125 0.5417150625 0.5338342015624999 0.5477104328125 0.5163835406249999 0.5426838093749999 0.496924546875 0.5268704078125 0.4777465171875 0.5012136968750001 0.4591928421875 0.47971456718749994 0.44976512187499995
57 0.157262384375 0.27548704375 0.19768395156250002 0.27072742031249997 0.1981021921875 0.2695783140625 0.19537949062499999 0.24918341718749998 0.13488115 0.23437587031249998 0.13886755 0.26647800625 0.1445283484375 0.26853836875 0.153228784375 0.2740189328125 0.157262384375 0.27548704375
29 0.91372754375 0.5524706046875 0.9155921499999999 0.5561542859374999 0.9256223406249999 0.5503868796875 0.9264869890625 0.5480112734375 0.9248090796874999 0.5464872203125 0.9205770671875 0.547350909375 0.9152184703125 0.5385891625 0.9104218656249999 0.539047021875 0.9179818859375001 0.548610021875 0.91372754375 0.5524706046875
29 0.9137123890625001 0.6013829765625001 0.9005432656249999 0.5892063078125 0.8945158781250001 0.5940242312499999 0.8939309984375001 0.5984841578125 0.9106708703124999 0.6045769734374999 0.9126576296875 0.6042809046875 0.9137123890625001 0.6013829765625001
29 0.9468979875000001 0.708484121875 0.9518208375 0.7113977640625 0.9533933343750001 0.7070773640625 0.9221400843750001 0.6962676265625001 0.91462696875 0.697339434375 0.916831540625 0.70159760625 0.9174101703125 0.7018082109375 0.9291578406250001 0.702427903125 0.9468979875000001 0.708484121875
29 0.9206164906250001 0.7611724375 0.9181894343750001 0.7556563234375 0.9192840015625 0.752649025 0.9257743796875 0.7534086515625 0.929226315625 0.7556667265625 0.9322201031249999 0.760162065625 0.9356703 0.7603394421874999 0.9358605609374999 0.7598167078125 0.9333444406250001 0.7531589078125001 0.9259254828125 0.7500579578125001 0.9185411374999999 0.750775965625 0.9133656578125 0.7512962609375 0.9118143078125 0.7579687046875 0.9206164906250001 0.7611724375
29 0.8592394531249999 0.714498584375 0.8617054078124999 0.7181144453125 0.8780553109375001 0.724065325 0.8853711171875001 0.720365984375 0.88663165 0.7169026984375 0.877419553125 0.7131661046875 0.8739947906250001 0.7157259515625001 0.868447878125 0.7153097203125001 0.8631090109375 0.71236485625 0.859483225 0.7138288296875 0.8592394531249999 0.714498584375
29 0.8199749890625 0.8442619265625 0.8256253062500001 0.8463184734375 0.8343934624999999 0.847506475 0.8393957984375 0.8466821328125 0.839549721875 0.84625923125 0.8385834171875001 0.8438227921875001 0.8303843796875 0.8438436078124999 0.8269547749999999 0.8385886390625 0.819929575 0.833427325 0.810437965625 0.8291713218749999 0.7998175046875 0.8202974234375 0.7978746609375 0.8195902859374999 0.7910528984375 0.8196076046874999 0.790942475 0.8199109921875 0.7933837406250001 0.8241661 0.8057254781250001 0.8352691703125 0.8141299625 0.84153350625 0.8199749890625 0.8442619265625
29 0.41659579375 0.879758471875 0.4081392109375 0.8804868875 0.4022629234375 0.8819541171875 0.3942496015625 0.882443196875 0.40279774375 0.8863558046875 0.4089710359375 0.895814746875 0.41732601718750006 0.9002580546875001 0.425767715625 0.9015275687500001 0.42868031875 0.8969607671875 0.43108386562499995 0.890357075 0.42681538124999996 0.8878854609375001 0.41844551250000006 0.88544008125 0.422491809375 0.8841081281250001 0.43219146249999996 0.8858355015624999 0.43297898437500004 0.881714771875 0.41659579375 0.879758471875
29 0.380919815625 0.743958309375 0.37823464375000004 0.7499927 0.3792212765625 0.7503518046875 0.3815181390625 0.7478626828125 0.382702990625 0.7446073328125 0.380919815625 0.743958309375
29 0.387844540625 0.835555259375 0.3896166828125 0.8306863390625001 0.38602511875 0.8283042859374999 0.38385086875 0.8323209578125 0.3790542640625 0.8327788171874999 0.37918570625000003 0.833477746875 0.38468925625 0.835480875 0.387844540625 0.835555259375
29 0.209692978125 0.8133568828125 0.210330684375 0.8116047984374999 0.20450161718749998 0.8114673828125 0.209692978125 0.8133568828125
29 0.1970703484375 0.80183605 0.19433150937500002 0.805446890625 0.187147765625 0.8046352328124999 0.1879436203125 0.8054407640625 0.20160574531250003 0.8104133718750001 0.1980261015625 0.80899529375 0.19892750937499998 0.80651869375 0.201866953125 0.8013781890624999 0.19434155 0.7956341453125 0.1926254484375 0.797413553125 0.1970703484375 0.80183605
29 0.2181087765625 0.8139759015625 0.22543789374999998 0.8112140828125 0.22551207343750002 0.8110102749999999 0.2153576484375 0.810770890625 0.21154656875 0.8143921375 0.20899043125 0.821415065625 0.2091802484375 0.821484153125 0.21479790156249998 0.818179878125 0.2181087765625 0.8139759015625
29 0.1775553609375 0.1049558609375 0.184843525 0.10499465156250001 0.1883477046875 0.09536699843749999 0.18652043125 0.0907597140625 0.1737363328125 0.08527529375000001 0.17099636406250002 0.0842780265625 0.168829784375 0.08652452656250001 0.180208325 0.0914673171875 0.18142906718750001 0.09691999531249999 0.17579544062500002 0.09967755625 0.177035053125 0.104766484375 0.1775553609375 0.1049558609375
29 0.157139196875 0.09758007656249999 0.1523623234375 0.10385482343750001 0.1546015140625 0.10990356718750001 0.160418465625 0.11202076406249999 0.15707965625 0.10557179218749999 0.1683222890625 0.10927037656250001 0.1693064390625 0.1065664421875 0.1634066453125 0.1028662625 0.16232211875 0.09606081718750001 0.1568049796875 0.0916487265625 0.1526425515625 0.0929603234375 0.1525525 0.09320773906249999 0.157139196875 0.09758007656249999
29 0.72900315625 0.5712801703125 0.7277723734375 0.5756402328125 0.7267347484375 0.579469596875 0.7213091671875 0.5796985296875 0.714212140625 0.5757130796875 0.7109879796875 0.5767432609375 0.7212868390625 0.5826954203125 0.7304416296875 0.5898338515625 0.7321285468750001 0.5961273265625 0.734020771875 0.5968160390625 0.7393537609374999 0.5956819531249999 0.7398986234375 0.5902708953125 0.7465475453125 0.5866808640625 0.7490069375 0.5833577171875 0.7497267578125 0.5813800265625 0.7461292109375 0.5751095265624999 0.7503117234375 0.572424809375 0.743700015625 0.57102001875 0.74041146875 0.5722271015625 0.7325418046875 0.57036445 0.72900315625 0.5712801703125
29 0.7088382156249999 0.709033115625 0.7127264140625 0.7104483046875 0.7145874546875 0.7053351375 0.7141455671875 0.702100025 0.7163439953124999 0.70050908125 0.7171499546875 0.698294725 0.7152624609375 0.6960958328125 0.7108942328125 0.6983122859375 0.7130189812500001 0.6924745875 0.7202884359375 0.68967181875 0.72052846875 0.689012334375 0.710862215625 0.685679546875 0.70320544375 0.6891030859375 0.6993299765625001 0.6929012328125 0.6998004078125 0.69747981875 0.706511121875 0.7025266671875 0.7088382156249999 0.709033115625
29 0.7392694796875 0.6900038984375 0.7392475390625 0.6901712046874999 0.7514959015625 0.69462924375 0.75556595625 0.6951339921875 0.766458971875 0.6907357546874999 0.7686236828124999 0.6847882609375 0.7686360265625 0.684665671875 0.7651989765625 0.6804096703125 0.7616677703125 0.6803264234374999 0.7648398328125 0.686288990625 0.7537657375 0.6912734109375 0.7392694796875 0.6900038984375
29 0.5850554546875 0.640104990625 0.5870439890625 0.6356200546874999 0.5948939234374999 0.6316658187499999 0.5998414015625 0.62771110625 0.6002506953125 0.626586584375 0.585325640625 0.6207708656250001 0.5729471671875 0.6285072984375 0.5721783734375 0.63061954375 0.57329014375 0.638081540625 0.580530359375 0.6407167640625 0.5850554546875 0.640104990625
29 0.5770313125000001 0.67103599375 0.5789855265625 0.67174726875 0.58099555625 0.6710514734374999 0.57864563125 0.6647871359375 0.5814983609375 0.6628204249999999 0.5871442734375 0.6668787140625 0.5874636062499999 0.67480799375 0.5875622640625 0.6748689453125001 0.592058396875 0.6765054046875 0.5925991921875 0.6750195828125001 0.591740275 0.66795051875 0.5854802703125 0.66166536875 0.5803840625000001 0.6600108375 0.574700934375 0.66094736875 0.5770313125000001 0.67103599375
29 0.37333406875 0.523652234375 0.37414170625 0.5214332703125 0.3706899390625 0.513025371875 0.363191709375 0.51209925 0.3672997953125 0.5194041765625 0.35993518125 0.525939071875 0.3659030234375 0.5291128625 0.37333406875 0.523652234375
29 0.44580196875 0.42993443593749997 0.45342153124999995 0.4315057203125 0.45131426562500004 0.4265317125 0.4450814328125 0.425064484375 0.43341073124999996 0.41701033593750003 0.42911433125 0.4180509265625 0.43569626875 0.4234515765625 0.42358230625 0.41563676562499996 0.41832755625000007 0.41833188750000005 0.42173483125000005 0.42658375 0.4229025609375 0.4287066046875 0.42564850937500004 0.4297060484375 0.42941133750000005 0.4289771 0.430501678125 0.43147245781250004 0.4385528734375 0.43440285312500004 0.43469325937500003 0.43109989843749996 0.4249589921875 0.42555356718750004 0.42323060312500005 0.420517121875 0.43158558593749996 0.4249604296875 0.437689646875 0.4267814578125 0.44580196875 0.42993443593749997
29 0.6381437734375 0.19389986875 0.6559259765625 0.20277607656250002 0.6622372484375 0.2065406421875 0.6729615484375 0.21044396875000002 0.6737230671875001 0.2096543578125 0.6665690953125 0.2048468421875 0.6655266281250001 0.2008613921875 0.65476218125 0.19814546093750002 0.6398178171875 0.1893004703125 0.6381437734375 0.19389986875
29 0.15632749375 0.3136611109375 0.164404228125 0.317993128125 0.1668539 0.3188847359375 0.16845712031249999 0.3144799265625 0.1555074515625 0.30976663437499996 0.15632749375 0.3136611109375