57 0.20281646874999998 0.171613759375 0.19190319218750002 0.16723099218749998 0.1899771203125 0.167331934375 0.16091590312499998 0.174461609375 0.16354094375 0.1968809921875 0.164282115625 0.19684215 0.21237202812499997 0.176679496875 0.2119045390625 0.1677592640625 0.20281646874999998 0.171613759375
11 0.5592715687500001 0.22777489062499998 0.5586383796875001 0.2156929484375 0.55673854375 0.21069655312500002 0.5343871250000001 0.20404472031249998 0.5292278296874999 0.20822671874999998 0.5285486703125 0.2232568203125 0.5317857609375001 0.2292153609375 0.5592715687500001 0.22777489062499998
7 0.2977998421875 0.5117703437500001 0.288613840625 0.52681785625 0.2895016828125 0.5437588921875001 0.29113534375 0.5525395953125 0.318611984375 0.5543592796875 0.35358405312499996 0.5608712406249999 0.361602309375 0.560451021875 0.3751068390625 0.550094640625 0.38193340781249996 0.549736875 0.383271759375 0.5416870484375 0.383083553125 0.538095859375 0.37822405937500003 0.534936765625 0.363367778125 0.5220247125 0.348637196875 0.5208409031250001 0.3274995140625 0.5186890078124999 0.316114071875 0.51602601875 0.2977998421875 0.5117703437500001
57 0.03303563125 0.164604378125 0.048269084375 0.15034871249999998 0.04810635 0.14724355 0.044009509375 0.14277617812500001 0.0349023546875 0.12760702031249999 0.0248328640625 0.131394415625 0.0298687578125 0.14351726250000002 0.031914603125 0.16466312968750002 0.03303563125 0.164604378125
7 0.40940270625 0.48284298281250004 0.416096546875 0.48249217343749995 0.43274999531249997 0.4707115 0.4324750796875 0.4654658203125 0.430513490625 0.45415975781249995 0.4306368921875 0.4378549140625 0.424059775 0.43513550937499995 0.4228700015625 0.43519786250000003 0.41594038437499997 0.43732125312500003 0.4082748828125 0.4403307265625 0.39109565 0.44840233749999997 0.38835323125 0.47071185625 0.3982652453125 0.4825791578125 0.40940270625 0.48284298281250004
11 0.3818034828125 0.47261975781250004 0.367549921875 0.4805380421875 0.3698157296875 0.48178835937500003 0.38090890312500003 0.48120699062499994 0.38695218593749997 0.4775654078125 0.40523004531250006 0.453137840625 0.3844542734375 0.43923214374999997 0.373692734375 0.43914419843749997 0.38464811875 0.4522606890625 0.3818034828125 0.47261975781250004
57 0.58345743125 0.6051512812500001 0.58298194375 0.6051762015625 0.5552758734375 0.6278161046874999 0.5581284984375 0.645594821875 0.560083296875 0.645492375 0.5871049921875 0.6394474890625 0.586278725 0.623681365625 0.58345743125 0.6051512812500001
7 1 0.582167678125 0.9971877687499999 0.5750586296875 0.9727730921875001 0.575686215625 0.9339859640625001 0.5666360640625 0.9316539046875001 0.5654544125000001 0.9314790015625001 0.5661155140624999 0.9289720390625 0.5655949640625 0.9289458390625001 0.5641620781250001 0.926465075 0.5650744125 0.9262377734375 0.562869746875 0.9235297078125001 0.5615774124999999 0.9239581125 0.5645538625000001 0.92145115 0.5640333109375 0.9208216421875 0.560285078125 0.9189752328124999 0.5594039421875 0.9181966375 0.5594447453125 0.9189441875 0.563512759375 0.9164372249999999 0.562992209375 0.9147684375 0.5604719265625 0.9139302624999999 0.562471659375 0.9114233 0.5619511078125 0.9055166984374999 0.5798629078124999 0.9058468359375 0.5954920484375 0.9185717125 0.6143832203125 0.9322248500000001 0.6136676890625 0.931980159375 0.5930048578125 0.9443650921875 0.5934141265624999 0.941161640625 0.6255861 0.9518550328125001 0.624373746875 0.9877892453125 0.6309004781249999 0.9924250484374999 0.6306575265625 1 0.626804140625 1 0.582167678125
43 0.4440374953125 0.566669078125 0.4490120484375 0.5682917421875 0.4487187265625 0.5715318859375 0.4512916578125 0.5713970453125 0.451499325 0.5691030734375 0.4532599609375 0.571293890625 0.45386458906250005 0.571262203125 0.453986603125 0.5699144031250001 0.4553628890625 0.57118368125 0.45643752031249996 0.5711273609374999 0.4564738796875 0.5707257343750001 0.4570713546875 0.57109414375 0.46297377187500005 0.5707848109375 0.46949150156249997 0.5641036578125 0.46835727031249996 0.561120734375 0.47032290468750004 0.5606863203125 0.470316753125 0.5605689328125 0.44155021874999995 0.565857746875 0.4390629421875 0.5650464140625 0.40925045937500004 0.5653049515624999 0.411115815625 0.573502571875 0.43676791875000004 0.5721582015625 0.4440374953125 0.566669078125
57 0.499361890625 0.108155240625 0.498816725 0.09775285 0.4745724125 0.10163118125 0.458339725 0.11102224999999999 0.490728009375 0.1093248515625 0.499361890625 0.108155240625
57 0.829767703125 0.2913746484375 0.8323296750000001 0.29326138125 0.8508135546875 0.29229268125 0.8628912515625 0.28898678125 0.8513460359374999 0.27394539687499997 0.8426136828124999 0.26592788437500003 0.81697468125 0.2711831796875 0.8155693984375001 0.2816877875 0.829767703125 0.2913746484375