35 0.704333246875 0.19788496875 0.792428778125 0.27439138750000003 0.8125453953124999 0.279808903125 0.8265462015624999 0.278683253125 0.8494465171875 0.27339630000000004 0.8675265515625 0.2655433484375 0.8835080390625001 0.2530496515625 0.8895724906250001 0.24255631718749998 0.88259405 0.21232937343749997 0.8525115890625001 0.13694863125 0.8362095046875 0.1589492890625 0.8116936656249999 0.1762431765625 0.7761933703125 0.19135655625 0.7371867265625001 0.20036195 0.704333246875 0.19788496875
41 0.794447490625 0.0831440734375 0.7674505734375 0.089691234375 0.738854575 0.1038394953125 0.7252767359375001 0.11766485468750001 0.71921495 0.1240952296875 0.710673625 0.1361289546875 0.7061660015625 0.145659271875 0.7051871875 0.1559470515625 0.7120086156250001 0.169150478125 0.737239175 0.182191428125 0.76538525 0.1860696328125 0.8001978953125001 0.1843211265625 0.8203431171875 0.1806921375 0.8336239703125001 0.1776260109375 0.8562198078125001 0.1672998421875 0.870846915625 0.159835296875 0.880544375 0.150993403125 0.888029459375 0.13983239375 0.8879887609375 0.1384530546875 0.8816885250000001 0.1111637359375 0.8785116875 0.105870134375 0.8719279875 0.09732829531250001 0.8613640171875 0.08970537656250001 0.84257931875 0.084609221875 0.822218 0.0817636484375 0.794447490625 0.0831440734375
20 0.45534750781250005 0.661173028125 0.45678782812499996 0.6746754859374999 0.4670691484375 0.6883378578125 0.47306355 0.6979590421874999 0.4749932765625 0.7063176078125 0.47674024531250003 0.7247801734375 0.4793297234375 0.74870799375 0.47896420468749995 0.7689159906249999 0.48041150000000005 0.7751849156249999 0.49314139062500006 0.7794779109375 0.5028466171875 0.7783692359375001 0.5078531875000001 0.777213378125 0.518063765625 0.771208675 0.51946850625 0.731894871875 0.5195653250000001 0.7032592625 0.5182403812499999 0.6957043640625 0.52890116875 0.6746916734374999 0.5354438484374999 0.6540008625 0.5325091890625 0.5713532109374999 0.5288706875 0.55559313125 0.520561284375 0.5495867999999999 0.5048539359374999 0.5469244984375 0.48573315624999996 0.549452290625 0.467715075 0.55675640625 0.4563031546875 0.567251840625 0.45534750781250005 0.661173028125
6 0.3653500265625 0.74276161875 0.36889434374999996 0.7378498437500001 0.3685736125 0.73646060625 0.34766220937500003 0.724127503125 0.33971931093749996 0.7295601375 0.3398627796875 0.7301815640625 0.3552417421875 0.7406146515625001 0.36132853125 0.743690053125 0.3653500265625 0.74276161875
6 0.40239207656250003 0.5995073734374999 0.4022937609375 0.5995300703125 0.40161666875 0.6056291453125 0.420955790625 0.608050403125 0.42111681093750003 0.608013228125 0.42910166250000004 0.60271693125 0.428980959375 0.6021941125 0.40239207656250003 0.5995073734374999
6 0.38851068125 0.9200609156249999 0.3390517359375 0.928986528125 0.3406523546875 0.9377355078124999 0.38138334375 0.9298884546874999 0.38998178125 0.92790335 0.3895507015625 0.9245657375 0.38851068125 0.9200609156249999
6 0.2646125546875 0.9263787125 0.2722244 0.920541634375 0.2807742375 0.9176244562500001 0.294036525 0.9067678421875 0.2932694765625 0.9034453906250001 0.290616509375 0.9021460671874999 0.2746884546875 0.913055271875 0.2635591859375 0.9175112546875 0.2556985375 0.9234136375 0.2609325265625 0.9272283140625 0.2646125546875 0.9263787125
11 0.2653440421875 0.5021519203125 0.258929153125 0.49797315 0.24733293750000002 0.5022225031249999 0.2397100171875 0.5127864718749999 0.2357847171875 0.5284709765625 0.2343095203125 0.55113618125 0.23935608125000002 0.574811171875 0.24104110625000003 0.5857416843750001 0.248979184375 0.58925436875 0.2605599140625 0.583122 0.274697615625 0.58080135 0.3899027984375 0.5655079453125 0.4180037 0.5590203421875 0.42518976249999996 0.5425987546875 0.425096846875 0.531300675 0.424897065625 0.52317158125 0.4224159875 0.512424853125 0.4161613953125 0.5034926015625001 0.2653440421875 0.5021519203125
41 0.38415602031249996 0.523223059375 0.390303746875 0.53532429375 0.39909982187500004 0.5461852484375 0.4099394671875 0.55500225 0.42143169843750006 0.5598325265625 0.42598831875 0.558780546875 0.4286397609375 0.5579168703125 0.43258905781249996 0.553231925 0.4421641671875 0.545676003125 0.4517927078125 0.5365355890625 0.4582594953125 0.5227797890625 0.45861324843749995 0.5152210390625 0.45543808124999996 0.5014678781249999 0.4507783140625 0.4940071078125 0.44238026562500005 0.48305426249999994 0.43143375468749995 0.47740624687500005 0.4163157046875 0.4736646015625 0.40370465156249996 0.47412352812499997 0.39157810625 0.4769231609375 0.3847871671875 0.47874251875 0.37583930312499997 0.4817515890625 0.37202784218749996 0.487033575 0.3742332453125 0.496586221875 0.378061728125 0.5095373296875 0.38415602031249996 0.523223059375
42 0.2862502578125 0.5201373390625 0.31841455 0.5196291171875 0.5408540171875 0.5241471671875 0.5396802984375 0.519063234375 0.5395308921875 0.51857498125 0.3168983359375 0.5130616734375 0.2782277734375 0.5144431218750001 0.26841141562500004 0.517935084375 0.2684401828125 0.5180596859375 0.2862502578125 0.5201373390625
6 0.439409140625 0.522336328125 0.435411240625 0.5201939375 0.42220045468749995 0.5301613781250001 0.4264531359375 0.5346192328125 0.427016328125 0.534489209375 0.439861365625 0.5242951312499999 0.439409140625 0.522336328125
6 0.4970735609375 0.5151080234375 0.4960798171875 0.5108036421875 0.47128479843750004 0.5102611078125 0.46941003906249995 0.5166681265624999 0.485155334375 0.5158629234375 0.492256303125 0.5162201750000001 0.4970735609375 0.5151080234375
6 0.4359267453125 0.3752792625 0.43208744374999997 0.376165634375 0.43181227031249997 0.37624488437500003 0.432544025 0.3936998265625 0.438540928125 0.39231533125 0.43885593749999996 0.3922268828125 0.43825375937500005 0.3853586703125 0.4359267453125 0.3752792625