7 0.610070525 0.45263900625 0.5898190234375 0.4586518625 0.5869806109375 0.46252665937500004 0.5685139234375 0.4695797546875 0.550952225 0.47905490000000006 0.55105150625 0.47986348906250004 0.5615427953125 0.4877207921875 0.5644031046875 0.487369590625 0.6031395921875 0.4771664984375 0.6241180578125001 0.47257564687500003 0.631187871875 0.46717378906249996 0.6519877875 0.465627390625 0.7161165515625 0.43953075 0.7159653984375 0.43829970156250003 0.7087333625000001 0.4284346140625 0.6940934953125 0.42166833125 0.6856873718750001 0.42068545312500005 0.66283694375 0.42802492656249996 0.6194955281250001 0.4439254375 0.610070525 0.45263900625
7 0.4432182296875 0.5006277609375 0.44569941249999995 0.5208353812500001 0.497820959375 0.514435659375 0.50270091875 0.5127187703125 0.5428163546875 0.5065338265625 0.5612221078124999 0.4989844578125 0.580537628125 0.49434591250000004 0.601132603125 0.490286940625 0.6001618453125 0.4823807609375 0.5751137453124999 0.4816623765625 0.5580620093750001 0.48224480156249994 0.5407707890625 0.48537540625000003 0.521115875 0.4827511765625 0.450227109375 0.4947296296875 0.4432182296875 0.5006277609375
38 0.7202060796875001 0.46001616562500003 0.720105196875 0.45919455 0.7032998953125 0.4554859234375 0.6942057796875 0.462395721875 0.6890731156250001 0.470078503125 0.6933228515625001 0.46996600156249996 0.71198119375 0.4676750453125 0.7202060796875001 0.46001616562500003
28 0.4668585140625 0.48045575156250003 0.484000828125 0.4722660625 0.48396894531249995 0.472006396875 0.475521040625 0.45212639218749995 0.4737581890625 0.4422677453125 0.45678159375 0.44076295468750004 0.4330562578125 0.443676059375 0.4359278046875 0.467062928125 0.4287701359375 0.47118695 0.4287893828125 0.4713437 0.43406434687499995 0.47887809531250003 0.46527430000000003 0.48065026875 0.4668585140625 0.48045575156250003
57 0.30313214843749997 0.5276199046875 0.3059223859375 0.53684865 0.3143346921875 0.5416876421875 0.33246320625000003 0.539461740625 0.3370655765625 0.5385660515625 0.3398430515625 0.53419498125 0.3561678234375 0.5321905515625 0.35860590625 0.5205567062500001 0.348954875 0.513933503125 0.33538136406249996 0.5158519984375001 0.32885145625 0.5166537703125 0.32512949375 0.5133326078125 0.3305363625 0.5078830562500001 0.33752328125000003 0.5108033328125 0.3704165640625 0.5087795640625 0.3792913 0.504131840625 0.3788255859375 0.50033890625 0.3721886203125 0.49621998749999996 0.36217623125 0.49115241875000004 0.3362394015625 0.495848325 0.319196171875 0.5054972953125 0.3110727578125 0.515814190625 0.30313214843749997 0.5276199046875
57 0.11174222656249999 0.8060038765625 0.1193647078125 0.8096017468750001 0.14581948281249998 0.8091241609375001 0.175452065625 0.8120345515625 0.192329503125 0.8190298515625001 0.2018324515625 0.82894564375 0.196125159375 0.836447103125 0.173205290625 0.8342237593749999 0.1585654265625 0.8274574749999999 0.146668315625 0.8115387125 0.12813644062500001 0.8135622640625 0.1177449890625 0.82340200625 0.09479890468749999 0.8254637984375 0.0707687578125 0.8321924921875 0.0665416078125 0.838252825 0.055354115625 0.8403722124999999 0.0553657859375 0.840467259375 0.06219258749999999 0.8433206125 0.09847269374999999 0.8418885046875 0.11425330781250001 0.8399508890625 0.1253802265625 0.84059969375 0.13324219375 0.8416493859375 0.151987340625 0.841362790625 0.16704949687499998 0.8470697140624999 0.1692303859375 0.8513357296875 0.17356568125 0.851779446875 0.179780996875 0.8510163015625001 0.19039165625 0.8482336968749999 0.191969309375 0.849519765625 0.20737156250000002 0.84762860625 0.20447885625 0.8460002515625 0.21882750468749998 0.8324002187499999 0.2325930203125 0.80955231875 0.23814286718750002 0.8033552937499999 0.23807915781250003 0.8028364171875 0.20859403593749998 0.78504438125 0.1877941234375 0.7865907796875 0.1494025671875 0.7933196890625 0.13368288749999999 0.795753578125 0.116213115625 0.8019286359375 0.11174222656249999 0.8060038765625
47 0.8800050593750001 0.8343058984375 0.8199296890625 0.85112763125 0.8202883390625001 0.85108359375 0.8846644953125 0.83783939375 0.8844966218750001 0.8364721640624999 0.8804982046875001 0.8342453484375 0.8800050593750001 0.8343058984375
57 0.730909171875 0.5133336374999999 0.7318777484375001 0.5144740984375 0.7284158171875 0.514395415625 0.7209357578125 0.5175807484375 0.717735990625 0.5230111796875 0.7312832859375 0.5253778203125 0.74128345 0.5254723109375 0.7525634140624999 0.52408730625 0.76166479375 0.5208918078125 0.75691544375 0.518200546875 0.7578471734375001 0.5122929640625 0.7555444140625001 0.507034403125 0.740669315625 0.5073495718750001 0.730909171875 0.5133336374999999
47 0.38500503125 0.7282154453125 0.38246717812500003 0.73142364375 0.45487073125000005 0.7259339515625001 0.46152307812500004 0.725117146875 0.46092823593750004 0.7202725484375 0.40158992343750005 0.7261790765625 0.38500503125 0.7282154453125
53 0.6070504062500001 0.405436475 0.593773065625 0.40076979062499996 0.5583070718750001 0.399835040625 0.5425873921875 0.4022689296875 0.5233023375 0.40715561093749997 0.513633596875 0.41388408749999994 0.51463901875 0.42207259375 0.5117439265625 0.42998438906249997 0.5079128515625 0.439270496875 0.5027801875 0.44695327812499996 0.50021598125 0.45306130468749994 0.511917528125 0.4538914328125 0.5293653375 0.4565347828125 0.5401986437499999 0.457282609375 0.548588728125 0.4562524359375 0.5531517484374999 0.447820996875 0.5645705828125 0.43735135156249993 0.5730943234375 0.434793503125 0.636834628125 0.44107231562500004 0.6496244921875001 0.441768815625 0.6593303765625 0.4386043421875 0.6580512703125 0.42818686093749997 0.6537822046875 0.4261456640625 0.6444967796875 0.4225001 0.6328561671874999 0.4221662453125 0.6281677515624999 0.4199712578125 0.62495948125 0.41633514531250004 0.6070504062500001 0.405436475
2 0.566367159375 0.5584884671875 0.5586532765625 0.5541461859375 0.551736125 0.5624783640625 0.5517888078125 0.562907434375 0.5699733859375 0.5606746484375 0.566367159375 0.5584884671875