20 0.5407001453125 0.3208422765625 0.5445767046875 0.3265895109375 0.580559690625 0.356484734375 0.5888656203125 0.35809924375 0.5919507312500001 0.3574374953125 0.5934279734375 0.35509625625 0.5969016015624999 0.33722598125 0.565559765625 0.295712240625 0.5637884109375 0.29037421406249997 0.56118243125 0.2973582265625 0.5524056859375001 0.3039750484375 0.5429384734375 0.312538371875 0.5407001453125 0.3208422765625
20 0.6376480734375 0.45154353125 0.6366127203125 0.46008126875000005 0.6317111468750001 0.44997336718750003 0.6251168578125 0.44536242656249997 0.617076115625 0.46585501406249996 0.6179238609375 0.48557849375 0.6248451296875001 0.5543389265625 0.6351925015625 0.54927583125 0.6501179359375 0.546351046875 0.6563225 0.55296694375 0.6605329109375 0.553785365625 0.6736671953125 0.531896084375 0.674541309375 0.527399159375 0.6659290109375 0.45537621718750004 0.6551808796875 0.46410669687499995 0.6525065999999999 0.44735731406249996 0.641345284375 0.4389456359375 0.635820846875 0.44328164687499994 0.6376480734375 0.45154353125
4 0.5337108453125 0.4298160578125 0.534338921875 0.4366380375 0.535116678125 0.43678921718749997 0.5461071484375 0.42657562968749996 0.546308246875 0.425541071875 0.5337108453125 0.4298160578125
4 0.5413600234375 0.45810248124999997 0.5367557 0.4832684109375 0.5504858593749999 0.485937284375 0.5515823953125001 0.48029610156249997 0.5413600234375 0.45810248124999997
4 0.731215921875 0.525452753125 0.7280201828124999 0.541893403125 0.728967946875 0.5578910421875001 0.7374887828125 0.5558020421875 0.7522700578125 0.5632527984375 0.7556223828124999 0.5572461453125 0.7615696515625 0.5459179062499999 0.7661918578125 0.5414065171875 0.7692692250000001 0.5395841359375 0.7713886750000001 0.52868050625 0.771303109375 0.5199283546875 0.7659669765625 0.507239125 0.7563100734375 0.510355721875 0.746675240625 0.510147471875 0.7395353390625 0.5083434718750001 0.731215921875 0.525452753125
4 0.8596182578124999 0.6380408296875 0.8645866453125001 0.6472722171874999 0.8770469999999999 0.6496942640625 0.885042190625 0.6400333328125 0.8859429406249999 0.6353993765625 0.8836211796875 0.6285576828125 0.8780519046874999 0.628307409375 0.8708892374999999 0.61859228125 0.8537365078124999 0.62815854375 0.8563321500000001 0.6340729374999999 0.8596182578124999 0.6380408296875
4 0.7513629703125 0.42361154062499995 0.753260203125 0.431439678125 0.7612330218750001 0.4329894375 0.7612426703125 0.4209543921875 0.7513629703125 0.42361154062499995
4 0.659544390625 0.3998311875 0.6548891734375 0.397407384375 0.654009709375 0.4051431390625 0.655214334375 0.4060145125 0.658228584375 0.40660042343749997 0.659544390625 0.3998311875
4 0.646579140625 0.319614603125 0.6509454781249999 0.313047675 0.65099241875 0.3128061875 0.6512447953125 0.2972175375 0.6491846265625 0.280686359375 0.64906326875 0.28066277031250003 0.6404732046875 0.286800903125 0.640051065625 0.305029115625 0.6389708734374999 0.308980571875 0.6345204828125001 0.32081305000000004 0.635106409375 0.3209269421875 0.646579140625 0.319614603125
4 0.5868988390625 0.388685740625 0.5888902890625001 0.397897659375 0.592611790625 0.3986210453125 0.6022367625 0.39166713125 0.5868988390625 0.388685740625
4 0.6025109140625 0.46271172031249996 0.5884877109375 0.46581187812499997 0.5857258390625 0.47359787343750004 0.6048378 0.46836294843750004 0.60518425 0.46658061718750005 0.6025109140625 0.46271172031249996
4 0.6770022171875001 0.48506165625 0.668220740625 0.4933213203125 0.67684235625 0.5041315203125001 0.680516984375 0.5048457953125001 0.6832211140625 0.49093425156250003 0.683111596875 0.4862491984375 0.6770022171875001 0.48506165625
4 0.5396183156250001 0.52924159375 0.536110103125 0.5360502312500001 0.5365453609374999 0.5498675375000001 0.547772890625 0.548304665625 0.5457442421875001 0.5250225000000001 0.5396183156250001 0.52924159375
4 0.4584865984375 0.6351720453125 0.4681662703125 0.6399665796875 0.48680020625 0.6334175906249999 0.48824725 0.6259731984375 0.4863653890625 0.6202001515625 0.46912298750000003 0.6205938515625 0.4658368765625 0.6166259546874999 0.4494297953125 0.6159335968749999 0.438982409375 0.6247225328125 0.4584865984375 0.6351720453125
4 0.33491055468750003 0.605413728125 0.33142613593750003 0.5993473812500001 0.33140152500000003 0.5993425984375 0.324941871875 0.6101342921875 0.33501535 0.6191459921875 0.3350542984375 0.6191535625 0.3379072984375 0.6132787375000001 0.33915831406249997 0.6068428156250001 0.33491055468750003 0.605413728125
4 0.5969416890625 0.62547485625 0.5945670296875 0.6584555140624999 0.598828196875 0.6592838015625 0.605897784375 0.6372031609375 0.6107979671875 0.624839103125 0.6189952953125 0.6147805140625 0.6111531953125 0.6053494578125 0.6026875359375 0.599126334375 0.5969416890625 0.62547485625
4 0.6432218875 0.579259115625 0.636906271875 0.5780314843750001 0.643043925 0.583385946875 0.64301081875 0.588373221875 0.6351804484375 0.5885157203125 0.6401489296875 0.5998850578125 0.6436909453124999 0.599325128125 0.6511433203125 0.6107611421875 0.6580046359375 0.615075465625 0.6663552875 0.61669866875 0.6705247296875 0.6170253609375 0.678978659375 0.6136749296875 0.6834980359375 0.6041530515625 0.68628088125 0.589836559375 0.6868179828125001 0.5781620625 0.677249365625 0.5679792625 0.6599069453124999 0.5720988015625 0.6518317046875 0.5751067 0.645894778125 0.5735365359375 0.6432218875 0.579259115625
4 0.5731391968749999 0.70264871875 0.576223565625 0.7090092296875 0.5787548265625 0.7095012578125 0.5821394359375 0.707727328125 0.5846336703125 0.6948956 0.5739627890625 0.69198910625 0.5637713062499999 0.69625021875 0.5656095703124999 0.7028496765625001 0.5731391968749999 0.70264871875
4 0.5862334171875 0.5424380671875 0.5887069671875 0.5554031484374999 0.605458934375 0.5495042671875 0.61533618125 0.5453745375 0.615645759375 0.5437818921875001 0.5998441296875 0.5334317328125 0.5905769484375 0.5345433734375 0.577522190625 0.5278443609375 0.57835820625 0.5379942828125001 0.5835487953125 0.5385870890625 0.5862334171875 0.5424380671875
4 0.64385470625 0.6425577484375 0.6472531078125 0.64321833125 0.6510019875 0.623932021875 0.6427951953125 0.62071239375 0.64385470625 0.6425577484375
4 0.6981316125 0.577521034375 0.6927961734375 0.5760677875 0.6879511671875 0.5801197234375 0.6890768921875 0.59199053125 0.684978921875 0.6082558062500001 0.6861006749999999 0.6189450375 0.6879836625 0.619311053125 0.6969645234375 0.6172438515625001 0.7025217796875001 0.6127390015625 0.7033523500000001 0.6084660890625 0.7018867796875 0.6015549421874999 0.703958184375 0.595715446875 0.6998477890625 0.591171184375 0.6998139875 0.584922478125 0.6962050625 0.5842209734375 0.6981316125 0.577521034375
4 0.699006621875 0.6635781921875 0.6907891765625 0.6598112656249999 0.684384578125 0.6606470515625 0.6869581484375 0.6698862937500001 0.691469303125 0.6707631734375 0.698664403125 0.6653387578125 0.699006621875 0.6635781921875
4 0.668899415625 0.662878809375 0.6616106140625 0.6523553171875001 0.6587928703125 0.6572174562499999 0.6563573203125 0.667282840625 0.666155128125 0.669187340625 0.6678156890625 0.668454096875 0.668899415625 0.662878809375
4 0.65431860625 0.6875792374999999 0.6573523578125 0.6881689390625 0.6591986750000001 0.6870141078125 0.660200228125 0.6722276625 0.6593642125 0.6620777390625 0.6558001250000001 0.6659625171875 0.6528830578125 0.6857864765625 0.65431860625 0.6875792374999999
4 0.66985341875 0.6912881343749999 0.6728932296875 0.6975567578125 0.6739865390625 0.697769275 0.6818603984375 0.6857153484375 0.66985341875 0.6912881343749999
4 0.5055696453125 0.586537478125 0.5006512625 0.5940395374999999 0.5084842671875001 0.5955621203125 0.5104800203125001 0.5852948609374999 0.5055696453125 0.586537478125
4 0.6206930484375001 0.6555751734374999 0.6234068796875001 0.6512530984375 0.6265530015625 0.6350677078125 0.6136953562499999 0.642568171875 0.6153998015625 0.6466447640624999 0.6243214015625 0.6408883828125 0.6152777140625 0.6536954546875 0.6187091734375 0.655189546875 0.6206930484375001 0.6555751734374999
4 0.44795271718749996 0.8168929625000001 0.44471641406250007 0.8162638890625 0.43694191875 0.819330246875 0.4310636453125 0.8272335249999999 0.44391201406249997 0.8297309953124999 0.445883378125 0.8275387859375 0.44795271718749996 0.8168929625000001
4 0.6375858734375 0.6492381125 0.642713421875 0.65826375625 0.6442697703125 0.6585662796875 0.6448801234375 0.6554262796875 0.6375858734375 0.6492381125
4 0.6522563328125 0.6648055140625 0.654197778125 0.6648128234375 0.6559004078124999 0.6560535515625 0.6555079453125 0.6512887218750001 0.6522563328125 0.6648055140625
4 0.5854091578125 0.748468625 0.5854622578125 0.74819545 0.5838609328125 0.743920425 0.5830213125 0.7437572203125 0.5763096156249999 0.746229090625 0.568395828125 0.7459176265624999 0.5683450156250001 0.746179040625 0.5698617359375 0.7507497265625 0.5712754999999999 0.751024534375 0.5854091578125 0.748468625
4 0.6386614484375001 0.6710409562499999 0.63515833125 0.6663456640625001 0.6348371828125 0.6662832390625 0.633278321875 0.672763346875 0.6286671515625 0.6756123078125 0.6356924375 0.6791834421875 0.6367739328125 0.6793936640625 0.6371682953125 0.6787225625 0.6386614484375001 0.6710409562499999
4 0.599308496875 0.5670559609375 0.5997630796875 0.5671443234375 0.6054884640625 0.5632010937499999 0.5998131 0.5607870671875 0.5983356984375 0.5604998890624999 0.599308496875 0.5670559609375
4 0.569040896875 0.62795559375 0.563435753125 0.6240362953124999 0.5633733953125 0.6243570921875 0.56319 0.6332555 0.56697105 0.6339904609375 0.5679051765625001 0.633798375 0.569040896875 0.62795559375
4 0.604218146875 0.7581593890625 0.5907644953125 0.7618618875000001 0.590639059375 0.7625072046875 0.592265759375 0.766246840625 0.59385969375 0.7665566703125 0.604175028125 0.7583812187500001 0.604218146875 0.7581593890625
4 0.69085465 0.82015989375 0.691183259375 0.818469346875 0.6906773546875 0.810474709375 0.6937510062500001 0.8010847468750001 0.6867020359375 0.808767975 0.68466908125 0.8192266140625 0.689378228125 0.8201419796874999 0.69085465 0.82015989375
4 0.7684951890625 0.8504862781250001 0.7633688078125 0.8647674437499999 0.7664306109375 0.865362596875 0.76922860625 0.8509681578125001 0.7684951890625 0.8504862781250001
4 0.6802117625 0.3917725828125 0.6804943125 0.39031899062500003 0.6777782343750001 0.3821340171875 0.6743700390625 0.3852168125 0.6721648171875 0.3885334421875 0.67830705 0.39140234375 0.6802117625 0.3917725828125
4 0.6293183859375 0.661785125 0.6291579078125 0.6604430781249999 0.618375975 0.6629248484375 0.6191549953125 0.664826675 0.6274553796875 0.6664401062499999 0.628416053125 0.6664272234374999 0.6293183859375 0.661785125
4 0.6133345593749999 0.6703154296875 0.6114694046875 0.6641754359375 0.6087185703125 0.6702990062499999 0.6108111671875001 0.6759387578125 0.6119227609375 0.6761548296875 0.6124485859375 0.6748733671875 0.6133345593749999 0.6703154296875
4 0.6087905703125001 0.726447496875 0.6059912 0.7294488875 0.6015028124999999 0.7364831390625 0.6020088953125 0.7394893078125 0.6030323281250001 0.7396882437500001 0.6073639953125001 0.7337865859375 0.6087905703125001 0.726447496875
4 0.61126255 0.7412880359375 0.612786709375 0.751134771875 0.6132192234375 0.75121884375 0.6155622375 0.74893200625 0.616175721875 0.7457759015625001 0.611731109375 0.7413791140625 0.61126255 0.7412880359375
4 0.6813777546875001 0.475851065625 0.681083015625 0.475360290625 0.6705128453125 0.4799639375 0.6756076906249999 0.4831988421875 0.6797914140625 0.48401207656249995 0.6813777546875001 0.475851065625
4 0.6862950375 0.5242531921875 0.6805573859375 0.5210155796875 0.680354296875 0.5220603828125 0.6813821078125 0.5288901312500001 0.6814371734375 0.528900834375 0.6861035531249999 0.5252382953125 0.6862950375 0.5242531921875
4 0.3231988859375 0.4369819375 0.33385939531250003 0.43905413125 0.338420825 0.43867170624999996 0.3386342296875 0.4375738390625 0.3386822359375 0.43034229062499996 0.330929809375 0.4300838015625 0.31961260468749997 0.42247410781249994 0.31282133125 0.43115979531250004 0.3127357703125 0.43159996562499997 0.3231988859375 0.4369819375
4 0.618170009375 0.9089264312499999 0.6066552749999999 0.913892659375 0.6157523234375 0.915660946875 0.6233192515625 0.9137460609374999 0.62335054375 0.9135850734375 0.618170009375 0.9089264312499999
4 0.7945879578125 0.8023937765625 0.795492675 0.7977394078125 0.793762965625 0.7903807859375 0.7880598734375 0.787607646875 0.7840391531249999 0.79223595 0.7905779296875 0.8032030765625 0.7926829015625 0.8036122421874999 0.7945879578125 0.8023937765625
4 0.6491691765625001 0.39257365625 0.648123009375 0.396677375 0.650851103125 0.3972076625 0.65543385625 0.39641159843749996 0.6556004015625 0.395554796875 0.6491691765625001 0.39257365625
4 0.93330226875 0.3247710203125 0.9317693625000001 0.3387987578125 0.9327430218749999 0.3389880171875 0.9373082953124999 0.338392259375 0.9382630437499999 0.3334805046875 0.9335372906250001 0.3248167046875 0.93330226875 0.3247710203125
4 0.9529575453125 0.3456326515625 0.9530568671875 0.33067083125 0.9404152937499999 0.3411139734375 0.9529575453125 0.3456326515625
4 0.9406787265625001 0.32779660312500003 0.9478464593749999 0.3291898703125 0.9526200625 0.3278601921875 0.95959234375 0.32089261874999997 0.9558827109375001 0.312680975 0.9469611140625 0.31843735624999997 0.9368255046874999 0.3256223265625 0.9406787265625001 0.32779660312500003
4 0.9729413156250001 0.31885260937500004 0.9730556796875 0.31826425625 0.9652788015624999 0.3135554625 0.9618302 0.318692621875 0.9616529187499999 0.3196046546875 0.9655132 0.321481721875 0.969234903125 0.32220514843750003 0.9729413156250001 0.31885260937500004
4 0.50677526875 0.9729312078125 0.5033917515625 0.9670405265625 0.50305255 0.9669745921875 0.49798679687499997 0.9699744750000001 0.5012348906249999 0.9761717437499999 0.5151016796875 0.9788671750000001 0.5173733687500001 0.975650159375 0.51741959375 0.9754123515625001 0.50677526875 0.9729312078125
6 0.8329303859375001 0.0728659578125 0.8337038546875 0.0688868125 0.819126484375 0.060874162499999995 0.8168108406249999 0.0654011140625 0.8167232406249999 0.06585177343750001 0.8293169828125 0.0721635828125 0.8329303859375001 0.0728659578125