7 0.4261125203125 0.5264616953125001 0.427353921875 0.5337549921875 0.42671215625 0.537444925 0.4265179453125 0.539731646875 0.42767064687499995 0.5422695875 0.4297775890625 0.5451713453125 0.43129339843750003 0.546011571875 0.43289365156250004 0.5471463015625 0.4330439484375 0.5484577609375 0.4369115484375 0.54734874375 0.43679080781249996 0.5444352140625 0.43948038125 0.5404767968749999 0.4401517109375 0.53837198125 0.439362115625 0.534136328125 0.4391340890625 0.5303770828125 0.4399996296875 0.52598554375 0.44050503125 0.5249322703125 0.43940861875000004 0.521108625 0.4383951234375 0.5203899625 0.4374957640625 0.518735534375 0.43292302656250004 0.5190905890625 0.42821095937500003 0.520441753125 0.42636161093749997 0.522884359375 0.4261125203125 0.5264616953125001
7 0.47333311250000004 0.5430961484375 0.46991307656250003 0.54598914375 0.46814817656249996 0.5487262546875 0.4700862234375 0.5510390015625 0.47671102187500003 0.554876315625 0.47873351406250003 0.5574835671875 0.48288826562500003 0.5601168421875 0.488221034375 0.562412325 0.49015193437500004 0.5629661984375 0.49640965625 0.561171825 0.4948207203125 0.5556305453125 0.49216881875 0.553949775 0.48733848750000003 0.5489604671875 0.47858143281250004 0.545097128125 0.475549815625 0.543416675 0.47333311250000004 0.5430961484375
7 0.4882562109375 0.5378688296874999 0.48390724843750005 0.537522278125 0.48096008125 0.53613633125 0.47910648437500003 0.5341180890625 0.47613399999999995 0.5356078734375 0.47515444687499997 0.5381197906249999 0.47700804375 0.5401380328125 0.47964698749999995 0.54193108125 0.4832148546875 0.5469636765625 0.4852077828125 0.547985809375 0.48880096406250007 0.5501426734375 0.490261890625 0.5522735125 0.49329350781250003 0.5539539640625 0.4969711375 0.5564053312499999 0.49913296249999994 0.5580164734374999 0.501407665625 0.5581132015625 0.5039453125 0.5573855437499999 0.50471481875 0.5567346203125 0.5067330625 0.554881021875 0.5087134625 0.553062178125 0.5075903078125 0.5491452703124999 0.5065303515624999 0.5482460453125 0.5031060609375 0.546678190625 0.499597328125 0.54481583125 0.49558190468749996 0.5411864468750001 0.4914271546875 0.5385531734375 0.4882562109375 0.5378688296874999
7 0.48435835000000005 0.2778359890625 0.48646825156249995 0.28119106875 0.5041822546875 0.27611165937500004 0.5045282125 0.275558284375 0.5098567296875001 0.2733929203125 0.5161943703125 0.270300753125 0.5181657453125 0.26858011406250004 0.5167829125 0.26375760625 0.5133273984375 0.26474845937499997 0.5057821765625 0.2665932984375 0.49734185000000003 0.2712445578125 0.4915362109375 0.2732280171875 0.48660036875 0.2752807859375 0.48435835000000005 0.2778359890625
7 0.5267508671875001 0.3124601375 0.5283215578125 0.3120097484375 0.5299199078125 0.3126191390625 0.532217046875 0.3119604453125 0.5332869687499999 0.3115420984375 0.5354741062499999 0.310277509375 0.5364240953125 0.3061804734375 0.5349589156250001 0.299588784375 0.5341988859375 0.29693824687500003 0.5343028140625 0.2965133640625 0.5324929078125 0.29020146874999997 0.532172140625 0.2898701453125 0.530711215625 0.2877393046875 0.52955448125 0.2850909703125 0.5251585171875 0.2863514921875 0.5252138046875 0.2893156625 0.5249647125 0.29289299999999996 0.5231998124999999 0.2956301109375 0.5245214109375 0.2987570609375 0.5257670609375 0.3105112046875 0.5267508671875001 0.3124601375
7 0.45788283124999996 0.2998417953125 0.4620924640625 0.30118445625 0.4670578734375 0.300716803125 0.46946878906249995 0.2987506109375 0.4693252078125 0.2952858703125 0.46993740624999997 0.2900108171875 0.469959240625 0.2875304984375 0.4668526203125 0.276696425 0.466445484375 0.2763510265625 0.4632492234375 0.278542415625 0.46226966875000003 0.281054334375 0.459550528125 0.28342763125000003 0.4584654625 0.2929816265625 0.45788283124999996 0.2998417953125
30 0.47070445000000005 0.8034227812499999 0.4732293421875 0.7977785515625 0.47270048906250006 0.7959342203124999 0.4540516296875 0.7868437171875 0.4440025421875 0.7814385453125 0.4404136109375 0.7837425312499999 0.43371275468750004 0.7807078890625 0.43270425625 0.7809970703125 0.4307065671875 0.783976228125 0.4365460203125 0.7880387359375 0.436128034375 0.791027065625 0.46535339843749995 0.8057699046875 0.4676655171875 0.8051069156249999 0.47070445000000005 0.8034227812499999
57 0.5081194765625 0.042763878125 0.5124135562500001 0.04440104375 0.5129662515625 0.044401920312499996 0.52471588125 0.0410327671875 0.5280908796875 0.038312046875 0.5282069234375 0.0371699 0.524922746875 0.025716617187500002 0.5198277578125 0.0228331859375 0.512898984375 0.0238638203125 0.505552228125 0.027882784375000004 0.5023855328125 0.0316592921875 0.5029513531250001 0.036596553125 0.5081194765625 0.042763878125
29 0.5312343625 0.024534412499999998 0.5317958828125 0.0243733984375 0.533478284375 0.0225045484375 0.5335036 0.0196288171875 0.5339877796875 0.017649378125 0.53352965 0.0160516921875 0.5330222296875 0.014986059375 0.5300750625 0.0136001125 0.528946028125 0.01381230625 0.5247365765625001 0.015019346875 0.5238881578125001 0.016439896875000002 0.5258014265625001 0.023112256249999998 0.5275586359375 0.022608384375000002 0.5282046515625 0.0233793015625 0.53059025 0.0242888375 0.5312343625 0.024534412499999998
57 0.542406946875 0.0136097546875 0.5376948796875001 0.01496091875 0.5347519640625 0.0180358203125 0.535119321875 0.0207989546875 0.538965846875 0.0238393296875 0.5391974796875 0.023876493749999998 0.5503856984375 0.0206683234375 0.551054240625 0.020054320312500002 0.551894465625 0.0185385125 0.5511344359375 0.015887975 0.550712196875 0.014415453125 0.5467559078125 0.01395630625 0.542406946875 0.0136097546875
57 0.5498813484375 0.021354765625 0.54943379375 0.0227579765625 0.552212065625 0.023554915625 0.566448765625 0.020938715625 0.572129428125 0.019309812500000002 0.5732726078125 0.0186035328125 0.570860953125 0.0101930953125 0.5669562140625 0.0097655234375 0.552397775 0.01234649375 0.5502950828125 0.0139055875 0.552064234375 0.015629325 0.5523471437499999 0.018097956249999998 0.5498813484375 0.021354765625
57 0.519546928125 0.112410059375 0.520454 0.1121499609375 0.5228720953125 0.11035700156249999 0.5248277234375001 0.10474674843750001 0.523940434375 0.1016524078125 0.5211240078125 0.10129668124999999 0.5190213171875 0.10285577500000001 0.5164161921875 0.1071086953125 0.5154380749999999 0.11168191718750001 0.515590896875 0.1122148671875 0.519546928125 0.112410059375
57 0.55272753125 0.0996447390625 0.5584295578125 0.098009709375 0.5597284250000001 0.0959321171875 0.5618859984375 0.0930824078125 0.54810865 0.090977334375 0.544270628125 0.096858659375 0.5462635546875 0.0978807921875 0.55272753125 0.0996447390625
57 0.529913284375 0.133819571875 0.5270730359375 0.123914446875 0.5217585875 0.12477961875000002 0.5165569890625 0.12627115312499998 0.5165827109375 0.12765020625 0.51768053125 0.131478759375 0.5206572640625 0.13444982656249999 0.5254833453125001 0.13497828437499998 0.52743700625 0.134529634375 0.529913284375 0.133819571875
57 0.5005891109375 0.1503554828125 0.5048299734375 0.1491394359375 0.5062401546874999 0.1476291171875 0.5051563890625 0.14384957812500002 0.50355691875 0.143958765625 0.5016231234374999 0.1461068671875 0.496518384375 0.147570628125 0.49680129375000004 0.1500392578125 0.5002804624999999 0.15031650000000002 0.5005891109375 0.1503554828125
57 0.5340153875 0.1505234609375 0.5344002734375 0.14946756249999998 0.5336301906250001 0.1467819625 0.530713915625 0.1466893546875 0.5259174015625 0.1477460125 0.5269307734375 0.1512800640625 0.5287548046875 0.1517131890625 0.5293300921874999 0.151866946875 0.5340153875 0.1505234609375
57 0.5119047 0.184241575 0.51454364375 0.186034625 0.5140116421875 0.18714333125 0.5145183296875 0.1889103546875 0.5201001875 0.18762850312499998 0.5271951687499999 0.1898648875 0.5283784234375 0.18952559375 0.5313472203125 0.184169740625 0.531312034375 0.1840470296875 0.5277551703125 0.1832024375 0.5258171265625 0.1808896921875 0.5228995234375 0.1810888609375 0.5214132828125 0.181833753125 0.5156329625 0.18094148125 0.5119047 0.184241575
57 0.4960115140625 0.17431308750000002 0.4957740046875 0.173484796875 0.49456558125 0.17319785000000001 0.49502431874999997 0.1708703296875 0.4945744953125 0.1693016078125 0.493243984375 0.170070903125 0.49004772656249995 0.172262290625 0.489519975 0.1778318484375 0.49319335625000005 0.17582236406250001 0.4955493875 0.1751467828125 0.4960115140625 0.17431308750000002
57 0.48343564531250005 0.306184909375 0.483442015625 0.306207121875 0.4859606546875 0.31056316875 0.488684046875 0.3126507234375 0.488691734375 0.31306285312500004 0.5197058625000001 0.30416969374999997 0.5200103734375 0.303356496875 0.5200046015625001 0.3033363703125 0.5179064375 0.3004467046875 0.507498496875 0.3012001 0.498606365625 0.3027937234375 0.4939491796875 0.30285427187499997 0.4867670640625 0.30300139531250003 0.48343564531250005 0.306184909375
57 0.50534983125 0.31780795781250004 0.505102434375 0.321360903125 0.5293644937499999 0.31440386875000004 0.5292775203125 0.31381527343750004 0.5313802125 0.312256178125 0.5337460625 0.31157778125 0.5333697843749999 0.310265540625 0.528825715625 0.3107576359375 0.52167316875 0.3124898765625 0.5110710171874999 0.31552999531250003 0.5082927453125 0.3147330546875 0.5067220546875 0.3151834421875 0.50534983125 0.31780795781250004
57 0.530352603125 0.3511875765625 0.5451052546875 0.3463198828125 0.5482511156250001 0.3451568703125 0.5475760609375 0.342802678125 0.5417611609375 0.3405856828125 0.5359259578125 0.34098402499999997 0.5301203250000001 0.3429674828125 0.5277938546875001 0.3452281828125 0.525074715625 0.347601478125 0.530352603125 0.3511875765625
57 0.5805063859375 0.31811332812500004 0.5807534171875 0.31678886093749997 0.5803748734374999 0.31546872656249997 0.5764360828124999 0.3157745578125 0.57610254375 0.319057390625 0.578180559375 0.3215371703125 0.5818160515625 0.320494709375 0.5817706625 0.32033641875 0.5805063859375 0.31811332812500004
57 0.74780704375 0.1867477609375 0.7476354828125 0.1845220921875 0.7470946671875 0.18263604375 0.7457530593749999 0.181328875 0.7221293390625 0.18045360625 0.7190766609375 0.18610973749999998 0.7199211375 0.189054778125 0.73895153125 0.1892870390625 0.74780704375 0.1867477609375
57 0.725360084375 0.49797747656249997 0.720022984375 0.498677203125 0.715488271875 0.49997751093750004 0.71089763125 0.5102020578124999 0.7184046671875 0.513770459375 0.722308803125 0.5126509671874999 0.7252069796875 0.5111984234375 0.72774495625 0.5062945140624999 0.725360084375 0.49797747656249997
57 0.5700311765625 0.46833344062500004 0.578419275 0.467760828125 0.5785223546875 0.46773127031249995 0.5776124359375 0.46455800312499995 0.574958515625 0.4573589734375 0.5663703578125 0.4540846421875 0.5613247484375 0.458718640625 0.5639679453124999 0.4649725375 0.5700311765625 0.46833344062500004
57 0.550799196875 0.228609640625 0.557709 0.2266282875 0.553449703125 0.2234034875 0.5491556265625 0.22176632187499998 0.5463328875 0.22509361249999998 0.5463660328125 0.22520920000000003 0.5493583390625 0.22840129843749998 0.550799196875 0.228609640625
57 0.42505672812500006 0.70362171875 0.4274170125 0.7074069875 0.42854439843750003 0.7128206593749999 0.43362382187500004 0.7142326296875 0.44273973125 0.7119374046875 0.44863247343749996 0.71303648125 0.46076604843749996 0.709557234375 0.462850465625 0.7064894640625 0.4623647734375 0.7032024953125 0.4593844765625 0.6928089640625 0.45820584062499997 0.690291734375 0.45424955312500004 0.6898325843750001 0.4390746640625 0.69322775625 0.42558447812500005 0.6980521625 0.4236506828125 0.700200265625 0.42505672812500006 0.70362171875
57 0.43154798593750004 0.6085509515624999 0.43045441562500003 0.609183246875 0.4294452953125 0.6101100484375 0.4286895171875 0.611920359375 0.429027309375 0.6130983765625 0.429757771875 0.6141637953125 0.430076640625 0.6143273375 0.43665782656249996 0.6124402124999999 0.436741425 0.611842546875 0.4367118578125 0.6102574296875 0.43567317031249997 0.6095991093750001 0.43455003437500006 0.6086462874999999 0.433203121875 0.6083950687499999 0.43154798593750004 0.6085509515624999
57 0.44021905781250004 0.44528666718750004 0.4422119875 0.44630880156249997 0.4454701140625 0.44574107500000004 0.4505552203125 0.44428294375000005 0.450120315625 0.44276624687500005 0.4516910046875 0.442315859375 0.453878140625 0.44105126875 0.45679574218749996 0.44085209843750006 0.4599371203125 0.4399513234375 0.45903776093750004 0.43829689531250005 0.4599624359375 0.43707559218750003 0.46212072343750005 0.4359234265625 0.45845580625000004 0.423142340625 0.457648528125 0.42307801093749997 0.4562467359375 0.42411740625 0.45119687812500003 0.42429055312499997 0.4494572921875 0.4241519328125 0.44811038124999997 0.42390071406249996 0.44765596875 0.42398320937499995 0.44099688906249995 0.42589266875 0.4403413828125 0.426447159375 0.4390536046875 0.4293661765625 0.4392816328125 0.43312542187499997 0.43931544999999994 0.4391713890625 0.43940414843750003 0.4439267421875 0.44021905781250004 0.44528666718750004
57 0.460514571875 0.602077553125 0.47083806250000004 0.6010296546875 0.4828462578125 0.6014109890625 0.48500865 0.603452240625 0.49208921562499996 0.6014219203125 0.49440264999999994 0.5987346859375 0.49546964375 0.59190569375 0.493162546875 0.5838598875 0.49309786562499996 0.5838103078125 0.48448439062500004 0.5834117078125 0.4771629453125 0.584554940625 0.47329110625000004 0.584390296875 0.466332765625 0.5838358140625 0.46005365 0.5829750171875 0.4559443328125 0.5841533453125 0.45533794531250005 0.586988528125 0.454949521875 0.5915619750000001 0.4539699671875 0.5940738921875 0.45529156562499995 0.59720084375 0.454958025 0.600483675 0.460514571875 0.602077553125
57 0.49918592031250003 0.5775228359375 0.4988228140625 0.5792205515625 0.49526344843750003 0.5831096546875 0.496023478125 0.58576019375 0.499358590625 0.5879591859375 0.5026474984375 0.58701610625 0.507719196875 0.58208778125 0.5088676484375 0.5801648734375 0.5085847390625 0.577696240625 0.506169571875 0.5752015875 0.50154195 0.5768472546875001 0.49918592031250003 0.5775228359375
57 0.5733825578125 0.45636454843749996 0.57549273125 0.463723596875 0.5862421343750001 0.4606412546875 0.5842116765625 0.45356020781249995 0.5733825578125 0.45636454843749996
57 0.5628186734375 0.4299720640625 0.562284278125 0.428108403125 0.5607879203125 0.4271600125 0.5604248140625 0.42885772656250004 0.558630346875 0.43000972031250007 0.55926933125 0.4309898203125 0.5628186734375 0.4299720640625
57 0.424984071875 0.507789609375 0.42824371406250006 0.5132293046874999 0.431321621875 0.5196932078125001 0.43674785 0.5181372625 0.436861440625 0.518088753125 0.43690743750000005 0.5180546484375 0.43438095312499997 0.50924375625 0.43368199374999994 0.5084827109375001 0.433998828125 0.5079111265625 0.43273633437500003 0.5035082859375 0.43179143125 0.5016783453125 0.43024331250000003 0.5021222609375 0.43016900625 0.502159503125 0.4285434375 0.5039005046875 0.42944279375 0.5055549328125 0.4266645234375 0.50475799375 0.424308490625 0.505433575 0.424984071875 0.507789609375
29 0.39135331406249996 0.82861455625 0.39815637187499997 0.8266638109375 0.3988923078125 0.82611813125 0.4003748296875 0.8214699953125001 0.400239109375 0.8209966859375 0.3963588765625 0.8172830046874999 0.39035477812499997 0.8170923390624999 0.38434350156249997 0.8222489140624999 0.38449585937499997 0.8227802484375 0.387952365625 0.82798023125 0.39135331406249996 0.82861455625
57 0.41497073125000006 0.8966138921875 0.4213107140625 0.890684453125 0.42159323125 0.8897986781249999 0.420599175 0.8863319921875 0.40459875937499995 0.8709351515625 0.39708310625 0.87436510625 0.3924048578125 0.8817622406250001 0.4092814546875 0.8976397015625001 0.41149361406249996 0.8976109390625 0.41497073125000006 0.8966138921875
57 0.443724815625 0.6342699140625 0.4432772625 0.6356731250000001 0.4439824109375 0.639614278125 0.444096425 0.6414939000000001 0.4436488703125 0.6428971125 0.44340504531249997 0.644640303125 0.4509289265625 0.642482865625 0.4513334203125 0.6400561640625 0.4512742875 0.6368859265625 0.4511602734375 0.6350063046875001 0.45183160468750005 0.6329014890625 0.4485213296875 0.63321325625 0.443724815625 0.6342699140625
57 0.44881266406250003 0.5471870890625 0.448865459375 0.54715089375 0.4542660640625 0.5445792953125 0.4533923984375 0.5415324625 0.451386134375 0.5426034703125 0.446226515625 0.5453578453125 0.44308513749999995 0.5462586203125 0.439749546875 0.5494461203125 0.4400488828125 0.5497000640625 0.44881266406250003 0.5471870890625
57 0.5023886953125001 0.4570528875 0.503465634375 0.4558994765625 0.5047238468749999 0.4513953375 0.506832621875 0.444466659375 0.50524168125 0.43891839531250004 0.49887589062500004 0.4384111296875 0.4936613890625 0.44245611875 0.48667773593749997 0.44477736874999996 0.48368844062500005 0.4580645828125 0.4878561375 0.46122003125 0.5023886953125001 0.4570528875
29 0.43216582968750006 0.935969309375 0.42622086562500006 0.9389488765625 0.4228008296875 0.9418418718750001 0.42477117499999995 0.9441931640625001 0.42783009375000003 0.9433160328125 0.42967471875 0.94210185 0.43561968437500004 0.9391222812500001 0.44016285625 0.937182109375 0.44232042812500005 0.9343324015625001 0.444478 0.9314826937499999 0.446272465625 0.9303307000000001 0.44677490156250005 0.9276368765624999 0.446833021875 0.9268021671875 0.44617264062500006 0.9244991421875 0.44147169999999997 0.9269265109375 0.44071592031250006 0.9287368218750001 0.44161527968750003 0.9303912499999999 0.4394577078125 0.9332409578125 0.43696234531249994 0.93491265 0.43216582968750006 0.935969309375
29 0.39115936875 0.870916396875 0.393953578125 0.871756575 0.3966990125 0.870969334375 0.3966863453125 0.8709251578125 0.39303828125 0.8700589078125001 0.39253159375 0.86829188125 0.393202925 0.8661870671875 0.39409803125 0.8633806453125 0.395499825 0.8623412484375 0.3976320828125 0.8623672718750001 0.4007185796875 0.8627571109375 0.4010563703125 0.8639351281250001 0.3987045890625 0.8690715578124999 0.3980881390625 0.8698857609375 0.39826970156249997 0.8705189453125 0.40002363750000003 0.8700160125 0.4005286203125 0.869504684375 0.40240328124999997 0.8641863453124999 0.40261847343749996 0.8633065906249999 0.40199496874999996 0.8611321734375 0.4010816859375 0.8610593968750001 0.3965638296875 0.8601238375 0.39381512343749997 0.8609120156250001 0.3928904484375 0.86213331875 0.3899517828125 0.8696690703125001 0.39115936875 0.870916396875
57 0.467630390625 0.7108398515625 0.4683961 0.7106202875000001 0.4698329390625 0.70955490625 0.4718843421875 0.7096200515625 0.47229828281249997 0.70950135625 0.47109067812500005 0.7052899375 0.46934731718749995 0.7004513 0.4635838078125 0.6877615953125 0.4594628765625 0.6911742875 0.4637358921875 0.7001480375 0.467630390625 0.7108398515625
57 0.4144468625 0.717703684375 0.41451146562499996 0.71792898125 0.417173578125 0.7199695640625 0.41958874531249996 0.72246421875 0.4201587671875 0.7244521203125001 0.423103809375 0.7236076437500001 0.4224514640625 0.7235556609375 0.4208216421875 0.7208358140625 0.41927627031250003 0.7184104687499999 0.4163839828125 0.7157339078125 0.414420621875 0.7162968921874999 0.4144468625 0.717703684375
57 0.43394513437500004 0.8875254437500001 0.428546965625 0.88846606875 0.4318151109375 0.9028274640625 0.4339653078125 0.9025455609374999 0.4379263921875 0.9014097375000001 0.43394513437500004 0.8875254437500001
57 0.412164659375 0.8186630078125001 0.415111825 0.8200489578125 0.41547918125 0.8228120921875 0.41118935624999997 0.8256357765625 0.4120004578125 0.82594501875 0.41561304843749997 0.8249091249999999 0.42512709531250004 0.8194081593749999 0.4339563109375 0.813871575 0.43302868281249995 0.810636553125 0.432524484375 0.8096377296874999 0.429632196875 0.8069611703125 0.42185895 0.8050467625 0.42244583125 0.80264744375 0.41907436562499994 0.8011600578125 0.417759784375 0.8015370078125 0.41686397187499996 0.803929296875 0.40710629843749996 0.8099144562499999 0.402622259375 0.8150248640625 0.4038045265625 0.8191479218750001 0.4085165921875 0.8177967578124999 0.412164659375 0.8186630078125001
57 0.4352959515625 0.87615651875 0.43533025312499996 0.875349884375 0.43409520625000003 0.8710427609375 0.4336118 0.8701535046875 0.4265437 0.8721802500000001 0.4246099046875 0.874328353125 0.42901799843750005 0.8778451390625 0.42927661562499997 0.8778825359375 0.4352959515625 0.87615651875
57 0.419008846875 0.8694484953125 0.4172079984375 0.86316819375 0.414211665625 0.8653899015625001 0.41488724843749997 0.8677459359374999 0.41696462500000003 0.8690625734375 0.417222190625 0.8699608109374999 0.419008846875 0.8694484953125
57 0.4432751234375 0.45287235 0.44718057812499995 0.45175247812499997 0.4472709859375 0.45167874843750005 0.44751925000000004 0.451655365625 0.4490546046875 0.451215109375 0.4496819 0.4497125546875 0.449782075 0.4495802453125 0.448659825 0.4456664953125 0.446481390625 0.4474430921875 0.443538475 0.45051799375 0.4391346328125 0.45146205781250004 0.4399495421875 0.45282198124999995 0.4423900234375 0.452440903125 0.4432751234375 0.45287235
57 0.4296117546875 0.7391435859375 0.43239427656249996 0.7444013765624999 0.4341381109375 0.7490008453125 0.439749540625 0.7493041093749999 0.4403697984375 0.749540590625 0.451612 0.746316940625 0.45223060468750004 0.7454065015625 0.46042783906249996 0.74179704375 0.458312425 0.7344197140625 0.45645704687500005 0.7349517359375 0.45320165625 0.7339728859375 0.449692921875 0.7321105265625001 0.442734584375 0.7315560453125001 0.4316848765625 0.735999375 0.4296117546875 0.7391435859375
57 0.4347941859375 0.7544381140625 0.4350010828125 0.7551596468749999 0.43729315625 0.755817125 0.437884290625 0.7578786546875 0.43917632187500005 0.759420484375 0.4437786265625 0.7606505484375 0.4451503484375 0.7611735328125 0.4504759625 0.7596464375 0.4509311734375 0.7589183078125 0.45294941875 0.7570647078125 0.45378964218749995 0.7555489015625 0.454445571875 0.75494648125 0.454028325 0.7534913624999999 0.44912820625 0.7511486015625 0.446658159375 0.7499445625 0.443178990625 0.749667321875 0.443069228125 0.752248546875 0.4350468875 0.7539114796875 0.4347941859375 0.7544381140625
57 0.436536775 0.794527325 0.43481368906249995 0.7885182109375 0.43004306562499994 0.7884054500000001 0.43049487031250006 0.7914630875 0.4301224859375 0.7948327578125001 0.43045147968749997 0.7959800953125 0.4307988546875 0.796172646875 0.436536775 0.794527325
57 0.43031098749999996 0.76705411875 0.43929827499999996 0.76447705625 0.4381967609375 0.7606356234375 0.4377934703125 0.7597293640625 0.43571609687499996 0.7584127265625 0.4323805078125 0.761600225 0.4317091765625 0.763705040625 0.43031098749999996 0.76705411875
57 0.44778193593750004 0.764450734375 0.4475117796875 0.775364653125 0.4499522625 0.7749835765624999 0.4546643296875 0.7736324125 0.45971418750000004 0.773459265625 0.463894253125 0.773216809375 0.47225438437499995 0.7727318921874999 0.47360907812499997 0.765090765625 0.472224228125 0.7602612171875001 0.4657899796875 0.7605618875 0.46391106718749997 0.7614193765625 0.4588612078125 0.7615925234375001 0.4575142953125 0.7613413046875 0.4471908015625 0.7623892062500001 0.44778193593750004 0.764450734375
57 0.40972966250000004 0.855270528125 0.4100188828125 0.8590225828125 0.41556337968749996 0.857432725 0.41413283593749994 0.8524438234374999 0.40972966250000004 0.855270528125
57 0.4663292109375 0.8737597453125 0.468742853125 0.872831184375 0.467935165625 0.8700144453125 0.4672895421875 0.868735459375 0.465153034375 0.8642485859375 0.46219657343750004 0.8619410171874999 0.46001724062499993 0.86256593125 0.4585029203125 0.8632870015625 0.456260903125 0.86584220625 0.46066899531249994 0.86935899375 0.46159792031249997 0.8725985390625001 0.46260973906249997 0.8748262875 0.4663292109375 0.8737597453125
57 0.444107946875 0.944289765625 0.44189549531249994 0.9484300875 0.4394550125 0.9488111640625 0.43858947031250006 0.9532027046874999 0.4386293296875 0.9532231453125 0.4417966875 0.9523149203125 0.44380397499999996 0.9491577140624999 0.446860903125 0.9479624359375001 0.451847378125 0.940158203125 0.44859198749999996 0.9391793578125001 0.4476968796875 0.9419857781250001 0.444107946875 0.944289765625
57 0.46474787500000003 0.9506101765625001 0.4652962515625 0.9497597171875001 0.46865715625000004 0.9436964859374999 0.47020234375000003 0.9402765171875 0.469266765625 0.9370137671875 0.45849405625 0.9364116953125 0.458776965625 0.9388803250000001 0.45782697656250004 0.9429773609375 0.45713033281250004 0.9479579078124999 0.4619871046875 0.9514018140625 0.46474787500000003 0.9506101765625001
35 0.530433084375 0.0742771984375 0.5297321875 0.07479689843750001 0.5274606015625001 0.075766984375 0.5263121515625 0.0776898921875 0.524462803125 0.0801325 0.525754834375 0.0816743296875 0.53506675625 0.0835778015625 0.5421827046875001 0.0815373375 0.5429522171875 0.080886409375 0.5433153234375 0.0791886953125 0.5386538859375001 0.0747883953125 0.5370536312499999 0.073653665625 0.534275359375 0.0728567265625 0.530433084375 0.0742771984375
33 0.536274309375 0.16409856875 0.53838460625 0.1638998171875 0.5471221140625 0.161394378125 0.550351378125 0.1568748421875 0.5508056359375 0.1556617390625 0.5493341984375 0.15053022656249998 0.5430509984375 0.15068149375 0.5347753140625 0.1514609125 0.5255453906249999 0.1518765171875 0.5225222781250001 0.1591177625 0.520592734375 0.1657267171875 0.536274309375 0.16409856875
33 0.4652209015625 0.3558879546875 0.47190058281249997 0.35843465625 0.4794796203125 0.362635784375 0.4826758796875 0.3604443953125 0.48612123125 0.35467566875 0.4890894640625 0.348725034375 0.475168534375 0.3431552203125 0.47258872656250006 0.3445324078125 0.4677668953125 0.3484648 0.464769096875 0.3528303140625 0.4652209015625 0.3558879546875
33 0.5475144203125 0.4672986703125 0.547196809375 0.46619103281249996 0.5271952984375 0.46785172812500003 0.527311765625 0.48187384531250005 0.5276679625 0.48311604687500004 0.5371135578125 0.4831747046875 0.54726815625 0.4815377984375 0.5475144203125 0.4672986703125
33 0.477558209375 0.5039968765625 0.471583678125 0.505391328125 0.46524603906250006 0.5084834921875 0.4638738125 0.51110800625 0.4628942578125 0.5136199218749999 0.46674078281250003 0.5166603000000001 0.46924039687499997 0.5194494578125 0.47201435625 0.5242794328125 0.491135125 0.518796640625 0.49220066406249996 0.5181499265625 0.49064802656250006 0.5127352328125 0.48954534218749995 0.5117147937500001 0.488029534375 0.5108745671875 0.4855552328125 0.5052096781250001 0.48297117343749996 0.502126015625 0.48123158750000006 0.5019873953125 0.477558209375 0.5039968765625
39 0.524115646875 0.5217457750000001 0.523336615625 0.51902896875 0.4957667921875 0.509245575 0.493102534375 0.5103282578125 0.4868535953125 0.5181757765625 0.513485328125 0.527017034375 0.52196578125 0.5245853031250001 0.524115646875 0.5217457750000001
33 0.48769103906250005 0.49865313437500003 0.48989982187500003 0.4980197765625 0.4910213625 0.4972997796875 0.49106000781250003 0.49716594374999995 0.488023640625 0.48657686875 0.476108125 0.48085933281250004 0.469010459375 0.4813009609375 0.46586908125 0.4822017359375 0.464051378125 0.4810496796875 0.463609621875 0.48117635156249994 0.45796500625 0.490205140625 0.469863440625 0.49316770312499997 0.48072318437500006 0.49547194687499996 0.48170699062500005 0.49742088124999995 0.48513127968749997 0.498988734375 0.48769103906250005 0.49865313437500003
33 0.46023050000000004 0.6767711734375 0.4624472046875 0.677091703125 0.4628103109375 0.6753939875 0.4627511765625 0.67222375 0.4627216109375 0.67063863125 0.4408923578125 0.6686113703125 0.436796740625 0.6691483328125 0.43205510625 0.6689143796875 0.4259665609375 0.66842920625 0.420080728125 0.674579009375 0.42154165312499997 0.6767098484375 0.4233656859375 0.677142975 0.43656040156250003 0.6861082171875 0.443945009375 0.689998571875 0.4645226375 0.6840980328125 0.4639123828125 0.6836833890625 0.4599265265625 0.6816391234375 0.45768025625000003 0.679733478125 0.45669645000000003 0.677784546875 0.4584064671875 0.67633805 0.46023050000000004 0.6767711734375
39 0.5065694828125 0.47081793125000004 0.5105849046875 0.4744473171875 0.5126327140625 0.47417883749999995 0.5154658671875 0.4736851625 0.518244140625 0.4744821 0.521161740625 0.47428293125 0.52190655 0.474212784375 0.5249497625 0.47334015625000003 0.527246034375 0.470307253125 0.5273557984374999 0.467726025 0.5297118328125 0.4670504421875 0.531561178125 0.4646078359375 0.532595615625 0.4608053046875 0.5280777578125 0.4598697453125 0.5240665875 0.4607012109375 0.5249068140625 0.45918540312499995 0.524400128125 0.45741837968750004 0.5260552656249999 0.45726249531249996 0.52888841875 0.4567688203125 0.5241721 0.45365913593749996 0.5211700515625 0.45356379999999996 0.5170930171875 0.454461959375 0.5162095 0.4547153046875 0.5141863984375 0.45588505156250003 0.5134306203125 0.4576953625 0.5097572390625 0.4597048453125 0.5071225484374999 0.4623726453125 0.5056405578125001 0.46757838593749995 0.5065694828125 0.47081793125000004
12 0.7405726546875 0.2505899671875 0.739095859375 0.24543976875 0.7139443546875001 0.2499069390625 0.7131632625 0.2545929828125 0.714793084375 0.2573128296875 0.7227453406250001 0.25570186875 0.7405726546875 0.2505899671875
12 0.7111792046875001 0.1407098421875 0.716144615625 0.140242190625 0.719910046875 0.1388501265625 0.7198703562500001 0.1387117109375 0.7176561718750001 0.136621565625 0.7181856234375 0.1328363484375 0.718074153125 0.13244760625000002 0.7147300671875 0.1278990375 0.710520434375 0.126556375 0.7069019375 0.12727524375 0.70441545 0.130163490625 0.705081415625 0.1324859859375 0.7111792046875001 0.1407098421875
12 0.8921453609375 0.3891795953125 0.8935091453125 0.37501986718749997 0.894024665625 0.37192707812500003 0.8928331093749999 0.36777162812499997 0.8925759671875 0.367319471875 0.88570884375 0.3682686859375 0.8839369078124999 0.36877678125 0.8796505015625 0.3898225734375 0.8797651249999999 0.3902223125 0.8823581796875001 0.39096612343750003 0.8869309171875001 0.39061106875 0.8879687593750001 0.390377215625 0.8921453609375 0.3891795953125
41 0.47784901093750004 0.6608348859375 0.477110296875 0.661046709375 0.47374514218749997 0.662649090625 0.47388872187500003 0.6661138296875 0.47683588906249996 0.6674997765625 0.47953796562499995 0.66672496875 0.47784901093750004 0.6608348859375
41 0.47483624999999996 0.759163109375 0.47070898437500003 0.7618126921874999 0.477132640625 0.771508371875 0.48008310468750004 0.770662340625 0.47692119687499995 0.7596354546875 0.4763362625 0.7587329875 0.47483624999999996 0.759163109375
42 0.44775662812499994 0.3803993765625 0.449895940625 0.40383529218750003 0.45146443593749996 0.403385534375 0.449979321875 0.387912646875 0.44781295156249995 0.3803576125 0.44775662812499994 0.3803993765625
42 0.44372431875 0.40338987656249997 0.4435217984375 0.42639572968749995 0.44478426249999997 0.4263524453125 0.4451657359375 0.4051377578125 0.44449968437500004 0.4028149609375 0.44372431875 0.40338987656249997
42 0.4606792859375 0.8691170046875 0.4587159234375 0.8696799890625 0.477602453125 0.90442298125 0.47778652031249996 0.9043702015624999 0.4751113046875 0.8950406171875 0.4606792859375 0.8691170046875
42 0.49120646875 0.21057472656249998 0.495901528125 0.191380165625 0.4939381671875 0.19194315 0.48893488281249997 0.21154481249999998 0.49120646875 0.21057472656249998
38 0.45983008593749997 0.8862366875 0.460167390625 0.88690489375 0.46731437500000006 0.8848555296875 0.4667353796875 0.8828363328125001 0.4650445875 0.8821917015625 0.4618187609375 0.8827979718750001 0.46080963906249994 0.8837247703125 0.45980051875 0.8846515703125 0.45983008593749997 0.8862366875
38 0.4410180296875 0.7997442171875 0.44122122656249996 0.799526590625 0.44039680625 0.79665149375 0.4379468203125 0.79625841875 0.4362368015625 0.797704915625 0.435481021875 0.799515228125 0.436604159375 0.8004680499999999 0.43724837812499995 0.8008251468750001 0.4410180296875 0.7997442171875
38 0.4310417328125 0.82373595625 0.43785050625000005 0.8217835718750001 0.43748717031249995 0.8205164671875 0.43528574062500003 0.8194433640625001 0.43284525937499996 0.8198244421875 0.43192058437499997 0.8210457453125001 0.4313041375 0.8218599484375 0.4310417328125 0.82373595625
38 0.446016603125 0.8340711921875 0.4461977375 0.83388778125 0.4454936546875 0.8314323531250001 0.445045453125 0.83068439375 0.44226718125 0.829887453125 0.43977181718749997 0.831559146875 0.4399702796875 0.8337332703125 0.4416130609375 0.8353338875 0.446016603125 0.8340711921875
38 0.44681696875 0.9040714640624999 0.446297615625 0.9022602640624999 0.44203467031250004 0.90348264375 0.44181173281249997 0.903594378125 0.44139374531250003 0.90658270625 0.44281869843750005 0.90813423125 0.44518655625000003 0.9074552578124999 0.445067125 0.9045732234375 0.44681696875 0.9040714640624999
38 0.43480318125000006 0.8470393968750001 0.43523800625 0.8466847796874999 0.434311946875 0.8434552249999999 0.432349790625 0.8427071312500001 0.4307791015625 0.8431575203125 0.43128578749999996 0.84492454375 0.43069890468749994 0.8473238640625 0.4314851 0.8479908406250001 0.43480318125000006 0.8470393968750001