7 0.3244870671875 0 0.3221049296875 0.0034979656249999997 0.3191645484375 0.016742653125 0.31933040468749996 0.022848246875 0.34181086562499996 0.0422538234375 0.3494755609375 0.0444609546875 0.357468159375 0.042892681249999995 0.3610918484375 0.038956001562499995 0.3613144578125 0.0388976421875 0.365761428125 0.025982699999999997 0.3649012734375 0.02601055 0.3641415296875 0.024452846875 0.3641560546875 0.01970546875 0.36350560781249996 0.0168892921875 0.3527308578125 0.0058346625 0.34702284375 0.0017090609375 0.34486149843749997 0 0.3244870671875 0
7 0.56974275 0.224333559375 0.5708013421875 0.2316106171875 0.5734176421875 0.23812793124999998 0.5769827828125 0.2406192078125 0.5771276234375 0.2406690796875 0.5806359703124999 0.23974933125 0.5816912515625 0.23875486562499998 0.5847444015625001 0.2298878765625 0.5833722796874999 0.22427420312500002 0.581758015625 0.217669884375 0.58055190625 0.2155264484375 0.5787427375 0.21231129375000002 0.574976884375 0.21101460625000001 0.57252644375 0.21060288593749998 0.5703734984375 0.2085978671875 0.570221421875 0.208545503125 0.5677348640625001 0.208520978125 0.5666472203125 0.21073868125 0.5665853078125 0.21374160468749998 0.565630659375 0.21557306718749997 0.5671738421875 0.21956070312499998 0.56974275 0.224333559375
6 0.22864250312499998 0.24183148906250002 0.22774110468750003 0.24176737343750002 0.22768228906250002 0.2446201515625 0.22864250312499998 0.24183148906250002
6 0.31040958750000003 0.23063914687499998 0.3066671296875 0.23182121093750002 0.31088922812500003 0.233274996875 0.3109167015625 0.233256375 0.311283265625 0.2321917984375 0.31040958750000003 0.23063914687499998
6 0.32287322343749997 0.2225286265625 0.321209971875 0.2219559234375 0.3174881953125 0.22560500781249998 0.317552303125 0.22565408437499998 0.3201180484375 0.226537540625 0.32233459999999997 0.22409290468749998 0.32287322343749997 0.2225286265625
6 0.3047002125 0.188919440625 0.3049117953125 0.1883049625 0.3044809046875 0.186968503125 0.3015840953125 0.1859710515625 0.2978419375 0.1855465921875 0.29789465625 0.1874872984375 0.30217951875 0.1889626953125 0.3047002125 0.188919440625
6 0.3080561421875 0.1628931296875 0.307547440625 0.16437050312499998 0.31551366718749996 0.16711349375 0.3155984515625 0.16686726406250002 0.31536342031250003 0.1661382859375 0.3092329796875 0.163298346875 0.3080561421875 0.1628931296875
6 0.3541638859375 0.1862813 0.3605040265625 0.190029678125 0.36099584687499997 0.1886013296875 0.354695859375 0.1847363359375 0.3541638859375 0.1862813
6 0.30530841249999996 0.1239387671875 0.303707503125 0.1224478546875 0.302788184375 0.123070984375 0.30530841249999996 0.1239387671875
6 0.41301681874999996 0.227235046875 0.411523965625 0.2315706046875 0.41264647656250003 0.231957115625 0.4137929953125 0.23203866875 0.4155219109375 0.2270175328125 0.41301681874999996 0.227235046875
6 0.42492321874999994 0.2429078734375 0.41518994062500003 0.23955643750000002 0.4143919796875 0.241873884375 0.41561421875000004 0.2428941859375 0.42129014218750005 0.2448485625 0.42424495156250003 0.24487770625 0.42492321874999994 0.2429078734375
6 0.491369271875 0.24862181562500002 0.4903332171875 0.25044414531250003 0.4974955796875 0.25291034375 0.49764627031249997 0.252472703125 0.491369271875 0.24862181562500002
6 0.5635746375 0.229119559375 0.56295306875 0.23248332500000002 0.5639072046875 0.2328118609375 0.5653377171875 0.22865734999999998 0.5635746375 0.229119559375
6 0.48982074999999997 0.176381671875 0.4861070734375 0.177930078125 0.48888107031250005 0.178885240625 0.4900814890625 0.1784563796875 0.49029228125 0.177844190625 0.48982074999999997 0.176381671875
6 0.59639488125 0.297543553125 0.5960906593749999 0.29842707812499997 0.6028221203124999 0.30074490625 0.6033472234375 0.2999374375 0.59639488125 0.297543553125
6 0.6163598125 0.280402303125 0.612475490625 0.2747444796875 0.61051880625 0.2766629484375 0.6125274625 0.2792987390625 0.6160760515625 0.2805206171875 0.6163598125 0.280402303125
6 0.44973192500000003 0.300439321875 0.4487627953125 0.299536778125 0.44480203749999997 0.3016292546875 0.4454239390625 0.302734465625 0.44682708125000004 0.30321760625 0.449368409375 0.30149504843749997 0.44973192500000003 0.300439321875
6 0.4544917625 0.301013659375 0.45509998593749995 0.2992472484375 0.45438636875 0.2979790484375 0.44941994531249996 0.3013453765625 0.44937007187500005 0.30149021875000004 0.45035208437499996 0.3027788296875 0.4517268609375 0.303252203125 0.4544917625 0.301013659375
6 0.5522734421875 0.36681948593749997 0.547638546875 0.3652235625 0.5471065734375 0.366768528125 0.5521360453125 0.36778313749999997 0.552407353125 0.3669952046875 0.5522734421875 0.36681948593749997
6 0.574955015625 0.4838855265625 0.5745903921875 0.48494446875 0.5753241109375 0.48624839375000006 0.5791415703125 0.48612479375 0.5804045343750001 0.48245688124999997 0.574955015625 0.4838855265625
6 0.835427975 0.6104887531250001 0.8290774531249999 0.6026770015625 0.827966115625 0.6040224765625 0.83281341875 0.6112917859375 0.8349036468750001 0.612011509375 0.835427975 0.6104887531250001
6 0.7680775953125 0.8600167531249999 0.7736373999999999 0.861931146875 0.7737321578125 0.8616559515625 0.7729042374999999 0.8565320859375 0.7768176078125 0.8526951515625001 0.7747187578125 0.8493802531249999 0.7676899796875001 0.8547366734375 0.7680775953125 0.8600167531249999
6 0.7947446453125 0.8822193921875 0.7947665046875 0.8819677031250001 0.7821627062500001 0.8828122828125 0.7830506875000001 0.8883078546875 0.7847779125 0.8889025859374999 0.793007415625 0.8872646734374999 0.7947446453125 0.8822193921875
6 0.7039314703125 0.82305668125 0.6959059390625 0.8284965265625001 0.6962062953125 0.8286593515625 0.700865884375 0.8302637765625 0.7050232671875001 0.8260352421875 0.7058244359375 0.82370848125 0.7039314703125 0.82305668125
6 0.380886215625 0.38900973437499997 0.3809655078125 0.3896067796875 0.38627678125 0.39143559843750003 0.387015984375 0.3913928953125 0.3879913453125 0.38856024218749996 0.380886215625 0.38900973437499997
6 0.222137821875 0.2943175703125 0.2220172109375 0.2941032265625 0.21204423437500003 0.296717740625 0.21146629374999998 0.29984540625 0.212665571875 0.3002583515625 0.2212101921875 0.2970116046875 0.222137821875 0.2943175703125
6 0.457127328125 0.8452791843749999 0.4558031265625 0.8444667953125 0.4468650515625 0.8534861375 0.44728919375 0.8553225171875001 0.45111575937500004 0.856640109375 0.4540701421875 0.8541579015625 0.457127328125 0.8452791843749999
6 0.399305140625 0.0439322390625 0.3990612328125 0.0437348453125 0.39898829999999996 0.043823142187500004 0.399305140625 0.0439322390625