19 0.025983925 0 0.0252976953125 0.0050763453125 0.079102609375 0.00871425625 0.1074279328125 0.01265306875 0.1178756578125 0.0168390015625 0.12499488750000001 0.0172121046875 0.13579601562500002 0.01577600625 0.16468384062500002 0.014835609375 0.1670852625 0.015552734374999998 0.167900346875 0 0.025983925 0
7 0.668649565625 0.4589182140625 0.664892615625 0.46035755156249997 0.6580761421875 0.46163654374999996 0.6572076874999999 0.4664997171875 0.658523659375 0.4706592578125 0.6673962875 0.471124253125 0.6738792250000001 0.47312580468750004 0.68145428125 0.47352279687500004 0.6854474953125 0.4720702765625 0.69364408125 0.4737270140625 0.7002642875 0.47033909218750003 0.7008708015625 0.45876609999999995 0.7003978609375 0.4560824421875 0.6943215640625 0.45494588125 0.6826526046875 0.455152453125 0.6795075625 0.4566238578125 0.6755943140625 0.45519160000000003 0.668649565625 0.4589182140625
6 0.8078700578125 0.494229765625 0.800732115625 0.49212997343750003 0.7996380171874999 0.49379834375 0.8078700578125 0.494229765625
29 0.22574268125 0.508482859375 0.225761921875 0.5081157171874999 0.22346478749999998 0.5058477796874999 0.221162475 0.5057271203125 0.2171712109375 0.5057838328125001 0.21327543593749998 0.5075305515624999 0.2132544671875 0.50793064375 0.21524257812499997 0.5116754484375 0.222187703125 0.512039428125 0.22574268125 0.508482859375
29 0.6309414171875 0.47946982499999996 0.626812553125 0.476590478125 0.6238879484375001 0.4797096640625 0.6271598468749999 0.48162985625 0.6299289906250001 0.48177498124999996 0.6309010109375001 0.4802408234375 0.6309414171875 0.47946982499999996
6 0.755169478125 0.55718290625 0.7554695875 0.551456490625 0.755323025 0.55132609375 0.7492253515625 0.5505974703125001 0.7455605671875001 0.5561322109375 0.7468050734375 0.5567445453125 0.755169478125 0.55718290625
57 0.920004528125 0.5765931015625 0.9189428187500001 0.57519211875 0.91265273125 0.5781349265625 0.9145030078125 0.581179665625 0.9175630546875 0.5813400359374999 0.919838209375 0.5797666625 0.920004528125 0.5765931015625
27 0.7334611109375 0.43869689687499996 0.7315864984375 0.4526804515625 0.7326398171874999 0.45273565312499997 0.7388885593750001 0.4498686875 0.7394130421875 0.43986093593750003 0.7356335796875 0.43881075156250005 0.7334611109375 0.43869689687499996
27 0.46403233750000006 0.42144744375 0.46591732500000005 0.4215462328125 0.46686296250000003 0.41576774062500005 0.4672740109375 0.4079244796875 0.4635587765625 0.4073970734375 0.4638794625 0.4012780203125 0.45909775937499997 0.4047089375 0.44893718437499996 0.40540361718750006 0.45555315937499996 0.41965829374999997 0.46403233750000006 0.42144744375
57 0.48195798125 0.4262895484375 0.4821860015625 0.42193864843749995 0.47179668750000003 0.4186560390625 0.4623188 0.4238861265625 0.472393859375 0.4248231953125 0.47405364375000003 0.42666657187499996 0.4809697 0.4270290265625 0.48195798125 0.4262895484375
6 0.2524212765625 0.421499078125 0.255383021875 0.4205945375 0.2564505625 0.4002246484375 0.2515262359375 0.4034536484375 0.241479203125 0.40783579375 0.24021928125 0.41431468125000004 0.24584018593749998 0.42565892187500004 0.24657033281250001 0.42569718593749994 0.2524212765625 0.421499078125
6 0.1324787546875 0.4854329609375 0.1303029015625 0.48909759687500004 0.13732893906250002 0.49038108124999996 0.13750614375 0.49039036718749995 0.13772951718749998 0.48612815625000005 0.1348194140625 0.4855556296875 0.1324787546875 0.4854329609375
29 0.06687014531249999 0.42253807656250003 0.0676701109375 0.41974727187500005 0.0678972625 0.4154129578125 0.06709926875 0.41132146093750005 0.06576191875000001 0.40756985781250005 0.0615987671875 0.41675999375000006 0.0531670125 0.4195905640625 0.054884682812499995 0.42190994374999996 0.06687014531249999 0.42253807656250003
6 0.6214827078125 0.540531971875 0.6146982609375 0.5376874578125 0.61317514375 0.5433344375 0.6202602109375001 0.545418678125 0.621223959375 0.5454691859375 0.6214827078125 0.540531971875
57 0.8165908453125 0.579401071875 0.8118215953125001 0.5764477375 0.8002234187499999 0.5811576484375001 0.810350228125 0.586673759375 0.8130657093749999 0.586816071875 0.816297184375 0.5850044578125 0.8165908453125 0.579401071875
31 0.8761535078125 0.49311441718750004 0.877551115625 0.4931876625 0.884024625 0.48689556874999995 0.884070615625 0.486018025 0.8817096921875001 0.476332575 0.8584572890625 0.47511396875 0.8516688390624999 0.481712175 0.847914303125 0.48925216562499996 0.8479123906250001 0.4892886625 0.8761535078125 0.49311441718750004
57 0.850161946875 0.450023296875 0.8586431046874999 0.4521040046875 0.8682198 0.45669647031249994 0.871970103125 0.44952998437499997 0.875206803125 0.44616331249999996 0.8753267656249999 0.4438742765625 0.87202759375 0.442579021875 0.8633046203125 0.43925846875 0.855071921875 0.44414475781249996 0.841894578125 0.4438632203125 0.840656034375 0.44993416875000003 0.850161946875 0.450023296875
57 0.92800820625 0.4835842 0.9242165859375 0.48217275312499996 0.9175350312500001 0.4867312765625 0.9213357406249999 0.48922374062499996 0.927653753125 0.489554853125 0.9277038703124999 0.48939130156250005 0.92800820625 0.4835842
57 0.9072942656249999 0.5322978984375 0.9300258124999999 0.5334892078125 0.9300103609375 0.5305559703125 0.9248733015624999 0.5290595765624999 0.924496565625 0.524540203125 0.9162358421875 0.5241072765625 0.9117387140625001 0.527962165625 0.9072942656249999 0.5322978984375
57 0.6933490515625 0.4381593578125 0.6956857609375 0.43828181875 0.69588788125 0.43442511406250006 0.6927800859375 0.43284417656249996 0.68272640625 0.43149916875 0.68216390625 0.436378378125 0.6907305796875 0.4368273375 0.6933490515625 0.4381593578125
4 0.5278593500000001 0.47595020468750004 0.5275504 0.47452788281249997 0.523068003125 0.472247684375 0.52059036875 0.47760943125 0.5277527203125 0.47798479374999997 0.5278593500000001 0.47595020468750004
57 0.49362953750000005 0.43155809375 0.4893114578125 0.435289421875 0.4955509796875 0.43561642031250003 0.49560910312499995 0.4345073421875 0.49362953750000005 0.43155809375