8 0.2793147546875 0.36666643906249996 0.2035674546875 0.46183413125 0.26468728124999996 0.56333018125 0.33736921875000003 0.6583067781249999 0.33996025625000004 0.65914309375 0.35744078125 0.660980371875 0.5161101078125 0.4502092828125 0.5666134109375001 0.383649334375 0.5889283187500001 0.35646340468750004 0.5893813515625 0.3521530796875 0.5534436015625 0.3548714765625 0.5502062578125 0.3580762796875 0.4423880015625 0.194951046875 0.431390884375 0.1937952046875 0.3988896546875 0.21326094687500002 0.2793147546875 0.36666643906249996
12 0.232960521875 0.5583438875 0.248934078125 0.5600227765625 0.26180465 0.5539612953125 0.2648823453125 0.5246789749999999 0.2325814671875 0.506880515625 0.2214168359375 0.5073184578125 0.20819034687500002 0.518174871875 0.20598992656249998 0.5276119484375 0.22516993125 0.5566992234375 0.232960521875 0.5583438875
12 0.23893856875 0.664236353125 0.2428349875 0.6646458843749999 0.24978140624999998 0.6631804609375 0.2523594546875 0.654749909375 0.2548006015625 0.629224221875 0.26032855 0.5766293140625 0.2549702140625 0.5609190500000001 0.2497529 0.5601088375 0.2388230015625 0.558960059375 0.22543086875 0.559103453125 0.21381084375 0.5707732703125 0.21679261875 0.6619087203125 0.217428428125 0.661975546875 0.2303164109375 0.662101440625 0.23893856875 0.664236353125
12 0.264253353125 0.5576849875 0.26254016562500004 0.57168516875 0.255966196875 0.6135349515625 0.2540747375 0.64072980625 0.2585818609375 0.6576397171874999 0.2754320765625 0.6602164421875 0.279297 0.6606226625 0.29364871875 0.6574580531249999 0.2953924046875 0.652941434375 0.29597431093750004 0.6474049640625 0.2808888140625 0.5948840578125 0.277644034375 0.5774622671875 0.27731066875 0.5645360984375001 0.276097134375 0.5553847578125 0.2635270515625 0.553096753125 0.264253353125 0.5576849875
12 0.2987724109375 0.6548140765625 0.3028341265625 0.652854109375 0.33096845468749997 0.6013461109375 0.3386029953125 0.5856260140625 0.339764753125 0.5745726140625 0.330326128125 0.570662165625 0.27267519687499997 0.6316366921875 0.2703742671875 0.6420300390625 0.2812175171875 0.6515489484375 0.2876009140625 0.6536399046875 0.2987724109375 0.6548140765625
12 0.2224624859375 0.7237778078125 0.24637824375 0.7254555468749999 0.25381141406249996 0.7197003359374999 0.25888074843750003 0.6714688421874999 0.2458442984375 0.6638442718750001 0.1831125859375 0.660473684375 0.1765464875 0.6723524125 0.17423768906249998 0.712716815625 0.18037913125 0.7193546703125 0.2224624859375 0.7237778078125
12 0.16128982187500002 0.73845753125 0.163964803125 0.8071825359375 0.20040671406250002 0.811012734375 0.2065006203125 0.8110785140625 0.20798713906250002 0.7969352359374999 0.20570927656250002 0.7366806390625 0.1991891046875 0.7205259828125 0.189076703125 0.717851734375 0.1771278640625 0.718851809375 0.16815744375 0.7237099890625001 0.16128982187500002 0.73845753125
12 0.2181484640625 0.7433761421875 0.2158276796875 0.760857521875 0.23355357031250001 0.8396343171874999 0.25574801406250003 0.841967046875 0.264231425 0.838457578125 0.27232279375 0.8275898796875 0.2737174875 0.81432025625 0.259182921875 0.7393098015625 0.25247537656249996 0.7318369625 0.244376025 0.7284074640625 0.231508965625 0.7312446984375 0.22329380312499997 0.738115928125 0.2181484640625 0.7433761421875
12 0.28368767031250003 0.7838520265625 0.2847762921875 0.7987912500000001 0.3199750640625 0.8640459437500001 0.321780584375 0.864618415625 0.33291964531249996 0.8657891781249999 0.33783359062499996 0.8643115578125 0.347617175 0.8563160625 0.3535482734375 0.847029384375 0.355789909375 0.8257016484375 0.3533155234375 0.8204975359375 0.3166153375 0.7557295921875 0.3057902828125 0.7552363890625 0.291803990625 0.761823328125 0.2885132890625 0.7724349234375001 0.28368767031250003 0.7838520265625
12 0.33039724531250003 0.7229159171874999 0.33866618437499996 0.7046094640625 0.339149328125 0.7000126453125 0.33277305 0.681914003125 0.32394285156249997 0.6716398421875 0.31506659375 0.6675244109375 0.3148964046875 0.6675065234375 0.2585110640625 0.700857853125 0.25505573593749997 0.7314333984375 0.26137034375 0.7472441703125 0.2707426 0.753989959375 0.270872353125 0.754003596875 0.33039724531250003 0.7229159171874999
12 0.306550146875 0.686489696875 0.3102213640625 0.69525479375 0.32906345625 0.7091594734375 0.337727803125 0.70491368125 0.348007715625 0.70599414375 0.3621937984375 0.7274664140625 0.3642192328125 0.7276792953125 0.36364141875 0.7205284437499999 0.37533754375 0.7127339640625 0.38505728125 0.711670109375 0.3877704515625 0.6858560125000001 0.3837706953125 0.6784919890625 0.334932640625 0.63951968125 0.32564705 0.6404773953125 0.3155664890625 0.65359813125 0.3076085875 0.66952019375 0.306550146875 0.686489696875
12 0.43522774843749995 0.572674046875 0.43897052187499996 0.5830580546874999 0.43990693593749997 0.5902466015625001 0.466717253125 0.6272259765625 0.47740654375 0.6563071078125 0.48007790000000006 0.6565878781250001 0.49387790625 0.6516733218749999 0.50634914375 0.63880385625 0.51013311875 0.6278110390625 0.5118953734375 0.6110443015625 0.4829515515625 0.5670548390625 0.474782309375 0.5458926843749999 0.46575564375 0.539787490625 0.455589884375 0.5445200328124999 0.44226743281249997 0.5585891453125 0.43522774843749995 0.572674046875
12 0.4675495640625 0.835948365625 0.476854334375 0.8369263374999999 0.48804408906249996 0.836249328125 0.505104765625 0.8303077984374999 0.5101107734375 0.8223487031250001 0.5104640953125 0.8189870718750001 0.5051436859375 0.7310501734375 0.49883362499999995 0.717495828125 0.462618578125 0.724002378125 0.4578736140625 0.7415512468750001 0.463960703125 0.8308175562500001 0.4675495640625 0.835948365625
12 0.649952859375 0.37377695 0.6442685921875 0.365767109375 0.631168675 0.354721903125 0.6167530546875 0.35159536875 0.6100057984375 0.358298603125 0.6024879796875 0.3723332515625 0.5945817734375 0.3969622609375 0.586387690625 0.4312293609375 0.5776517890624999 0.43385624375000004 0.5738403515625 0.44022348906250003 0.5738341421875 0.454080803125 0.5802782125 0.4663601203125 0.59265195 0.4736026578125 0.6055316828125 0.4749563734375 0.6089708921875 0.47163179218750007 0.619156509375 0.4598112109375 0.6246827953125 0.42333004374999994 0.6377814859375001 0.3998913421875 0.6477234843749999 0.3857892078125 0.649952859375 0.37377695
12 0.6566926171875 0.3427107015625 0.6372123125 0.3509761453125 0.6309857921875001 0.36192373125 0.627580934375 0.36672231875 0.6307206578125 0.3828439515625 0.628830859375 0.3939250671875 0.630479928125 0.398932565625 0.6357394203125 0.3994853609375 0.641600296875 0.41041426875000003 0.6478601171875 0.414989896875 0.652895809375 0.41551916875000006 0.7080690078125 0.38742853125 0.724977075 0.3625290578125 0.7256765734374999 0.35587377187499997 0.724487353125 0.35080305156249997 0.7210705125 0.332718621875 0.711069378125 0.31748721562500004 0.6956548875 0.31006607656249996 0.67133986875 0.3252357703125 0.6566926171875 0.3427107015625
12 0.9061525406250001 0.45265185468749997 0.8898198296875 0.4470678765625 0.87117254375 0.4451079671875 0.860756959375 0.4614162734375 0.8378589421875 0.5527925796875001 0.8397652734375001 0.566850909375 0.8520139765625 0.5790957624999999 0.8658875437500001 0.584018425 0.876576640625 0.58514189375 0.8791717421874999 0.5851729421874999 0.891580521875 0.5751974171875001 0.914684103125 0.48416499531249996 0.9143887875000001 0.47317649375000004 0.9159725140624999 0.4627077671875 0.9061525406250001 0.45265185468749997
45 0.721527896875 0.3441773578125 0.722434090625 0.341879684375 0.7234238859375 0.332462409375 0.7217351234375 0.3284075 0.7109572156249999 0.3343648203125 0.7092349328124999 0.3438521484375 0.71127723125 0.3478132890625 0.7142292046875001 0.3481235546875 0.721527896875 0.3441773578125
45 0.504061875 0.5659904109375 0.5042763078125 0.56395021875 0.49921224999999997 0.5580884359375 0.49565973750000003 0.5573927734375 0.4986092015625 0.5638260625 0.5012387390625 0.566116678125 0.5037389906249999 0.5663794640625001 0.504061875 0.5659904109375
45 0.26907786875 0.7388786328125 0.2647634640625 0.734508246875 0.2598526484375 0.7375371609375 0.26263189531250003 0.74528195625 0.26474926249999997 0.7455045015625 0.268770640625 0.7418017031249999 0.26907786875 0.7388786328125
45 0.6281145546875 0.47691796875000003 0.6240164578125 0.47336421093750003 0.618853928125 0.4753384484375 0.618839171875 0.475478853125 0.6222156015625 0.47828102968749997 0.627908403125 0.4788793671875 0.6281145546875 0.47691796875000003