35 0.544117890625 0.317842528125 0.5382401921875 0.3240942375 0.5378396609375 0.32867233906250004 0.546831915625 0.3383778 0.5602738296875 0.3487801015625 0.5764308328125 0.3609576546875 0.5862307578125 0.3679505171875 0.5962217609375 0.3688246171875 0.6050834140625 0.3662323171875 0.6165514953125 0.361699871875 0.6257648359375 0.3548173640625 0.6359116703125001 0.3448812984375 0.6364955937500001 0.3382070203125 0.634311684375 0.336805003125 0.5849189265625 0.320181984375 0.560629490625 0.3119060765625 0.5574006546875 0.311316046875 0.54978196875 0.31403247031250003 0.544117890625 0.317842528125
29 0.3748378671875 0.8924448921874999 0.3679796640625 0.8958429328124999 0.3570317453125 0.90380385625 0.3545900921875 0.9035902390624999 0.3467310875 0.9090535234375 0.3380314984375 0.914750809375 0.333032478125 0.9204503265625 0.33276413125 0.9235175390625001 0.335169021875 0.924034203125 0.3378307015625 0.9264198671875 0.33943176875000003 0.9268674859375 0.339174665625 0.929806190625 0.34015715156250004 0.9298921468750001 0.3445084 0.929771978125 0.35328809843750003 0.9231590734375 0.4085786171875 0.8816271390624999 0.408970709375 0.8771455093749999 0.40086294375 0.8808823625000001 0.3974204890625 0.8827339859375 0.396660009375 0.8820523687499999 0.3893083453125 0.8817167250000001 0.3840779109375 0.8852571765624999 0.3748378671875 0.8924448921874999
29 0.3486201296875 0.9264807328125 0.3565987625 0.92902403125 0.3640636453125 0.9327525515625 0.380661290625 0.9444150796875 0.38131513125 0.9444722828125001 0.3862042984375 0.9401623296875 0.386397659375 0.9379522 0.3795808546875 0.9334950453124999 0.36435095781250004 0.9247815734374999 0.35593227031249997 0.917894175 0.3474997015625 0.9205393953125001 0.3451445640625 0.924023859375 0.3486201296875 0.9264807328125
57 0.5609686703125 0.7065977890624999 0.560161196875 0.7111402874999999 0.5651844265625 0.7146551921875 0.5727618718749999 0.7165406171875001 0.5813661484375 0.71729339375 0.5861253984375 0.714334490625 0.58603888125 0.7106364046875 0.5750119140625001 0.70075293125 0.5646717375 0.6970803953125 0.5620965703125 0.6983928109375 0.5609686703125 0.7065977890624999
6 0.5348355984375 0.8481107890624999 0.5370855421875 0.8453014031249999 0.5166187984375 0.8355146828125 0.5123891640625 0.83698989375 0.5111480453125 0.8418019953125 0.5233928890625 0.8471096812500001 0.5348355984375 0.8481107890624999
6 0.6020819234375 0.78929475625 0.5958802265625 0.806397446875 0.6050375578125 0.8071986093750001 0.608860875 0.7974947218749999 0.609343828125 0.79197455 0.6020819234375 0.78929475625
6 0.857742846875 0.7136230203125 0.8418391796875 0.7025923578125 0.835714753125 0.7069772249999999 0.8513803546875 0.7173895484374999 0.85362870625 0.7175862546875 0.8576945921875 0.714174571875 0.857742846875 0.7136230203125
6 0.9330991828125 0.68944838125 0.9124444625000001 0.7005581249999999 0.9193421890625 0.7060822859375 0.9393353125000001 0.6953283984375 0.9394077281250001 0.6945006828125 0.9330991828125 0.68944838125
6 0.1169858609375 0.46766311250000003 0.1161350734375 0.46690054999999997 0.0970013140625 0.47937353437499997 0.0990005265625 0.48060177656249997 0.10357029843750001 0.48100157968749996 0.116561440625 0.47251426093750004 0.1169858609375 0.46766311250000003
6 0.027852906249999997 0.4466521765625 0.0267199015625 0.4419091578125 0.0060390390624999995 0.44499835781249997 0.006013084375 0.445295021875 0.0071460890624999995 0.4500380421875 0.0278269515625 0.446948840625 0.027852906249999997 0.4466521765625
6 0.258442828125 0.3274631453125 0.25700892343750004 0.3438527453125 0.262662878125 0.3443474015625 0.2640967828125 0.327957803125 0.258442828125 0.3274631453125