7 0.12469755 0.1374106890625 0.12481994999999999 0.1509772875 0.1265839234375 0.1552879078125 0.130221009375 0.1597157953125 0.15031090625000001 0.1572490671875 0.15526245624999999 0.1550591421875 0.1681001375 0.14648627812499998 0.1693218875 0.14386687812500001 0.170294715625 0.1392202203125 0.171361721875 0.137854515625 0.172197290625 0.13806059375 0.1705326640625 0.12450329687499999 0.17032705312500002 0.1243999296875 0.16760103125 0.11979586874999999 0.16010915312500001 0.11660011249999999 0.1521530609375 0.1171654328125 0.1261292046875 0.131473 0.12469755 0.1374106890625
7 0.439067740625 0.2081301234375 0.43627576875 0.21053075625 0.43464497812499997 0.2148466375 0.43625420937500003 0.22041095 0.4406002421875 0.225639228125 0.4449462765625 0.2308675046875 0.446969940625 0.23226528750000003 0.4493098046875 0.23388147343750001 0.46085377968749996 0.2324640515625 0.45997745625 0.22532697031249999 0.45722556562500005 0.222774765625 0.452824359375 0.2196110859375 0.4486828515625 0.21353456718750002 0.4434743359375 0.20882375468749997 0.439067740625 0.2081301234375
6 0.14217886562499998 0.3870671125 0.143709221875 0.3910462984375 0.1449939984375 0.3908885484375 0.1443007671875 0.3852426296875 0.14217886562499998 0.3870671125
6 0.208542215625 0.3435486125 0.20843016250000002 0.34374371406250004 0.21312358437499998 0.343167434375 0.21282173593749998 0.3407090671875 0.208542215625 0.3435486125
6 0.1948753359375 0.33557956093749997 0.187034878125 0.33494980937499996 0.1872340109375 0.3365716171875 0.1878820171875 0.3368213046875 0.1949216734375 0.33595694374999996 0.1948753359375 0.33557956093749997
6 0.2145115046875 0.3288289125 0.2145127484375 0.32883905156250004 0.2170723765625 0.3332371796875 0.2197353265625 0.332910209375 0.21970607968750003 0.3326720078125 0.216956884375 0.3285286578125 0.2145115046875 0.3288289125
6 0.18364154531250002 0.30585728749999996 0.181588625 0.3053839703125 0.1814083890625 0.306131484375 0.18364154531250002 0.30585728749999996
6 0.1803793265625 0.2822687734375 0.18403200625 0.2821958328125 0.18825694375 0.281677075 0.188066521875 0.28012622187499997 0.179348675 0.2811966390625 0.1803793265625 0.2822687734375
6 0.232785865625 0.281259846875 0.2324760984375 0.2825445828125 0.23424739687499999 0.28232709375 0.2370233578125 0.281393303125 0.2368308140625 0.2798251671875 0.232785865625 0.281259846875
6 0.1569635828125 0.24778867187500003 0.158273403125 0.2491512078125 0.158636615625 0.24910661093750003 0.1605065296875 0.24798471718749998 0.160304078125 0.24633588125 0.1569635828125 0.24778867187500003
6 0.3022477484375 0.2929714 0.30280656562499997 0.2975225984375 0.30398490625 0.2973779171875 0.3050511421875 0.2969486140625 0.304403959375 0.2916777390625 0.3022477484375 0.2929714
6 0.31981531093750004 0.301803146875 0.30889851875 0.303143559375 0.3090976515625 0.30476536875 0.31349748593750004 0.3056553234375 0.3192561640625 0.304948246875 0.3201438796875 0.304479128125 0.31981531093750004 0.301803146875
6 0.3892064859375 0.277177953125 0.38915670156250004 0.2767724984375 0.381934590625 0.2776592625 0.3815766765625 0.2791436828125 0.3816036421875 0.279363303125 0.38439559375 0.2796335546875 0.38908758906249996 0.27905745 0.3892064859375 0.277177953125
6 0.439422046875 0.2272243671875 0.4378096125 0.22742234843750003 0.43694926718750005 0.22783151406250002 0.43802800781249995 0.23211823593749997 0.438859815625 0.232016103125 0.44019298593749995 0.23086979687500003 0.44000132187499996 0.22930881875 0.439422046875 0.2272243671875
6 0.3498433640625 0.2130132078125 0.349282165625 0.21284203437500002 0.3465399765625 0.21564812031249997 0.347349459375 0.21649018125000002 0.348651340625 0.21633033125 0.3500549421875 0.21473637812500002 0.3498433640625 0.2130132078125
6 0.49788808125 0.2757766171875 0.4980019609375 0.2767040859375 0.505068225 0.2758364578125 0.5051862140625001 0.27488051874999997 0.49788808125 0.2757766171875
6 0.5079224359375 0.2483947734375 0.5058987703125 0.24699698906249998 0.5014316156249999 0.25083800312500004 0.5015894328125 0.2510758546875 0.50562114375 0.25058082187499997 0.5079224359375 0.2483947734375
6 0.3650694203125 0.34182740625 0.3648698640625 0.341851909375 0.36335112812500003 0.343576609375 0.36667743750000004 0.34635266875 0.36701668593750003 0.346311015625 0.367731828125 0.34588195 0.3675509484375 0.3444088078125 0.3650694203125 0.34182740625
6 0.3696156546875 0.3394788953125 0.36795102812499997 0.3430478234375 0.371185775 0.342650646875 0.3719041875 0.3413997671875 0.3718033765625 0.340578728125 0.3696156546875 0.3394788953125
6 0.4886005640625 0.35738297812500003 0.48373514218749997 0.3579803765625 0.483934275 0.359602184375 0.48889950937500004 0.3583093328125 0.4887979515625 0.35748220937499997 0.4886005640625 0.35738297812500003
6 0.5610067046875 0.44919730312499995 0.5600179171875 0.45032018437500004 0.56015440625 0.45143179531250005 0.5651878078125 0.453962240625 0.5647150453124999 0.4501118953125 0.5610067046875 0.44919730312499995
6 0.8489161718749999 0.4474429875 0.84306439375 0.45315428750000003 0.8467412218750001 0.4527028296875 0.84967861875 0.45033342656249997 0.849416259375 0.44819667656249995 0.8489161718749999 0.4474429875
6 0.898767503125 0.70606343125 0.9046038375000001 0.7053468203125 0.9045683671875 0.7050579359375 0.9015780828125 0.7008155734375 0.903413396875 0.6956514515625 0.90007380625 0.6935921140625 0.8961044828125001 0.701487646875 0.898767503125 0.70606343125
6 0.9324686859375 0.714328965625 0.9323779999999999 0.7140931671875 0.9214200203124999 0.7203774109375 0.9246272328125 0.724927534375 0.9264403640625 0.724704909375 0.93311898125 0.7196251859375 0.9324686859375 0.714328965625
6 0.8240841296875001 0.7089364609375 0.828975475 0.7083358796875 0.8293031203125001 0.708239059375 0.8225839734375 0.7012494859375 0.819431125 0.7016366078125 0.8240841296875001 0.7089364609375
6 0.3523253328125 0.45118606406249995 0.34343916874999997 0.44870168125000004 0.3444456125 0.45187062187500004 0.3512190328125 0.4537244078125 0.35261594218750003 0.45355288906249996 0.3523253328125 0.45118606406249995
6 0.1600938859375 0.43694061875 0.15989151875000002 0.436800840625 0.15207399531250002 0.4435226140625 0.1529256234375 0.4465870953125 0.1541845515625 0.4464325171875 0.1604411234375 0.439768646875 0.1600938859375 0.43694061875
6 0.6159252203125 0.8415430796875001 0.615188359375 0.8355418328124999 0.6109915328125 0.829014809375 0.6074420328125 0.8302737625000001 0.6066239421875 0.8336667265625 0.613045496875 0.841896665625 0.6159252203125 0.8415430796875001
6 0.21435254062500003 0.1352176359375 0.2142517859375 0.13439705625 0.21209594531249998 0.1354947109375 0.21435254062500003 0.1352176359375
6 0 0.1646852859375 0.005368178124999999 0.16402615781250002 0.005204515625 0.1626932359375 0 0.1633322703125 0 0.1646852859375