6 0.2357423109375 0.19962909375 0.23568251093749998 0.19947330937500002 0.23032388125 0.1964253859375 0.21246674062499998 0.2131149046875 0.2125148421875 0.213240215625 0.21312749062499997 0.2134616578125 0.225028575 0.2088932609375 0.2357423109375 0.19962909375
6 0.2261477375 0.24439507656249998 0.22594021406250003 0.2438544578125 0.2210015125 0.242828534375 0.212966946875 0.2545835046875 0.2126117921875 0.257093215625 0.2126391140625 0.25716439375 0.218762065625 0.2548140125 0.2261477375 0.24439507656249998
6 0.31327441875 0.29260604218749997 0.3122927546875 0.2900487171875 0.308465096875 0.283556021875 0.3023439953125 0.2834859375 0.29774968749999997 0.28645940468750003 0.3038496921875 0.295813315625 0.3094808359375 0.2964747703125 0.31327441875 0.29260604218749997
6 0.32311530624999996 0.32150809062499996 0.3362382015625 0.321854640625 0.3372463796875 0.32146763749999996 0.33877465 0.31979601875 0.3385638421875 0.31924684375 0.32455314375 0.315915 0.317420084375 0.313208675 0.312631571875 0.3170916328125 0.31294705624999997 0.31791349687500003 0.3156272171875 0.319744634375 0.32311530624999996 0.32150809062499996
6 0.46690225781250005 0.33529664375 0.4661519328125 0.33334198125 0.4501983921875 0.3278001046875 0.44066529218749995 0.3300479984375 0.43741309531250006 0.333716153125 0.4577692921875 0.338802459375 0.46690225781250005 0.33529664375
35 0.4546931734375 0.4286874671875 0.4568949875 0.42704576562499996 0.5153471421875 0.38301909375 0.5135564265625 0.378354115625 0.5078899078125 0.372182553125 0.49146494687500003 0.361145925 0.48890369062500005 0.36032436562500003 0.48680965625 0.361128190625 0.41856994687500004 0.3953787296875 0.4143732578125 0.3965863953125 0.42365799531250004 0.4020963984375 0.4506317953125 0.423803884375 0.45399727187499994 0.42895459843749995 0.4546931734375 0.4286874671875
35 0.498069896875 0.3870476890625 0.49699531874999997 0.40061161562500003 0.4970361125 0.4007178859375 0.5073003859375 0.3967778015625 0.5083417171875 0.39419525312500003 0.5103724 0.38454330937500003 0.5147744671875001 0.3586559625 0.5138552609375 0.3529723453125 0.5135686765624999 0.3522257671875 0.5093313890625 0.3528811578125 0.5079643984375 0.3511877875 0.5035227296875 0.3526911390625 0.5025820171875 0.3605131578125 0.4999584875 0.37422395 0.498069896875 0.3870476890625
6 0.45796858125 0.44718497968750004 0.4536821953125 0.4442746296875 0.44770770156250006 0.45097478437499994 0.4529072140625 0.4645199765625 0.461919503125 0.4610604828125 0.45820034375 0.4477887421875 0.45796858125 0.44718497968750004
6 0.6533585359375 0.5376289984375 0.6510635984375 0.5316504828124999 0.640864865625 0.5353672484375 0.61172963125 0.5509874359375 0.6138185078125 0.5533816828125 0.642530146875 0.5423603171875 0.6466629765625 0.54019918125 0.6533585359375 0.5376289984375
6 0.6114201046875001 0.6195752421875 0.6242184765625 0.6146624078125 0.625381746875 0.612988465625 0.62480806875 0.6114939828125 0.5945565953124999 0.6123970828124999 0.569142025 0.6152968484375 0.5571983328125001 0.6271408703125 0.5617998046875 0.6269877 0.58207319375 0.6228351078125 0.6114201046875001 0.6195752421875
6 0.9336976921875 0.57787400625 0.9443342921875001 0.5737909984375 0.947276834375 0.5708249671875001 0.9469650109375 0.5700126375 0.9135157234375001 0.5602489953124999 0.902995540625 0.5608593296875 0.9028309125 0.564040478125 0.90427084375 0.5677916296875 0.9056089187499999 0.5695351671875 0.9336976921875 0.57787400625
6 0.26510499374999996 0.531589503125 0.2744426796875 0.5280051015625 0.275892303125 0.5265856375 0.2758194046875 0.5263957312499999 0.261787246875 0.5166255015625 0.2527263921875 0.5201036375 0.251038971875 0.522881109375 0.2511152875 0.5230799187499999 0.261528334375 0.5290253109374999 0.26510499374999996 0.531589503125
6 0.20960697968750003 0.4918548703125 0.226547209375 0.4911595359375 0.2352956296875 0.48780133281250004 0.2364239609375 0.48700524375 0.23617181875 0.48448063281250003 0.21412665937500003 0.48588535468750005 0.209727578125 0.486565775 0.2067878265625 0.4901139953125 0.20960697968750003 0.4918548703125
57 0.471322653125 0.561379440625 0.4637700296875 0.5641173046875 0.4618708359375 0.5648463359375 0.4603340046875 0.5710420375 0.48063226718749996 0.5678881265625 0.49451132500000006 0.5657061390625 0.4977426828125 0.5644657359374999 0.49990424375 0.5564573859374999 0.471322653125 0.561379440625
57 0.5021384671875 0.4941581265625 0.507721496875 0.492015003125 0.5089123390625 0.4883370875 0.5088887328125 0.488275590625 0.48946390781250004 0.491708715625 0.4671986453125 0.494407809375 0.46626705937499996 0.4993235625 0.46629763437499994 0.4994032125 0.48567916406249995 0.4967911765625 0.5021384671875 0.4941581265625
35 0.564602609375 0.6290551546875001 0.5660450078125 0.6328127343750001 0.5760091859375 0.6495015656249999 0.5826914921874999 0.6594385390624999 0.5934532703125 0.6659947328125 0.60392031875 0.67084924375 0.6260970218749999 0.6772582296875 0.6476665500000001 0.682085471875 0.7092083515625001 0.6220821296875 0.7086735640625 0.620688959375 0.6724116640625 0.5915249109375 0.6585718203125001 0.5956276500000001 0.628147609375 0.605088303125 0.611563240625 0.6104462140625 0.59268171875 0.6172908609375 0.564602609375 0.6290551546875001
6 0.738432340625 0.6534746203124999 0.73457675 0.665843540625 0.7429275421875 0.6642511421874999 0.752180240625 0.6659421671875 0.7670320421875 0.6644756671875001 0.788044253125 0.6622374109375 0.8190648390625 0.650329725 0.8266732781250001 0.645211175 0.8100922921875 0.6431068734375 0.7874045359374999 0.6465730859375001 0.771143159375 0.6471691484375001 0.760047840625 0.650016715625 0.738432340625 0.6534746203124999
57 0.6650322046875 0.5989954859375 0.6705680093749999 0.5968704890625001 0.67582080625 0.5924242921875 0.6677112125 0.583438496875 0.6544924765625 0.5770188562499999 0.6439617453125 0.582271103125 0.6531402125 0.598710803125 0.6650322046875 0.5989954859375
6 0.8676078796875 0.8602114328124999 0.8274523546875001 0.8994199546875 0.8427889499999999 0.903988146875 0.842875921875 0.9039547625000001 0.854194709375 0.8915742828125 0.88184993125 0.8669067546875 0.8813197718750001 0.8655256421875 0.8676078796875 0.8602114328124999
57 0.83622260625 0.8134441671875001 0.8239687734375 0.8057717015625 0.822265359375 0.8064255796875001 0.8073543015625001 0.8175434375 0.8067829484375 0.8300631828125 0.8125008390625 0.8352787890625001 0.814008628125 0.8347000031249999 0.8374125687499999 0.8165441265625001 0.83622260625 0.8134441671875001
57 0.5896592765625 0.5709734515625 0.5894434046875 0.5673263656249999 0.58884195625 0.5657595390625 0.5667834578125001 0.579553009375 0.562324075 0.5828779765625 0.5607761874999999 0.5891182500000001 0.5632165031249999 0.5895426140625 0.571403996875 0.5863997296875 0.5896592765625 0.5709734515625
57 0.1678003765625 0.205756146875 0.1676503015625 0.2053651875 0.15135114375 0.212070415625 0.1678003765625 0.205756146875
57 0.781923928125 0.9056549015625001 0.7833267375 0.9214497625 0.826720925 0.9084219250000001 0.826473878125 0.8970489625000001 0.823631684375 0.8896447937499999 0.781923928125 0.9056549015625001