7 0.435077965625 0.5065234609375 0.43397083593749997 0.50311264375 0.4327888609375 0.50184513125 0.43161757968750003 0.5002714328125 0.43211136406249995 0.497836203125 0.4280075015625 0.49830600937499997 0.4270733921875 0.5016455421875 0.4232922375 0.504579096875 0.422003340625 0.50637344375 0.4214454015625 0.5106457890625 0.4205005984375 0.51429150625 0.418320359375 0.5182006421875001 0.41662321562500004 0.519980734375 0.416945925 0.5224444765625 0.41811720625 0.5240181749999999 0.41835377031250004 0.52529099375 0.42986125937499997 0.5256928453125 0.4303325671875 0.5253644234375 0.431674925 0.5220391484375 0.432748034375 0.5147191953125 0.4344986421875 0.5114081781250001 0.43538998281249996 0.509293390625 0.435077965625 0.5065234609375
7 0.4564998671875 0.55097155625 0.4555550640625 0.554617275 0.4542547703125 0.55625028125 0.46318383125 0.5565620906250001 0.46492338125000005 0.5555575421875 0.469542415625 0.55204013125 0.47293670624999995 0.5484799515625001 0.47426837187500004 0.545460859375 0.47822127031250006 0.5416327875 0.4784506859375 0.5350631875 0.4746960609375 0.5332134234375 0.47262274687500005 0.5340607 0.47008772031249996 0.5364246500000001 0.4625254140625 0.5422917546875 0.4590455859375 0.548301421875 0.4564998671875 0.55097155625
7 0.4833305046875 0.5367338187499999 0.48096655312500003 0.53419879375 0.47822643437499995 0.5307309546875 0.4766682890625 0.528530628125 0.47303682656249996 0.5271775765625 0.4709635109375 0.528024853125 0.46847125468749995 0.5291640578125001 0.46473286874999997 0.5308728671875 0.46467940781249994 0.532403796875 0.4666137234375 0.5355369375000001 0.4693859234375 0.5380862203125 0.472147428125 0.5409416874999999 0.47484477968750005 0.5456342703125 0.47798245625 0.5494225515625 0.480786728125 0.5510532765625 0.484815746875 0.55272676875 0.4864355921875 0.5542471546875001 0.491845240625 0.5544360640625 0.4919289078125 0.5520401609375 0.4902298921875 0.549850240625 0.48839180625 0.5439614265625 0.486812275 0.542373471875 0.4840614625 0.5392118203125 0.4833305046875 0.5367338187499999
7 0.6942077640625001 0.0216364703125 0.6949505312500001 0.022137575 0.6977674453125 0.02223594375 0.69829024375 0.021779034375 0.7004884171875 0.022330962500000003 0.7026010968749999 0.0224047375 0.7044032687499999 0.0222990640625 0.7114397125 0.0197857484375 0.71604805625 0.016574521875 0.71941026875 0.013932900000000002 0.71993613125 0.0105791125 0.7184100609375 0.0074602265625 0.7141895125 0.007174890624999999 0.7087332749999999 0.0069843546874999995 0.70361690625 0.009702671875 0.697762440625 0.0134835015625 0.696764175 0.0186601484375 0.6942077640625001 0.0216364703125
7 0.5594503234375 0.2848251421875 0.5561308796875 0.2862420203125 0.5536707015625 0.2864626703125 0.5540918515625 0.2876959484375 0.5896339640625 0.28893710625 0.59024616875 0.288573096875 0.5904992578125 0.2813255703125 0.5902613765625 0.2803830203125 0.5824832828125001 0.28072452187499997 0.5742755546875 0.281664140625 0.5721701625 0.283429975 0.566433309375 0.2838427578125 0.5594503234375 0.2848251421875
7 0.5833945921875 0.3299054640625 0.585027584375 0.32996248906250003 0.58635939375 0.3310359703125 0.58874765 0.3311193703125 0.5898944828125 0.3310521234375 0.592365353125 0.33052529062499997 0.5945349 0.32692234062500003 0.5951783765625 0.32020050625 0.5952746062500001 0.3174448328125 0.5955047437500001 0.3170728609375 0.595733903125 0.3105106 0.5955312203124999 0.310096371875 0.5948002640625 0.3076183703125 0.5945185234375 0.304742203125 0.589948190625 0.30458260312499996 0.5890847953125 0.3074187828125 0.5877424359375001 0.3107440578125 0.5852181015625 0.312801821875 0.5855087359375 0.3161841234375 0.5830611890624999 0.32774790625 0.5833945921875 0.3299054640625
7 0.5218213171875 0.278062015625 0.5217952546875 0.27880834375 0.5223804703125 0.2810704953125 0.5216041312499999 0.2842814171875 0.521560025 0.28554443125 0.52286550625 0.2905907703125 0.5247356703125 0.2955610265625 0.5254345515625001 0.298957584375 0.5282495171875 0.3002821203125 0.53318056875 0.299534640625 0.53678368125 0.29731017656250003 0.536801278125 0.296806246875 0.5347153875 0.29069801875 0.5313512328125001 0.28169031875 0.5281387093750001 0.2800453390625 0.5265805640625 0.2778450109375 0.5229491015625001 0.27649195937500004 0.5218213171875 0.278062015625
30 0.3552725859375 0.774941940625 0.359312296875 0.7763092484375 0.367755253125 0.7686335390625 0.384598396875 0.754506871875 0.379902575 0.7485182609375001 0.37562520781250003 0.747372575 0.3743818421875 0.74732915625 0.34935202187500003 0.7689105656249999 0.35048053437500004 0.7717090078125 0.345797346875 0.7770635312499999 0.348209884375 0.7792477109375 0.34976455781250004 0.7793020015625001 0.3552725859375 0.774941940625
57 0.70443065625 0.025465243749999998 0.7002947171875 0.0268536109375 0.7017887093749999 0.0308910515625 0.703304084375 0.034316121875 0.705490278125 0.0365767015625 0.7113214140624999 0.0367803296875 0.7113941984375 0.03674455 0.7156691375 0.0313757671875 0.7207178015625 0.027260239062500004 0.7211795109375 0.0257435671875 0.71917035 0.024753728125 0.70443065625 0.025465243749999998
57 0.6491516500000001 0.06888264375 0.653084596875 0.07070606093750001 0.665300284375 0.0711326421875 0.6658363515625 0.0709980828125 0.6696068125 0.0683707171875 0.6715580015625 0.064363528125 0.6718586484375 0.0557541578125 0.668497740625 0.05331058125 0.6603969375000001 0.0511883390625 0.653424646875 0.051864540625 0.6475060234375001 0.0574824828125 0.6469160078125 0.0626733875 0.6491516500000001 0.06888264375
57 0.72939921875 0.0225588234375 0.7264773296875 0.0242961421875 0.7239316125 0.026966276562500002 0.7206549375 0.027158415624999998 0.7193232703125 0.030177504687500002 0.7172178765624999 0.0319433390625 0.7151124859375 0.033709170312499995 0.716681321875 0.0356033125 0.72239679375 0.0358029 0.7252545296874999 0.035902695312499996 0.72891806875 0.0363371875 0.7308844609375 0.0385517703125 0.7357834359375001 0.0387228453125 0.741573753125 0.0367791328125 0.7458059234375 0.03263509375 0.7459021531250001 0.029879421875 0.7476313734375 0.0271807734375 0.7460946140625 0.024368075 0.744149603125 0.021541121875 0.7396802609375001 0.020771928125 0.7356298578125 0.0197108078125 0.7335030812500001 0.022089012499999998 0.7314618421875 0.02201773125 0.72939921875 0.0225588234375
29 0.6738835046875 0.050149493749999996 0.6720565953125 0.050085696874999995 0.6718143484375 0.057022721875 0.6720887953125 0.057298631249999996 0.6793970109374999 0.0575538390625 0.6810288140625 0.056223640625 0.6812633625 0.055066906250000006 0.6813213671875 0.0534058484375 0.6803727015625001 0.0516023375 0.6796524359375 0.048818153125 0.677256409375 0.047201684375000004 0.6764185296874999 0.04778554375 0.6743238296875 0.049245192187499995 0.6738835046875 0.050149493749999996
57 0.6823910265625 0.052768771874999995 0.6822947953125 0.055524445312500004 0.682241334375 0.057055375 0.6858621046875 0.0587146109375 0.6875140015625 0.05940074375 0.6963700625 0.059710003125 0.698336096875 0.0586533296875 0.69846591875 0.054935721874999996 0.696324915625 0.0517225578125 0.6931123921875 0.050077578125 0.6894381625 0.0499492703125 0.6861507953125 0.0504475921875 0.6836585375 0.05158679687499999 0.6823910265625 0.052768771874999995
57 0.698547825 0.05405339375 0.69399294375 0.0557336890625 0.6936581796875 0.058297101562499995 0.693570503125 0.060807821875 0.6941125 0.064014965625 0.6951904671875 0.06435916875 0.7036275921875 0.0646538 0.7161899640625 0.06386625 0.7185260484375 0.0625172171875 0.7185381671875 0.062170206250000005 0.717919184375 0.06116760156249999 0.714738740625 0.0586040640625 0.7144160296875001 0.056140318749999994 0.7157156203125 0.054039787500000006 0.713298209375 0.053035692187500004 0.698547825 0.05405339375
57 0.6437199296875 0.13305508593749998 0.6458350109375 0.1294023359375 0.6458709453125 0.12837330625 0.6418925343749999 0.1268600875 0.6385837828125001 0.12797077968749998 0.6347652703125 0.13299827656250002 0.634669946875 0.135728009375 0.640358971875 0.1359266734375 0.6437199296875 0.13305508593749998
57 0.6694681734375 0.13381628437499998 0.6793866937499999 0.13416264687499999 0.682798559375 0.1322508375 0.6844850109375 0.1307769328125 0.6793381734375 0.1259988109375 0.6664793343750001 0.1313743953125 0.669262225 0.13361749218750002 0.6694681734375 0.13381628437499998
57 0.6295603328125 0.156073721875 0.631118478125 0.15827404843749998 0.6318708203125001 0.1601396765625 0.636119378125 0.1607938625 0.6431667484375 0.1610399625 0.6433778125 0.154995853125 0.6419574609375001 0.15221480781250002 0.6375308875 0.15022087343749999 0.6318261093750001 0.1497150984375 0.6308492296875 0.154279375 0.6295603328125 0.156073721875
57 0.608606375 0.16765035 0.6130154546875 0.1678043171875 0.61482333125 0.1668036890625 0.6149605499999999 0.16287423125 0.6134056218749999 0.1624838125 0.610902675 0.16392920312499998 0.6055954515625 0.163743871875 0.605101665625 0.1661791015625 0.6083248796875 0.16751789687500002 0.608606375 0.16765035
57 0.6403447453125 0.1781393921875 0.641037084375 0.17725411093750001 0.6411345890625 0.174461984375 0.6383896640625 0.17347273125 0.63350138125 0.1729954671875 0.633373075 0.17666969999999999 0.6349739890625 0.1776452828125 0.6354736046875 0.17796928750000002 0.6403447453125 0.1781393921875
57 0.6087818046875 0.20549611250000002 0.608780690625 0.20552800468750002 0.611962509375 0.207466975 0.6130910218750001 0.21026541718749997 0.6159273734374999 0.2109775828125 0.61757105625 0.21072842343749998 0.6197250046875 0.21181528749999998 0.625858196875 0.2120294640625 0.6273375609375 0.21138579218750003 0.62733875625 0.2113515546875 0.6254026140625 0.2088559921875 0.6262511843749999 0.207965946875 0.6263153375 0.206128834375 0.6206105609375 0.205623059375 0.6138307296875001 0.20078790937500002 0.6087818046875 0.20549611250000002
57 0.5917382015625 0.18951676875 0.5954552015625 0.18842033281249998 0.596994634375 0.1848651234375 0.5970455968749999 0.1834057609375 0.593563653125 0.1840624484375 0.5911141671875 0.1839769109375 0.5898466531250001 0.185158884375 0.59144756875 0.18613446718749999 0.5892673296875001 0.1900436015625 0.5917382015625 0.18951676875
57 0.5448570859374999 0.3182133296875 0.546261815625 0.32025501875 0.577505740625 0.3213460796875 0.5778610125 0.3212052078125 0.577506225 0.319660021875 0.5796436953125 0.31697562968750004 0.5799054124999999 0.316065090625 0.5800626546875 0.3115622453125 0.57703188125 0.309833559375 0.5700275140625 0.31142831718749997 0.56549401875 0.3124962421875 0.5564804875 0.313101159375 0.5461994453125001 0.3148880515625 0.5448570859374999 0.3182133296875
57 0.561388428125 0.328378259375 0.5600552203125 0.33168086093750004 0.5852796515625001 0.33256171874999996 0.585378821875 0.3319750546875 0.5878603859375 0.331142034375 0.59032008125 0.331227928125 0.5903677234375 0.3298636359375 0.5858939921874999 0.3289274515625 0.5785562234375 0.328364653125 0.5675335296874999 0.32797973125 0.565137503125 0.32636326250000003 0.5635045109375 0.3263062375 0.561388428125 0.328378259375
57 0.583268515625 0.3678990875 0.5890267546875 0.3668739328125 0.59388384375 0.363489375 0.5939762984375 0.360841825 0.5908842875 0.36050105625 0.5753922515625 0.35934694375 0.5711386953125 0.36410335312500003 0.5743512140625 0.3657483328125 0.5771554921875001 0.3673790578125 0.583268515625 0.3678990875
57 0.6292861484375 0.354423340625 0.6332818734375001 0.35456287343750004 0.6334583296875 0.34950985156250003 0.6333301953125 0.349192109375 0.6312996484375 0.34881464218749997 0.629655965625 0.3490638015625 0.630354846875 0.3524603609375 0.6292861484375 0.354423340625
57 0.8195166328125 0.2766399046875 0.83231480625 0.2729406125 0.8331757859375 0.27154900625 0.8332714156250001 0.268810565625 0.8329369 0.26683115 0.8280700015625 0.265741515625 0.8053811375000001 0.27169350937500003 0.805274215625 0.274755365625 0.8065805375 0.276188165625 0.8195166328125 0.2766399046875
57 0.7149551703125 0.5677165609375 0.709663059375 0.5667327875 0.704948475 0.5665681499999999 0.6974229578125 0.5748736859375 0.703459875 0.5805872390625 0.707518871875 0.5807289828125 0.7107240625 0.5802431171875 0.7146532125 0.5763635 0.7149551703125 0.5677165609375
57 0.5786552234375 0.493056690625 0.5847664453125 0.49026326249999996 0.5848023078125 0.48923625781249996 0.5843045984375 0.48344407343749995 0.5795766984374999 0.478374021875 0.571184140625 0.47626677187500005 0.5711296875 0.477826125 0.5714992234375 0.4872887296875 0.5786552234375 0.493056690625
57 0.632177140625 0.257590246875 0.6393610265625 0.2578411125 0.6363067124999999 0.25345795 0.6327287125 0.250573971875 0.629015940625 0.2528661375 0.62901174375 0.2529863109375 0.630871184375 0.25694685 0.632177140625 0.257590246875
57 0.3665780796875 0.6769541953125 0.3652036453125 0.6811980296875 0.36466709062499997 0.684858003125 0.3664760875 0.6860784359375 0.3977785 0.687171540625 0.3996816890625 0.686455425 0.40030896718750003 0.668492515625 0.3976136703125 0.66608216875 0.38658028125 0.6660034359375 0.38034963906249997 0.6688514484375 0.370949246875 0.668829740625 0.3663622921875 0.6714285921875 0.3665780796875 0.6769541953125
57 0.397762759375 0.58412108125 0.39733336874999997 0.5855315890624999 0.404760421875 0.5857909484375 0.40483068906249997 0.5837787328124999 0.403542384375 0.5824835562499999 0.40150114375 0.5824122734375 0.399868153125 0.5823552484375 0.398203084375 0.58321678125 0.397762759375 0.58412108125
57 0.463340734375 0.42896226249999997 0.465296434375 0.43148303125 0.46546386562500003 0.4315655171875 0.473918 0.4318607421875 0.474696828125 0.431504740625 0.47635120468750003 0.43094939375 0.48129294843750003 0.42989572656249997 0.48290455468750004 0.43056512343750003 0.48367229062500006 0.43030740625 0.48413631874999996 0.4170193484375 0.4817634078125 0.41642354531250003 0.480570740625 0.4154622203125 0.4810431421875 0.413639359375 0.477777159375 0.41352530937500004 0.47489803906250005 0.4140378875 0.4724699375 0.4133399765625 0.4708369453125 0.41328295156249995 0.470901634375 0.41143052812500003 0.4681867765625 0.411335721875 0.46230650781250004 0.411758825 0.4606200546875 0.4132327296875 0.460158346875 0.41474940312499997 0.4612227046875 0.41938495937500003 0.4626525453125 0.4252595171875 0.463340734375 0.42896226249999997
57 0.42655424999999997 0.58396158125 0.4281123953125 0.5861619078125 0.42959569531249997 0.590505534375 0.4307936609375 0.5929538578125 0.43549463125 0.5931180203124999 0.4410266359375 0.5909047109375 0.447644140625 0.5886833234375 0.451361140625 0.587586890625 0.4587416796875 0.5869249453125 0.46700286718750006 0.584454396875 0.46736089375 0.5840047609375 0.46761707656249996 0.5766686421875 0.464658359375 0.56965768125 0.461535603125 0.5674487 0.45449818906250006 0.5672029484375 0.45279778593750003 0.5698566203125 0.44123853906250005 0.5731316718749999 0.4309681875 0.574612378125 0.42596229062499996 0.5775031625 0.4270801125 0.5806077890625 0.42655424999999997 0.58396158125
57 0.475269890625 0.573477034375 0.4743999328125 0.5749794515625 0.4698129765625 0.5775783046875 0.469716746875 0.580333978125 0.4722091 0.5834559500000001 0.475628465625 0.5835753578125 0.48197487343749995 0.5804554828125 0.4836613265625 0.578981578125 0.4841551125 0.5765463468750001 0.4826290421875 0.5734274625 0.47771937500000006 0.5735625718749999 0.475269890625 0.573477034375
57 0.58327505625 0.4811766765625 0.5830078796875 0.48882762656249995 0.5941836640625 0.48921789374999997 0.5944407484374999 0.48185597187500007 0.58327505625 0.4811766765625
57 0.581332809375 0.45427546249999995 0.5815007296875 0.4494668578125 0.5784657859375 0.44961335937499997 0.57710204375 0.45355100625 0.5791218984375 0.4542346609375 0.5791524203125 0.4542970390625 0.5812426453125 0.45437003125000003 0.581332809375 0.45427546249999995
57 0.43059416562499997 0.49636538437500005 0.4325676578125 0.49764521093749997 0.4342904609375 0.49770537187499997 0.4356535234375 0.491943671875 0.43447155000000004 0.4906761609375 0.4357818296875 0.488269440625 0.43633842500000003 0.4874008109375 0.43655718125 0.481136440625 0.4352326421875 0.4805862796875 0.4348668328125 0.48052752343750005 0.42947539843750004 0.48033925 0.42804650468750005 0.4873861984375 0.4261996703125 0.493452890625 0.42611413125000003 0.495902378125 0.42856361875 0.4959879171875 0.431066565625 0.49454252500000007 0.43059416562499997 0.49636538437500005
29 0.295123378125 0.7789573421875 0.302196284375 0.7792043343749999 0.3030648265625 0.778912778125 0.305911140625 0.7749502640625 0.305928325 0.7744581796875 0.30338559374999996 0.7697272015625 0.2977342765625 0.7676904984374999 0.29042374375 0.77073710625 0.29040445312499996 0.771289515625 0.2920849015625 0.7773031140625 0.295123378125 0.7789573421875
57 0.305459090625 0.8326666828124999 0.30562546875 0.827902234375 0.3054779796875 0.827663334375 0.2967157171875 0.8227896156250001 0.2965435703125 0.8227836046875 0.29212341249999996 0.823824828125 0.279589228125 0.8433134796875 0.28591804062500004 0.849359115625 0.2938371734375 0.8508312374999999 0.29405904843749997 0.8508389859375001 0.305459090625 0.8326666828124999
57 0.404987434375 0.6103082890625 0.40412816874999996 0.6115045203125 0.403580921875 0.6154706812499999 0.40310852031250005 0.617293540625 0.4022492546875 0.6184897734375 0.40147868750000004 0.6200723 0.409301009375 0.6203454625 0.41043559687500003 0.6181625265624999 0.411359015625 0.6151291796875 0.41183141718750005 0.6133063203125 0.41312031562499996 0.611511975 0.40987571562499997 0.6107855515625 0.404987434375 0.6103082890625
57 0.4367363375 0.5290598328125 0.43679773437499997 0.529041721875 0.4427286828125 0.528264865625 0.4428393 0.525097178125 0.4406002703125 0.5254957984375 0.43484203125 0.526520953125 0.43157604843749997 0.526406903125 0.4274187234375 0.528407640625 0.4276249359375 0.5287416546875 0.4367363375 0.5290598328125
57 0.5049866578125 0.4477678265625 0.4976722140625 0.45824197343749995 0.5003716609375 0.459363215625 0.5124736484375 0.4597858265625 0.512745309375 0.459688015625 0.520104465625 0.45963844375 0.5234975125 0.453919134375 0.5238665296875 0.44335186406249993 0.5235502734375 0.4428980125 0.51996158125 0.44032021875 0.515868409375 0.44048384062499996 0.5117431625 0.44156602187500005 0.5075751453125 0.4438729453125 0.5049866578125 0.4477678265625
29 0.3007639453125 0.8936695406249999 0.2941892109375 0.8946661828125 0.290042578125 0.8963607359375001 0.2911898984375 0.8992058187499999 0.294370153125 0.899316875 0.2964996984375 0.8987321390625 0.303074434375 0.8977354953125 0.30799479375 0.8972941999999999 0.3109273734375 0.8952506921875001 0.3138599546875 0.8932071859375 0.315922578125 0.8926660953125 0.3172328609375 0.8902593781249999 0.3175460765625 0.8894834828124999 0.317629690625 0.88708910625 0.31240873125 0.887945 0.3111305265625 0.8894331609374999 0.3114746203125 0.89128453125 0.308542040625 0.8933280390625 0.3056522265625 0.8941468031250001 0.3007639453125 0.8936695406249999
57 0.207214178125 0.9369230843749999 0.2067586421875 0.9369071765625 0.20387130781249999 0.9412054734374999 0.20331336718749998 0.9454778203125 0.20473509218750002 0.9477806796875001 0.205320446875 0.9478011203125 0.2168817796875 0.9431926046875001 0.207214178125 0.9369230843749999
29 0.28186693749999997 0.8191288515625 0.2842647609375 0.820791365625 0.28711909375 0.8208910421875 0.287120696875 0.8208451140624999 0.28391886875 0.8188939468750001 0.283983021875 0.8170568312500001 0.28527191875 0.815262484375 0.2869904484375 0.812870021875 0.288644825 0.812314675 0.2906646796875 0.8129983296875001 0.29347964531250004 0.8143228671875 0.2934368765625 0.8155476109375 0.28961295625 0.8197059078125 0.288775075 0.8202897671875 0.2887520859375 0.8209480671874999 0.29057559374999997 0.8210117453124999 0.29121386875 0.8206814921875001 0.294640234375 0.816202753125 0.29511675312499996 0.8154325546875001 0.29519569687499997 0.8131718875 0.294349603125 0.8128204531250001 0.2903419703125 0.8105345875 0.28748423437500004 0.81043479375 0.2862274125 0.8113105812500001 0.2811039015625 0.8175694078125 0.28186693749999997 0.8191288515625
57 0.40118852968749996 0.6904175265625 0.40226783125 0.6904552171875 0.40402580468749993 0.689957134375 0.4054964 0.6905679609375001 0.406481025 0.6906023453125 0.407666015625 0.6793546796875 0.409641159375 0.6696137531249999 0.40481703125 0.6672993765624999 0.402294640625 0.6810064625 0.401672546875 0.6871159234374999 0.40118852968749996 0.6904175265625
57 0.3556663390625 0.68882785625 0.358728196875 0.6889347796874999 0.35880036875 0.686868025 0.36054028437499996 0.6838631921875 0.36232774375 0.6816183703124999 0.3623872734375 0.6799136796874999 0.3623229671875 0.6796336125 0.36028172812500003 0.67956233125 0.35812287187499997 0.6828590953125 0.3572101484375 0.6855862562499999 0.35628673125 0.6886196015625 0.3556663390625 0.68882785625
57 0.311499553125 0.8467576640625 0.3097687328125 0.8615653484375001 0.31688633125 0.8625803 0.31692206093749997 0.862581546875 0.3174415171875 0.8477062703125 0.3125326671875 0.8467937421875 0.311499553125 0.8467576640625
57 0.31799134218749997 0.7759239171875 0.32036598125000004 0.7781527578125 0.31986150156250004 0.780894175 0.31490906875 0.782254028125 0.3155849125 0.7827987796875 0.31934079843749996 0.7829299375 0.3300890875 0.7806382109375 0.34019706875 0.778100984375 0.34031451874999996 0.77473764375 0.3401436515625 0.7736319 0.3382200234375 0.770192575 0.3314188109375 0.7659697999999999 0.33271839999999997 0.7638692671875 0.329971571875 0.7614128390625 0.32860484687499997 0.7613651124999999 0.327013621875 0.76336349375 0.31588400625 0.76604043125 0.310040228125 0.7695150734375 0.3098905375 0.773801675 0.31478951093749996 0.77397275 0.31799134218749997 0.7759239171875
57 0.320699134375 0.837598571875 0.3225702515625 0.8351527624999999 0.32267540625 0.8321415343749999 0.32172947500000004 0.8315033656249999 0.3143810125 0.8312467515625 0.3134362109375 0.834892471875 0.3141968640625 0.8374711421875001 0.3204745203125 0.8376903625000001 0.320699134375 0.837598571875
57 0.308806971875 0.82633875625 0.309034984375 0.8198093421875001 0.3054987578125 0.82099639375 0.30541321875 0.82344588125 0.3069820578125 0.8253400234375 0.306949446875 0.826273890625 0.308806971875 0.82633875625
57 0.456811171875 0.43751716875 0.4583625109375 0.4375713421875 0.46068291562499997 0.43667138281250006 0.4644319921875 0.43465638906250004 0.46631564531249997 0.43485106093750003 0.46637248906249995 0.433223290625 0.4661184453125 0.4331824859375 0.4644049703125 0.431528540625 0.4635612625 0.431499078125 0.4612408546875 0.4323990390625 0.45961855625 0.4320358265625 0.4583403515625 0.4335239859375 0.456664590625 0.43469170312500005 0.45656836093750003 0.4374473765625 0.456811171875 0.43751716875
57 0.3616305703125 0.7094836375 0.358740759375 0.7103024 0.36027752031250004 0.7131150984375 0.35936479375 0.715842259375 0.3617715125 0.717152540625 0.370710196875 0.7186909234375001 0.3729576015625 0.7207007296875 0.38154305312500003 0.7210005390625 0.3837634359375 0.7194533125 0.3891348140625 0.7178015281250001 0.38923619375 0.7169467140625 0.389627225 0.7057490468750001 0.3883698375 0.704592765625 0.376573415625 0.7029545890625 0.3699559109375 0.7051759734374999 0.3670019484375 0.707831853125 0.364080059375 0.709569175 0.3616305703125 0.7094836375
57 0.3592021984375 0.726350865625 0.35915628593750004 0.7276656109374999 0.36007886093749997 0.7281678859375 0.36126083593749997 0.7294353984375 0.36366755624999997 0.7307456796875 0.3642853953125 0.73134205625 0.36982225468749996 0.7315354078125 0.37102670937500004 0.730696109375 0.375194725 0.728389184375 0.376075375 0.7265805828125 0.3761502203125 0.72443728125 0.3780691484375 0.7233291453125 0.3781040765625 0.7223289390625001 0.37786875000000003 0.7220448203125 0.36968240625000004 0.7223720640625 0.36895145 0.7198940656249999 0.36564269843749997 0.7210047578125 0.36353730624999997 0.7227705906249999 0.3592021984375 0.726350865625
57 0.345942671875 0.760407109375 0.347167409375 0.760449878125 0.3476207609375 0.7577679875000001 0.3488168546875 0.7551197000000001 0.3488805625 0.7532953375 0.3482107765625 0.7525770828125 0.345761290625 0.7524915453125 0.34293563125 0.7514731921875 0.3426072828125 0.7538528921875 0.34242159375000003 0.7591703171875 0.345942671875 0.760407109375
57 0.3595473359375 0.7305864718749999 0.360663103125 0.7292874296875 0.3607474609375 0.726871753125 0.359697028125 0.7262998703125 0.3552276859375 0.7255306781249999 0.351918934375 0.7266413703125 0.35236845 0.7309259078125 0.359133815625 0.731162159375 0.3595473359375 0.7305864718749999
57 0.36502155 0.74244988125 0.3645277640625 0.7448851109375 0.372220321875 0.7469930984375 0.374272253125 0.7467581921875001 0.379128459375 0.7481540125 0.38033181875 0.7488091531250001 0.3904738625 0.7510026765625 0.3905487078125 0.748859375 0.393061015625 0.741732428125 0.3931773046875 0.7384023359375 0.39173943125 0.73817138125 0.38684045624999996 0.7380003046875 0.381984253125 0.7366044859375 0.3779338484375 0.7355433640625 0.3698330453125 0.7334211234375 0.36502155 0.74244988125
57 0.31075023281249997 0.8154624500000001 0.31098388906249996 0.8087714374999999 0.305235728125 0.8076058968750001 0.3039361375 0.8097064296875001 0.304613634375 0.813715359375 0.30966326875 0.8154244921875 0.31075023281249997 0.8154624500000001
57 0.3549584703125 0.843339678125 0.351852871875 0.8386328390625 0.3519704859375 0.8352647937500001 0.3516619359375 0.8325256421875 0.3513103859375 0.8325133656249999 0.34469686875 0.8328648796874999 0.34536367343749996 0.8371799937500001 0.34600909375 0.84210748125 0.347895790625 0.84490174375 0.3520852796875 0.8450480453125 0.3549584703125 0.843339678125
57 0.30529005468750003 0.9014455953124999 0.3023681640625 0.903182915625 0.309094534375 0.9095489921875 0.31234982499999997 0.909969228125 0.3150612859375 0.9125470437500001 0.31830018125000004 0.9126601484375 0.318307159375 0.912460359375 0.3164857671875 0.9085808625 0.3140255875 0.9088015109375001 0.3108772171875 0.905319415625 0.30683750781249997 0.9039521078125 0.30529005468750003 0.9014455953124999
57 0.32882758125 0.91771813125 0.3318511671875 0.9178237171875001 0.332144353125 0.9163777984375001 0.3343139 0.9127748484374999 0.3355853375 0.9101636781250001 0.3356907453125 0.9071451968750001 0.3318303921875 0.9019585484375 0.329306059375 0.9040163109374999 0.32423600937499997 0.9087442109375001 0.321260659375 0.9120124609375001 0.320358625 0.9144334359374999 0.32882758125 0.91771813125
57 0.26513871718750004 0.974813290625 0.27081441875 0.974103309375 0.2709047421875 0.971516803125 0.26939227187500003 0.9700568796875 0.267812740625 0.968468925 0.2613770046875 0.9654851515624999 0.25581316875 0.9726482781250001 0.2610562375 0.9746707265625 0.26513871718750004 0.974813290625
57 0.253887025 0.986452825 0.2602869546875 0.9872434515625 0.260821590625 0.9872621203125 0.2609913015625 0.9867720999999999 0.261097540625 0.983729778125 0.2596880328125 0.9842029265625 0.25810849999999996 0.9826149718750001 0.2581833453125 0.9804716703125 0.26123733125 0.9797267 0.2613413171875 0.9767489421875 0.257871328125 0.9777017406249999 0.2549173640625 0.9803576203125001 0.24952460156249998 0.9826217734375 0.24864395312499998 0.984430378125 0.24981523437500003 0.986004075 0.253887025 0.986452825
35 0.661426809375 0.104289715625 0.65982589375 0.10331413125 0.6561195859375 0.104104384375 0.654046271875 0.10495165937499999 0.6531763140625 0.10645407656250001 0.6562498359375 0.1120794734375 0.6574211187500001 0.11365317187499999 0.658954578125 0.11468771250000001 0.6645720609375 0.1148838796875 0.664737503125 0.11482834374999999 0.667197684375 0.1146076953125 0.6688841359375 0.1131337921875 0.671397778125 0.1113822140625 0.670645434375 0.1095165859375 0.661426809375 0.104289715625
33 0.6267631015624999 0.18862460625 0.632479946875 0.193499271875 0.6355610875 0.1936068671875 0.637238546875 0.1929756875 0.6421695984375 0.1922282046875 0.6562182828124999 0.1902356671875 0.65631368125 0.1875038078125 0.6543081703125 0.18406843281250002 0.649623040625 0.17777363906250002 0.640566740625 0.17960330156249998 0.632348321875 0.18084910468749998 0.6228730828125 0.18297069531250001 0.6267631015624999 0.18862460625
39 0.7186110265625001 0.015897625000000002 0.72219971875 0.018475420312499997 0.7263463515625 0.0167808671875 0.7319762843750001 0.01942994375 0.7347805578125 0.0210606671875 0.736354790625 0.022019990625 0.736973971875 0.0220416125 0.7600812359375 0.0222507453125 0.7613273625 0.0216811421875 0.7610581140625 0.0176864703125 0.7611436515625 0.0152369828125 0.7640028625 0.013831403124999999 0.764023865625 0.013229962500000001 0.763806984375 0.009198803125 0.7555778734375 0.010750790625 0.752698753125 0.011263368749999999 0.75076455 0.00845211875 0.750508259375 0.00844316875 0.745844078125 0.008571525 0.7409130265625 0.009319006250000001 0.7324892203125 0.0078139296875 0.7323004046875 0.0078073375 0.725807853125 0.008791521875 0.717243165625 0.0097113734375 0.717236228125 0.0099100328125 0.7186110265625001 0.015897625000000002
33 0.5114561828124999 0.35219396718749996 0.5170219625 0.356680159375 0.5229318375 0.36301772187500003 0.5266488359375 0.3619212859375 0.5317081953125 0.357499571875 0.5363699984375 0.3527574171875 0.524851575 0.34315840625 0.5219724578125 0.343670984375 0.5161714468749999 0.3459208828125 0.5119713546875 0.3491463640625 0.5114561828124999 0.35219396718749996
33 0.5513816921875 0.49710393125 0.5552497437499999 0.48485401718750004 0.555329534375 0.4825691 0.5466169078124999 0.479678253125 0.5364534765625 0.4780971015625 0.5315348171875 0.4923893640625 0.5315255375 0.49265510937499996 0.550245 0.49706423749999995 0.5513816921875 0.49710393125
33 0.46537550000000005 0.49813178125 0.4608420046875 0.49919970625000004 0.4612074828125 0.50043870625 0.462378765625 0.5020124046875 0.4643023890625 0.5054517296875 0.46548436562499995 0.50671924375 0.466087015625 0.5128714734375001 0.4667327765625 0.5144728078125 0.48696230937499996 0.5151792375 0.4872420296875 0.5071691265625 0.48600368125 0.5043702015625 0.4842511328125 0.4960318984375 0.47854635468750006 0.4955261234375 0.47236917500000003 0.49684320781249997 0.46537550000000005 0.49813178125
39 0.5182223859375 0.5154361640625 0.5182895703125 0.513512259375 0.5116713203125001 0.5084394234375 0.508824278125 0.50803344375 0.48246312500000005 0.52550645 0.4871145265625 0.529255625 0.4959313640625 0.529563515625 0.5182223859375 0.5154361640625
33 0.46588185312499997 0.4719999578125 0.462434103125 0.47709106874999996 0.46430426562499993 0.482061325 0.47498480625 0.4922441953125 0.48187155937500004 0.4940174828125 0.4851375421875 0.49413153281250005 0.48569970781249994 0.49481026562499997 0.488057340625 0.4948925953125 0.4941015734375 0.48982318124999996 0.4941528953125 0.48835348749999996 0.4847273515625 0.48246795468750003 0.47511117187499996 0.4769206421875 0.47477776875 0.47476308281249996 0.4720055703125 0.47221380156250004 0.4679444765625 0.4714588671875 0.46588185312499997 0.4719999578125
33 0.40755166093749995 0.655829925 0.40956082499999996 0.656819765625 0.4104307796875 0.6553173484375 0.4113541984375 0.6522840000000001 0.4118159078125 0.6507673265625 0.3916815125 0.6420936765625 0.38762041875 0.64133874375 0.383183153125 0.63965099375 0.377542528125 0.637308103125 0.370044375 0.6413380921875 0.37077533125 0.643816090625 0.372376246875 0.644791675 0.38215475468750004 0.65739551875 0.3879757484375 0.663377434375 0.4093696015625 0.664124525 0.40891734687500003 0.663541596875 0.40575828593749996 0.6603656875 0.4042108328125 0.6578591765625 0.4038774296875 0.65570161875 0.40595074531249997 0.6548543421875 0.40755166093749995 0.655829925
39 0.5222972890625 0.4683906484375 0.5234792640625 0.4696581609375 0.51938609375 0.46982178281250003 0.5152287671875 0.4718225203125 0.51715239375 0.47526184843749997 0.5195377265625 0.4771845015625 0.5219872140625 0.477270040625 0.522718171875 0.479748040625 0.5256799609375 0.482135334375 0.5288438859375 0.482245821875 0.529583540625 0.4821337 0.5324626593749999 0.48162112187500006 0.534965609375 0.48017573125 0.5378340359375 0.47996933906250006 0.53988596875 0.47973443437499996 0.5429040859375001 0.4752414390625 0.5430217015625 0.47187339375 0.54032435 0.4671808125 0.5371225203125001 0.465229646875 0.5330721171875 0.4641685265625 0.5319008359375 0.462594828125 0.5296548421875 0.46194925937500003 0.528736278125 0.46191718281250005 0.524563065625 0.4620320265625 0.5216732546875 0.462850790625 0.51784933125 0.46700908593749996 0.520717759375 0.46680269531249996 0.52236144375 0.466553534375 0.5222972890625 0.4683906484375
12 0.779157740625 0.330871053125 0.7792544734375 0.3346451109375 0.8043631124999999 0.3355219234375 0.8045865078125001 0.3291246984375 0.779157740625 0.330871053125
12 0.8121539421874999 0.22478886406249998 0.8151018921875 0.2246465609375 0.8188616609375 0.222325378125 0.8210060140625 0.21710291406249999 0.821020128125 0.21669875312500003 0.8195906765625001 0.213154059375 0.8212334374999999 0.21059034062499998 0.8212384640625 0.21044643437500002 0.8172481125 0.21000666250000002 0.8123170609375 0.21075414375 0.80838993125 0.220208903125 0.8083056109375001 0.22262352187499998 0.8113257953125 0.2247599453125 0.8121539421874999 0.22478886406249998
12 0.8910512578124999 0.07798906562499999 0.8956168296874999 0.076002584375 0.8989148890624999 0.075198078125 0.904218721875 0.07277370625 0.9042783640625001 0.0710657609375 0.9028136578125 0.0688964796875 0.8962496156249999 0.06958693593750001 0.8892131703124999 0.0721002515625 0.8854320171875001 0.07503380625 0.8881721359375 0.07850164375 0.8910512578124999 0.07798906562499999
12 0.90413766875 0.5156762500000001 0.9144006046875001 0.4975454328125 0.9144387015625 0.49645449687500004 0.9124619796875001 0.4951209109375 0.9080033296875 0.4940455328125 0.90588470625 0.493848925 0.9026280109375 0.49373519843749997 0.8969291171875 0.5068408625 0.8951982828125 0.510170965625 0.8951051 0.5128393765625 0.8954370687500001 0.5144527421875 0.9018348906250001 0.5155958359375 0.90413766875 0.5156762500000001
41 0.4290164609375 0.6523029890625 0.42922175156250003 0.64642421875 0.42641249531250003 0.6463261171875 0.4238881640625 0.64838388125 0.42458704531249997 0.6517804390624999 0.42677875 0.652224846875 0.4290164609375 0.6523029890625
41 0.395982046875 0.7387027374999999 0.39123801875 0.7399472453125 0.394351146875 0.7511534046875 0.39741864374999997 0.7512605234375 0.3978189859375 0.7397962484375 0.397541559375 0.738757196875 0.395982046875 0.7387027374999999
42 0.48590140000000004 0.369741115625 0.48073482656250005 0.39301248125 0.48225464687499997 0.39306555468750004 0.48731505 0.370763815625 0.4873489984375 0.3697916671875 0.48590140000000004 0.369741115625
42 0.46995534843750003 0.41248509218749996 0.46994465625000004 0.412791278125 0.4715990328125 0.41223593281250004 0.47530983281249994 0.40114832343750007 0.4754725265625 0.3964894015625 0.46995534843750003 0.41248509218749996
42 0.35536453125 0.8399050671875001 0.3455818859375 0.8776534421875001 0.3476287953125 0.8777249218750001 0.356646175 0.8443172421874999 0.35679850156250004 0.8399551421875 0.35536453125 0.8399050671875001
42 0.5908614375 0.22267119375000002 0.58166225625 0.20518263124999997 0.5792234609375 0.2047909078125 0.588820196875 0.2225999125 0.5908614375 0.22267119375000002
38 0.342442440625 0.8549197328125 0.34255675 0.8556594671875001 0.3499872234375 0.8559189453125 0.3500605328125 0.85381965625 0.3486516953125 0.852684090625 0.34539640625 0.852263853125 0.3441502765625 0.85283345625 0.3429041484375 0.8534030593749999 0.342442440625 0.8549197328125
38 0.34736978125 0.7667107546875 0.3515339125 0.7668561703125001 0.3516399796875 0.7638188078125 0.35060077500000003 0.763144875 0.3485595359375 0.7630735921875 0.347292021875 0.7642555671875 0.34643275625 0.765451796875 0.34736978125 0.7667107546875
38 0.335443184375 0.78661915 0.341455728125 0.7868291125 0.3415353171875 0.784549940625 0.3414533234375 0.7844838484375 0.34026065625 0.7835225234375 0.337800475 0.7837431703125 0.3356950828125 0.7855090046875 0.335443184375 0.78661915
38 0.34541310625 0.8002106687499999 0.3457271171875 0.798826790625 0.34576204375 0.797826584375 0.34474630156249997 0.7958955515625 0.3428977171875 0.79469673125 0.34258132343750003 0.79468568125 0.33956338750000004 0.7962472093749999 0.3395418703125 0.7968634046874999 0.34012726875 0.799412965625 0.34237953125 0.8009324453125 0.3428122765625 0.80094755625 0.34541310625 0.8002106687499999
38 0.27976711249999997 0.9863602609375001 0.2798112171875 0.98509724375 0.27888952499999997 0.9839844375 0.2764721140625 0.9829803390625 0.273969165625 0.98442573125 0.2735305421875 0.9858665703125 0.27352091875 0.9861421390625 0.27976711249999997 0.9863602609375001
38 0.3230591921875 0.8659227656249999 0.31912215312500003 0.86578528125 0.3189674546875 0.8658258625 0.3180868046875 0.8676344640625 0.3213527875 0.867748515625 0.32193413125000003 0.8705738343749999 0.3228956 0.870607409375 0.3230591921875 0.8659227656249999
38 0.3266383671875 0.8082000140625001 0.3312756265625 0.8083619499999999 0.33046248437500003 0.8068160859375 0.3305266375 0.804978971875 0.3288936453125 0.804921946875 0.32679894531250003 0.8063815921874999 0.32667913125000003 0.807032684375 0.3266383671875 0.8082000140625001