2 0.5608842640625 0.70424703125 0.6045194578124999 0.6827103703125 0.6126954703124999 0.6734128109374999 0.6076526 0.6587458390625 0.6011638265625 0.644901684375 0.5786090140625 0.6455595515625 0.5783697953125 0.6456513796875 0.5310047765625 0.6747788703125 0.5364051546875 0.6796683015625 0.5348829515625 0.6864117046875 0.547015159375 0.7042486296875 0.560494346875 0.7043967078125 0.5608842640625 0.70424703125
6 0.4734055828125 0.6400012828125 0.47334639687499996 0.6399235875 0.447153403125 0.6497103484375 0.44942408125 0.6516337359375 0.4742175125 0.6421164296875 0.4734055828125 0.6400012828125
6 0.6804310015625 0.6299554046875 0.6560073078124999 0.6332217640625 0.6541267359375 0.6390315859375 0.6770441203125 0.63622614375 0.6778237671875 0.635926865625 0.6808708703125 0.6311013 0.6804310015625 0.6299554046875
6 0.5778921718750001 0.7818366625000001 0.546696178125 0.7954184 0.5486672015625 0.8005530921874999 0.5798610734375 0.7865259984375 0.5782110406250001 0.7822275171874999 0.5778921718750001 0.7818366625000001
39 0.4768831546875 0.5728746390625 0.4721746515625 0.5789666437500001 0.482437 0.576634015625 0.48465021718749995 0.5701609296875 0.4768831546875 0.5728746390625
25 0.3544704546875 0.517369284375 0.3704235984375 0.5112454468750001 0.3691362234375 0.50789171875 0.36596782031249997 0.507382559375 0.35982584375000004 0.5097402421874999 0.35337694062499997 0.514358034375 0.3539402125 0.51735525 0.3544704546875 0.517369284375
6 0.320884840625 0.3125848484375 0.3274652546875 0.3135066109375 0.33084610312499996 0.312208825 0.331973225 0.3107977890625 0.3318313703125 0.3104282453125 0.320884840625 0.3125848484375
6 0.5572754421874999 0.8977301328125 0.550126053125 0.9012497671874999 0.5519311828125 0.9120716515625 0.5601255359375 0.912072621875 0.5624399734375001 0.9111841937499999 0.5572754421874999 0.8977301328125
6 0.9251531937499999 0.8227540296875 0.9166208625 0.81479230625 0.9040299828125 0.8217677828125 0.9179129500000001 0.829961815625 0.9247410468749999 0.8273407546874999 0.926400828125 0.82600423125 0.9251531937499999 0.8227540296875
6 0.22128669374999999 0.7423539625 0.22202167031250003 0.74562 0.23315826718750002 0.7413450609375001 0.24580010156249998 0.735955671875 0.24388735781249998 0.730972803125 0.22128669374999999 0.7423539625
57 0.304676009375 0.45614770781249997 0.30416122031250004 0.4479769953125 0.293924040625 0.45190668125 0.2943003453125 0.46013055156249993 0.304676009375 0.45614770781249997
6 0.6041109171875 0.31777364218750004 0.5925743828125001 0.3160602328125 0.5903993125 0.3195730265625 0.600231165625 0.3209370796875 0.604073278125 0.31946223125 0.6045794734375 0.3189942765625 0.6041109171875 0.31777364218750004
57 0.9633816015625 0.652019715625 0.95843951875 0.6447290625 0.9436221296875 0.6520236421875001 0.9466570578125 0.6599299015625 0.9638801828125001 0.6533185640625 0.9633816015625 0.652019715625