4 0.51195303125 0.2303578953125 0.520484634375 0.235367003125 0.522487015625 0.23515557656250002 0.53621291875 0.2314777328125 0.5369586187500001 0.21477662187500002 0.54382313125 0.2119857421875 0.5478654078125 0.20774729375 0.5462383921875 0.20167518593749997 0.53383954375 0.181039734375 0.5235031296875 0.185078090625 0.512934525 0.192984821875 0.5069460546875 0.2022017515625 0.509011521875 0.2130668 0.51195303125 0.2303578953125
4 0.3655651859375 0.245800934375 0.36522790625 0.244542190625 0.36281781562500004 0.24047982812500002 0.35540733125 0.2411015875 0.352261046875 0.24194463125 0.350015246875 0.24813813593749998 0.350260453125 0.24905325781249998 0.353442315625 0.251333825 0.35519666562499996 0.2508637484375 0.3589589265625 0.24817459843749998 0.3655651859375 0.245800934375
4 0.55101219375 0.131628703125 0.5512795500000001 0.12993349999999998 0.5503553812499999 0.126484453125 0.5461110828125 0.12596398749999999 0.5390086875 0.12786706875 0.540437896875 0.1347792578125 0.5432302671875 0.1373931546875 0.5462106421875 0.136594565625 0.55101219375 0.131628703125
4 0.28244226875 0.37317219375 0.28329190937500004 0.386599140625 0.29111459375000004 0.3845030578125 0.290871321875 0.3835951515625 0.28244226875 0.37317219375
4 0.3285827078125 0.3577255921875 0.3359237578125 0.3611731453125 0.33658005156250004 0.3609972921875 0.3348525703125 0.35455024375 0.3285827078125 0.3577255921875
4 0.4458017015625 0.3624662015625 0.4476467875 0.361789434375 0.4474054859375 0.35804793125 0.446458475 0.3545136390625 0.442658790625 0.349487215625 0.4362681515625 0.352468303125 0.43435872656249996 0.357653053125 0.43501423125 0.36009942968750003 0.43763657343749995 0.364654040625 0.4458017015625 0.3624662015625
4 0.4868414296875 0.3811894234375 0.48953045937499995 0.376408634375 0.4877705953125 0.36984073125 0.4831031765625 0.3577682109375 0.472774353125 0.368148134375 0.47421115468749997 0.3814018953125 0.48496133906249994 0.395649121875 0.49071622187499997 0.39410710625 0.4868414296875 0.3811894234375
4 0.453893021875 0.37419063124999996 0.45149665 0.3803516734375 0.45375363437500005 0.379746915625 0.4574887828125 0.37756819531249997 0.45695389999999997 0.3755719890625 0.453893021875 0.37419063124999996
4 0.4212213546875 0.2687601046875 0.42457937812499996 0.26705944531250003 0.4306756015625 0.2654259671875 0.4306319890625 0.2652632046875 0.4237845296875 0.2625147203125 0.41778657187499996 0.2638046890625 0.4119863375 0.268121125 0.41211118906250005 0.2685870734375 0.41415841562500005 0.27065261406249996 0.4212213546875 0.2687601046875
4 0.515102053125 0.31178273437500004 0.5117925359375 0.3167928578125 0.5134539375 0.319836671875 0.524998103125 0.31559051875 0.524770084375 0.31473953906249996 0.515102053125 0.31178273437500004
4 0.5187687203125 0.329807278125 0.52392618125 0.3334447140625 0.5263713296875 0.33278953906250003 0.5251164859374999 0.3281063984375 0.5187687203125 0.329807278125
4 0.43187863593750003 0.5036944937500001 0.4349384328125 0.4986683796875 0.43433140468750003 0.496402921875 0.429797396875 0.4937852109375 0.42522295468750004 0.497231190625 0.41733140312500006 0.4993457265625 0.41646864531250005 0.5040174234375 0.4202611453125 0.506807390625 0.43187863593750003 0.5036944937500001
4 0.4155171875 0.45033545625000004 0.41538992500000005 0.44986050625 0.4086668265625 0.4458991859375 0.40611415156249997 0.45750209999999997 0.4062768171875 0.458109175 0.40753721093750006 0.45845295 0.411123346875 0.457492046875 0.4155171875 0.45033545625000004
4 0.478900778125 0.49973810781249994 0.4780451859375 0.4965449921875 0.4712380203125 0.49019840156249994 0.4601200421875 0.5007897796874999 0.45578727968750005 0.5082943453125 0.46041476562500006 0.51060683125 0.47564892968750005 0.50652485 0.478900778125 0.49973810781249994
4 0.5376613484375 0.751154146875 0.54625326875 0.7406052625 0.55809249375 0.7390188531249999 0.555953425 0.73261405 0.5554643703125001 0.719740703125 0.5503310671875 0.7179443671875 0.5428246046874999 0.7120262109375 0.5380103796875 0.7129989984375 0.5287085968749999 0.7240552703125 0.5433193515625 0.729655734375 0.5455339218749999 0.7331856875 0.5283952125 0.7260423234375 0.504926184375 0.7063220515624999 0.4986941359375 0.7098950046875 0.4699540890625 0.7052258499999999 0.460087753125 0.7062836265625 0.4657101109375 0.7209533109375 0.4675376921875 0.7309305578124999 0.47228211093750005 0.7375887999999999 0.46889709375 0.745473778125 0.47474405312499995 0.7499335125 0.48619059687500005 0.7500382234375 0.4893623984375 0.761875546875 0.49687455468749997 0.77254988125 0.4984661484375 0.7832247234375 0.5283162671875 0.7884369625 0.5367150109375001 0.786186525 0.5389566359375 0.778084571875 0.540134675 0.773011215625 0.550314396875 0.7699663875 0.5540939921875 0.7619756828125 0.540744365625 0.754768578125 0.5376613484375 0.751154146875
4 0.67617471875 0.6459330828125001 0.6767995906250001 0.6403735828125 0.672532840625 0.6370763328125 0.6695310140624999 0.635343228125 0.6711017328125 0.628578753125 0.664227734375 0.62344266875 0.6439475875 0.629828259375 0.6475932609374999 0.6418557921875 0.6461018375 0.6489162015625001 0.6350574625000001 0.6550473359375 0.6290632984375 0.6595080906249999 0.6303453046875 0.67534076875 0.63461585 0.6818088015625 0.6435458281249999 0.68988296875 0.654837578125 0.692566596875 0.6729126453125 0.6905780187499999 0.686496359375 0.6955021390625 0.6861150671875 0.7067056140625 0.6818557015625 0.7084733375 0.7024756578125 0.7029482375 0.70828880625 0.6994954578125 0.7135693140625 0.6923713046875 0.7081943296875 0.6865163843750001 0.6960246421875 0.6758213125 0.682282334375 0.6703053265625 0.6705922140625 0.6645566406250001 0.6756329375 0.654959296875 0.6989999 0.6553589234375 0.7131253953125001 0.651256828125 0.7250261703125 0.6455499109375 0.7200854328124999 0.62711083125 0.7133329171875 0.6267783453125 0.70417454375 0.62574334375 0.6927261015624999 0.6240532421875 0.6865828375 0.6358490890625 0.6803545843750001 0.6425928296875 0.67617471875 0.6459330828125001
4 0.4805146234375 0.789501771875 0.48167728906249996 0.7938408953125 0.48924366093750005 0.794576925 0.48814491562500006 0.799946215625 0.49793141093750004 0.8014314171875 0.49903158281250004 0.8011366265625 0.503690134375 0.7948293468750001 0.5088001203125 0.786398025 0.508717978125 0.7860914640625001 0.49981036874999996 0.7850848 0.5051815578125 0.7877689375 0.5034484531250001 0.7907707625 0.4935726265625 0.783901575 0.47983981093750006 0.7863125515625 0.4805146234375 0.789501771875
4 0.5297265796875 0.7860151625 0.5289771796875 0.783218365625 0.5137002265625 0.7811489265625 0.5067621140624999 0.7884000531249999 0.5059824484375001 0.7965384671875 0.5116403218750001 0.797758125 0.51705903125 0.7963061859375 0.5297265796875 0.7860151625
4 0.5561099984375 0.6128127812499999 0.550598459375 0.6132349703125 0.544213515625 0.620972234375 0.5507582140625 0.6206617578125 0.557172015625 0.6189431843750001 0.5571911843749999 0.616847821875 0.5561099984375 0.6128127812499999
4 0.61885775 0.5994720859375 0.6186920015624999 0.59885350625 0.6118079828125 0.5965801828124999 0.6035355796874999 0.5966222984375 0.603671325 0.597128903125 0.6102993421875 0.6079429984375 0.6120765875 0.6074667875 0.61885775 0.5994720859375
4 0.356118575 0.6259043390625 0.353054525 0.6301667546874999 0.3608355265625 0.63596376875 0.3616687078125 0.63574051875 0.359308759375 0.626933071875 0.3569082171875 0.62569275625 0.356118575 0.6259043390625
4 0.6704756609375 0.9153426093749999 0.6741164609375 0.9143670593750001 0.6708809625 0.902292015625 0.6617783609375001 0.8928140453125 0.653896296875 0.902855540625 0.6509058578125 0.9106347921875001 0.6606193 0.9137413296875 0.6704756609375 0.9153426093749999
4 0.5632718765625 0.41013389062499994 0.5586892984375 0.41076773749999995 0.5590287390625 0.41240939374999996 0.561200428125 0.4205142515625 0.5629316359375001 0.4200503765625 0.5651662015625 0.417203609375 0.5632718765625 0.41013389062499994
4 0.2921657015625 0.11675920625 0.29177484374999996 0.1153005046875 0.2834169390625 0.11168934531250001 0.283572040625 0.120909446875 0.28381785625 0.12182684218749999 0.2900725296875 0.1227279953125 0.292710378125 0.1220211859375 0.2921657015625 0.11675920625
4 0.4737746171875 0.36791183437499997 0.47414831562500004 0.367297984375 0.472186559375 0.3599766078125 0.4660820890625 0.369973040625 0.4737746171875 0.36791183437499997
57 0.071076090625 0.43573886093749997 0.08179230937500001 0.43573793906249997 0.0834041546875 0.4353060453125 0.088397453125 0.4308782328125 0.085692459375 0.42078305625 0.082144546875 0.417849746875 0.07219856718749999 0.42051476406250005 0.0716895765625 0.4206670078125 0.06577470937499999 0.4254236921875 0.0604155796875 0.429078078125 0.060418875000000004 0.4290903734375 0.064759053125 0.43425970156249993 0.071076090625 0.43573886093749997
6 0.6388122968750001 0.523017559375 0.634528696875 0.5248362578125 0.633992609375 0.53861865 0.6351779765625001 0.543042503125 0.6403117875000001 0.5416669015625 0.6404978781249999 0.52930823125 0.6388122968750001 0.523017559375
4 0.070549625 0.303898865625 0.0691387671875 0.29863347500000004 0.0618826296875 0.3061379203125 0.05960205 0.3134097828125 0.060126984375000005 0.3153688609375 0.062121115625 0.314834534375 0.07024995 0.3057989828125 0.070549625 0.303898865625