42 0.673863184375 0.2616522390625 0.6723513390625 0.2601739140625 0.5409287953125 0.251587846875 0.5473242 0.257096675 0.5518287078124999 0.258303653125 0.67269635625 0.2660069 0.673863184375 0.2616522390625
42 0.5577003484375 0.1211949953125 0.567540596875 0.12781351406250002 0.5826011765625 0.13228673124999998 0.627324296875 0.14427025625 0.6269851640625 0.14125299375 0.50953146875 0.105301809375 0.5076687062499999 0.1091578140625 0.5074495359375 0.10997576875 0.5477889499999999 0.1222722125 0.5577003484375 0.1211949953125
42 0.4587021953125 0.1815866703125 0.48142321250000003 0.14484071874999999 0.5384862640625 0.060552525 0.5407618640625 0.052059865625 0.5369074359375 0.05170049375 0.49943014999999996 0.1073587046875 0.47498549375000004 0.14162254999999999 0.45289015781249997 0.17950226875 0.45691105624999995 0.18110673593749999 0.4587021953125 0.1815866703125
42 0.713767875 0.5486308906249999 0.7110687578125 0.57851799375 0.7076066703125 0.624874578125 0.7059164124999999 0.6398512734375 0.7044113140625 0.6553753078125 0.7126077468750001 0.686377596875 0.7193456015625 0.6881829984375 0.7198688718749999 0.6876232796874999 0.7199773828125 0.6872183093750001 0.710727578125 0.6565700171875 0.72166485625 0.5228740609375 0.7221640734375 0.5197725875 0.7165247609375001 0.518992578125 0.716342975 0.5196710171875 0.713767875 0.5486308906249999
42 0.3707342265625 0.4087466734375 0.4468544203125 0.34695552812499997 0.45156476406249996 0.342688721875 0.455243571875 0.3289592265625 0.45892044062500004 0.30458419531250003 0.45634637187499993 0.3038944765625 0.449941721875 0.303236028125 0.445131725 0.337285946875 0.4382480703125 0.3444005984375 0.366577875 0.4025934765625 0.36967920468750004 0.40846398281249996 0.3707342265625 0.4087466734375
42 0.25132524843750004 0.2586649453125 0.251715209375 0.2587694359375 0.2546339328125 0.25637848281250003 0.24266078906250002 0.22056904375 0.2312475890625 0.182669859375 0.22032318593750003 0.1503766671875 0.21479155 0.13402481875 0.21475436874999998 0.13401485625 0.21190497343749998 0.1458812359375 0.21733830156249997 0.16027804375000002 0.2272065203125 0.19527460624999998 0.2343655203125 0.2168531453125 0.246334196875 0.2563943546875 0.25132524843750004 0.2586649453125
42 0.3428315234375 0.7428366468750001 0.4061305125 0.7443679640624999 0.418020915625 0.7458119375 0.42411871406249996 0.7409335593749999 0.4243026890625 0.7402469546875 0.422874809375 0.73977103125 0.41549199843749995 0.7377928125000001 0.3079721046875 0.732998365625 0.304501403125 0.7348059046875 0.304002184375 0.7379073765624999 0.306352253125 0.7409012875000001 0.308364596875 0.74144049375 0.3428315234375 0.7428366468750001
42 0.4346419828125 0.60506760625 0.42446905625 0.5753877171874999 0.399313778125 0.49728549375000003 0.39398227812500003 0.495856921875 0.38950488125 0.4978302296875 0.42024282656249995 0.58744511875 0.42743978125000004 0.6067318328125 0.42998967187500003 0.6074150734375 0.4341206546875 0.6070132265625 0.4346419828125 0.60506760625
42 0.28652702812499997 0.17589295 0.283445971875 0.1750673828125 0.27052560312499996 0.23307490312499998 0.272011021875 0.23347292031250003 0.27536514375 0.2335710296875 0.284146884375 0.2007971328125 0.2895296203125 0.1770707875 0.28652702812499997 0.17589295
42 0.20978881249999998 0.4481200515625 0.2116143359375 0.44130710625 0.1723809125 0.391021459375 0.167674825 0.3900093296875 0.1656276484375 0.392696028125 0.20865831093749998 0.447817134375 0.20978881249999998 0.4481200515625
42 0.063100925 0.539925246875 0.10695636875 0.5372421375 0.1239600015625 0.5329931125 0.12401534843749999 0.5327865546874999 0.10491812656249999 0.5324652953125 0.0811328546875 0.533309121875 0.0447728046875 0.5352631062500001 0.02470411875 0.535858465625 0.0285376953125 0.5413652296875 0.063100925 0.539925246875
42 0.4102271296875 0.4994009078125 0.42503079218749995 0.5154996796875 0.43073273125 0.517027509375 0.43170345781249997 0.5134047078124999 0.419208265625 0.49931875000000003 0.41196769062499994 0.49414340625 0.369806971875 0.47811804999999996 0.36088656406249997 0.4792119375 0.4102271296875 0.4994009078125
42 0.28949694375 0.720830890625 0.2735759640625 0.779029859375 0.27924168125 0.7805479828124999 0.29491179375 0.7220663265625 0.28949694375 0.720830890625
42 0.3196821578125 0.6296220734375 0.3233990578125 0.6157504109375 0.318707165625 0.6130733 0.3180587375 0.6128995546875 0.3154713859375 0.627449225 0.3172677359375 0.62897513125 0.3196821578125 0.6296220734375
42 0.2701064015625 0.8253222234375001 0.2030840203125 0.726233815625 0.1960804 0.730081084375 0.2624064171875 0.8261831781250001 0.26593975468750003 0.8271299328125 0.2701064015625 0.8253222234375001
42 0.29026460468750004 0.8239420421875 0.2949690640625 0.8252025984375001 0.338341834375 0.7809542234375 0.33927358750000003 0.7787152421875 0.3332698921875 0.7751156421875 0.308650496875 0.80012468125 0.28799953437500003 0.8214686359375 0.29026460468750004 0.8239420421875
42 0 0.487689615625 0.01828164375 0.5080482765625 0.0197673859375 0.5086952453125 0.0192418375 0.5091528828125 0.04804766875 0.5422911109374999 0.049442475 0.5419064031249999 0.0490078625 0.5433957171875 0.050275868749999994 0.543045984375 0.04996805625 0.544500325 0.051109262499999995 0.5441855640625 0.050928251562500006 0.5456049328125 0.05194265625 0.545325146875 0.051888445312499996 0.546709540625 0.0527760484375 0.546464728125 0.0528486390625 0.5478141484375 0.05360944375 0.5476043078124999 0.0538088328125 0.5489187546875 0.054442837499999994 0.5487438890624999 0.054769028124999994 0.5500233625 0.0552762296875 0.5498834687499999 0.055729223437499996 0.5511279703125 0.056109624999999996 0.55102305 0.056689415624999996 0.552232578125 0.05694301875 0.5521626328125 0.0586098046875 0.5544417937499999 0.06496722499999999 0.55393495 0.06498840624999999 0.5538559000000001 0.033467384375 0.518017990625 0.0319412078125 0.5179752046874999 0.032510275 0.516929803125 0.0311078140625 0.516835625 0.031553165625000004 0.5158416156250001 0.0302744203125 0.5156960421875 0.030596056249999996 0.5147534265625 0.0294410265625 0.5145564625 0.029638946875 0.5136652390625 0.0286076328125 0.51341688125 0.0286818375 0.5125770515625 0.0271960953125 0.511930084375 0.0269408453125 0.5111377187499999 0.0257103546875 0.5112831156250001 0.0242246125 0.510636146875 0.0261074515625 0.5099981390625 0.021940482812500002 0.5043002343749999 0.003014025 0.48205725624999995 0 0.48522113750000007 0 0.487689615625
42 0.1390471015625 0.493869628125 0.138307953125 0.4904363359375 0.1025242234375 0.4766174171875 0.0983084171875 0.47996735625 0.133535178125 0.49338817187500006 0.1390471015625 0.493869628125
42 0.0912341453125 0.546074025 0.0046211343750000005 0.51390701875 0.022383353124999998 0.5256345984374999 0.0552872796875 0.53774863125 0.0907364203125 0.5472471999999999 0.0912341453125 0.546074025
42 0.10109074843750002 0.5517027390625 0.10089963125000001 0.5561310890625 0.10696852187500001 0.5570106499999999 0.11308172968750001 0.555480265625 0.1134716546875 0.55402505 0.10109074843750002 0.5517027390625
42 0.3772333390625 0.5609266765625 0.3832959875 0.5625511578125 0.392057075 0.553711696875 0.39669692031250003 0.54142126875 0.3973323984375 0.5390496296875 0.3772333390625 0.5609266765625
42 0.259350284375 0.21200670625 0.2493415390625 0.2273986515625 0.2547905953125 0.2288587203125 0.26130687343750003 0.21962981250000002 0.262789975 0.21409479843749998 0.259350284375 0.21200670625
42 0.39288399531249996 0.4050349765625 0.3860107625 0.4034421640625 0.37253298125 0.40275817343750003 0.3935217984375 0.408382109375 0.393534821875 0.408333503125 0.39288399531249996 0.4050349765625
42 0.3451431828125 0.3937360515625 0.3365907140625 0.391444425 0.3365265546875 0.3916838734375 0.336815215625 0.3931876265625 0.3561428265625 0.39836644374999997 0.3451431828125 0.3937360515625
42 0.07962258125 0.6682774375 0.078415128125 0.654908165625 0.071912215625 0.6544100375 0.072143728125 0.6684395875 0.0790810546875 0.6702984390625 0.07962258125 0.6682774375
39 0.28145145625 0.12780865 0.2771451421875 0.1550253265625 0.27583265 0.16487708750000002 0.27228484218750004 0.179356053125 0.2676444234375 0.209656228125 0.2749914 0.21162484374999999 0.2759005 0.21168178750000002 0.28011779375 0.2070879265625 0.2929473953125 0.2000732984375 0.2987718875 0.1981498640625 0.3051000625 0.1893931859375 0.3122025 0.18061065625 0.3142181328125 0.173088215625 0.3147376046875 0.15837885625 0.3080659125 0.143650228125 0.30047405625 0.1732217828125 0.29366453125 0.17015285468750002 0.300515746875 0.1383919296875 0.28145145625 0.12780865
39 0.27613969531250004 0.3675972515625 0.2646330125 0.35605265468749997 0.262770996875 0.3592866953125 0.2584367140625 0.358125328125 0.25707093593749997 0.3607457421875 0.2536017234375 0.36130935625 0.25056355625000004 0.363979384375 0.246655853125 0.3686562015625 0.2443598125 0.372271675 0.23698736406249998 0.373780334375 0.23184725 0.373149640625 0.23313889843750002 0.3807128046875 0.23263372499999999 0.388789971875 0.2290903828125 0.3995371671875 0.22356357187499998 0.41149494375 0.2202068796875 0.42154555781249997 0.218775909375 0.4268860109375 0.2140070046875 0.433074121875 0.226268615625 0.4363596109375 0.2365440859375 0.4336378953125 0.250112834375 0.4300565625 0.260572265625 0.4368409890625 0.2706140515625 0.43032369375 0.27389215 0.43418843125000006 0.281263109375 0.4339236921875 0.2848597328125 0.43040784375 0.28796904843750004 0.4200420828125 0.289036065625 0.41799487968750004 0.2892374890625 0.4172431578125 0.2871099359375 0.4133414078125 0.283702940625 0.413672828125 0.2877410296875 0.40355592968750004 0.2871367375 0.3909507875 0.283743140625 0.3800868984375 0.27613969531250004 0.3675972515625
13 0.23408881718750002 0.3023128328125 0.23280504999999999 0.30257945468749997 0.23195950625 0.3052397203125 0.2326186796875 0.3064947578125 0.23410426874999998 0.3060366078125 0.23410942031249998 0.30727786562500004 0.23327784999999998 0.30774979375 0.23411456875 0.308519125 0.233937021875 0.30900483125 0.2341197203125 0.3097603828125 0.233377821875 0.3104726125 0.23412487187500003 0.31100164218750004 0.232818621875 0.3119403953125 0.23413002187499998 0.3122429 0.234135171875 0.3134841578125 0.23525238750000002 0.314002753125 0.2341403234375 0.314725415625 0.23417637343750003 0.323414225 0.22816134687499998 0.32189138281249996 0.22821401562500002 0.323165371875 0.227808953125 0.323068934375 0.22745656093750002 0.3242464828125 0.22826668749999998 0.3244393609375 0.228319359375 0.32571335156250003 0.22710416875 0.325424034375 0.22181827968749998 0.34308729375 0.2199428625 0.3575166453125 0.23275969062500002 0.3669236515625 0.234358690625 0.367352103125 0.234356640625 0.36685826875 0.23397106562499997 0.3668058125 0.23358033749999998 0.3655120984375 0.234351490625 0.365617009375 0.23434633906250002 0.3643757515625 0.2331896125 0.364218384375 0.2327988859375 0.362924671875 0.2343411890625 0.3631344921875 0.23418152656250002 0.3246554828125 0.240119921875 0.31812746875000003 0.2389030359375 0.3170962890625 0.24127731875 0.317110315625 0.24359211093750002 0.3150760078125 0.249351409375 0.3158726140625 0.2547951578125 0.32156195625 0.25546464687500003 0.33144705937499996 0.2581205828125 0.337633734375 0.2677209015625 0.3377174875 0.273046175 0.3388955265625 0.2766008953125 0.3436628390625 0.2813999171875 0.325752640625 0.247132475 0.306816659375 0.2361353296875 0.2998881515625 0.23407646718750003 0.29933648125 0.23407851562499998 0.299830315625 0.23365059531250001 0.29991918906250004 0.2340836671875 0.30107157500000004 0.233227821875 0.301249321875 0.23408881718750002 0.3023128328125
39 0.28704329687499996 0.221324615625 0.28675533125 0.22124745625000003 0.28641098125000003 0.2225325875 0.2844583203125 0.2400434015625 0.2845908046875 0.2400789015625 0.30227296406250004 0.2297422609375 0.3023438359375 0.22947776250000002 0.28704329687499996 0.221324615625
39 0.4165470671875 0.2727611828125 0.415064303125 0.26962636875 0.4124720734375 0.2619635765625 0.4142111453125 0.257949996875 0.4143445109375 0.2500220734375 0.41112862968749997 0.2459251421875 0.4043857875 0.23889224687500002 0.39963800625 0.2727099734375 0.3963226828125 0.29994332031250004 0.400734071875 0.2884332609375 0.409276715625 0.2924643078125 0.396045528125 0.3245066390625 0.3993783984375 0.3343587984375 0.40911367500000007 0.3381183578125 0.41127879843750004 0.330038009375 0.41252354531249996 0.322451434375 0.41073118906249995 0.319233665625 0.41185405781249995 0.3125663328125 0.4176342 0.295948009375 0.4159144828125 0.28379058125 0.4165470671875 0.2727611828125
33 0.03400650625 0.8667691734374999 0.0403760546875 0.8751952281250001 0.042409828125 0.8837038406250001 0.0399834 0.8927593953124999 0.048680109375 0.895089671875 0.0541061390625 0.8920640109375 0.0564230171875 0.8876741890625001 0.058115256250000004 0.8813586671874999 0.0570332734375 0.8786630609375001 0.05927305468750001 0.8703040859375 0.0498001453125 0.8672681000000001 0.044052760937500005 0.85652010625 0.0281939265625 0.858741221875 0.03400650625 0.8667691734374999
57 0.08389864999999999 0.8756892796875 0.0770295859375 0.8738487203125 0.07008669375 0.8787077203125 0.0745144828125 0.8858357796874999 0.07686317031249999 0.886465109375 0.08250671875 0.880884034375 0.08389864999999999 0.8756892796875
39 0.353954028125 0.46410233749999996 0.3335135359375 0.46484693593750004 0.3017958703125 0.46928916562499995 0.3225992359375 0.47585886874999994 0.33838840625 0.4800895640625 0.3499662390625 0.483938428125 0.3591280671875 0.48813538437500004 0.3665060203125 0.49496515781249995 0.37023217812500003 0.495963578125 0.3744224875 0.49173578281249997 0.3781415265625 0.48389317500000006 0.3789996015625 0.480690796875 0.3639630578125 0.48495135625 0.3590732953125 0.4821479625 0.3607501546875 0.478366578125 0.37450554999999996 0.4740886625 0.3739530484375 0.4699587890625 0.353954028125 0.46410233749999996
39 0.2249863828125 0.3482913140625 0.22956804062499997 0.34976782968750003 0.23916835937499997 0.34985158125 0.2421961015625 0.35588901562499997 0.2416272234375 0.3654423 0.24793753437500002 0.371612703125 0.25351018125 0.3731058890625 0.256612053125 0.36895974374999996 0.2644081046875 0.37577711406250003 0.26347635 0.37801609687500004 0.265660459375 0.3822098625 0.266289315625 0.3823783640625 0.26817798437499996 0.38113460312499997 0.268595996875 0.3795745625 0.2692386265625 0.37632485625 0.266960453125 0.36501324999999996 0.26710573125 0.34713393593749997 0.265762290625 0.3310955 0.26261755781249996 0.319302834375 0.25884134531249997 0.3124426859375 0.2582523234375 0.312284859375 0.2514085546875 0.317792578125 0.2375879625 0.324790534375 0.22214877031250002 0.3295476234375 0.22187001562500003 0.3305879484375 0.2199144390625 0.3424527296875 0.2249863828125 0.3482913140625
39 0.052154262500000007 0.6340285015625 0.0637335859375 0.6366334421875 0.0694247109375 0.6426379343749999 0.0849635296875 0.649041328125 0.0967655609375 0.640521184375 0.0976339 0.637280496875 0.096439265625 0.63469573125 0.0842377796875 0.6344127265624999 0.078232596875 0.6320570484375 0.0609502390625 0.6333990015625 0.053768906250000005 0.6304793109375 0.052154262500000007 0.6340285015625
6 0.7066447015625 0.46801885312499997 0.7104952453125 0.469050603125 0.71195091875 0.4636179546875 0.705984071875 0.447497165625 0.7017120046875001 0.4461036046875 0.6978087687500001 0.44704865156249995 0.7055884406249999 0.4675491796875 0.7066447015625 0.46801885312499997
29 0.7109781171875 0.6729999859375 0.71519601875 0.6688403843749999 0.7153599546875 0.6682285718750001 0.715088203125 0.664831078125 0.7094548265625 0.6623261625 0.700848478125 0.659771234375 0.6950180296874999 0.6666703625 0.6968266843750001 0.669208121875 0.7109781171875 0.6729999859375
57 0.76824805625 0.5148868875 0.7347335671875 0.51984311875 0.749779125 0.524372290625 0.7579514515625 0.527308653125 0.768039075 0.5342423203125 0.7791072671875 0.5499001203125 0.7879461015625 0.56520943125 0.7958609671875 0.5841285640625 0.7969160671875 0.5844112781249999 0.818896328125 0.5809684546875 0.8200952703125 0.579202871875 0.8214040234375 0.5743185359375 0.8182935234375 0.5671193875 0.8129224125000001 0.5524903859375 0.8001848078125 0.5343943515625 0.7871968500000001 0.5184710140625 0.7774143515625 0.5153520734375 0.76824805625 0.5148868875