35 0.47266800625 0.3145796796875 0.46956023125 0.3225779890625 0.47090385156250003 0.326972771875 0.4828770546875 0.3326029625 0.4992369515625 0.3372123765625 0.5187792546875001 0.3424506890625 0.530485159375 0.34526324218750004 0.5400761000000001 0.342330996875 0.5473213890624999 0.3366078234375 0.556256525 0.3281093953125 0.562220753125 0.31827666718750003 0.56790661875 0.30526303593750004 0.56594779375 0.2988560125 0.5633977031249999 0.2983741921875 0.5113744421875001 0.30146444843750003 0.48575346093749994 0.30289014375 0.48253870781249997 0.303552621875 0.476492375 0.3089252546875 0.47266800625 0.3145796796875
29 0.5398708421875 0.8965749859375001 0.5038810625 0.9562650109374999 0.504805509375 0.9592887390625 0.50681978125 0.9586729140625 0.5115973484375 0.95359511875 0.51409550625 0.9505887578125 0.51505595 0.9509358625000001 0.521998028125 0.948493084375 0.5255213265625 0.9432510781250001 0.5313959796875001 0.9331253640625 0.536481865625 0.9274056281249999 0.543650384375 0.9159232234375001 0.54599426875 0.9152066265625001 0.5512344296875 0.9071971234375 0.5571663078125 0.89865576875 0.5594384578125 0.8921507359374999 0.5583604734375001 0.888624809375 0.5563427296875 0.8889760546875 0.5529811765625 0.8877611875 0.5513290109375 0.8879459328125 0.5504332640625 0.8850160765625 0.5455339984375 0.887154675 0.5398708421875 0.8965749859375001
29 0.52574490625 0.96595806875 0.5273140578125 0.9654783312499999 0.5406250671875 0.951156865625 0.5471516203125 0.9459577859375001 0.554427121875 0.9418112140625 0.5560962078125 0.9400052000000001 0.55501454375 0.9364672390625 0.554287790625 0.9357667578125 0.5454895234375 0.934932575 0.5386867734375 0.943419809375 0.5256013187499999 0.95510934375 0.5187413453125 0.9620122171875 0.52574490625 0.96595806875
57 0.6339220609375 0.66871486875 0.6348750328125 0.6732290843750001 0.6408491984375 0.6746063125 0.6485811765625 0.6735158875 0.6568409171875 0.67099063125 0.6601451921875 0.6664643359375 0.6586796484375 0.6630679421875 0.6447532078125 0.6580349187500001 0.63379020625 0.6585033015625 0.6318941921875 0.6606848265624999 0.6339220609375 0.66871486875
6 0.6524466671875 0.8128489171875 0.6633204015625 0.8051113703125001 0.6611059125 0.80066246875 0.656661990625 0.8000988859374999 0.63867726875 0.8139270171874999 0.64146215 0.8162072218749999 0.6524466671875 0.8128489171875
6 0.7083997515625 0.7273858 0.7053399984375 0.728756096875 0.70239396875 0.73029753125 0.7025432312500001 0.74755194375 0.711854071875 0.747268303125 0.711502490625 0.7375343984375 0.7083997515625 0.7273858
6 0.9117068156249999 0.5640184578125 0.8932386687499999 0.5602239796874999 0.8899840953125 0.5663449421875 0.9066376734375 0.5701116984375 0.9103549265625 0.5689752203125 0.91228998125 0.565925909375 0.9117068156249999 0.5640184578125
6 0.9805263312499999 0.5219057328125001 0.9617154906250001 0.5164140078125 0.9561170328124999 0.5232515671875 0.9764057234375001 0.52917474375 0.9800823421875 0.5280506890625001 0.9817735421875 0.5259851765625 0.9805263312499999 0.5219057328125001
6 0.1354921296875 0.6224276843750001 0.1189044875 0.6160080046874999 0.1149333171875 0.6197850828125 0.133219615625 0.6268410578125 0.1365318359375 0.6258284093750001 0.1354921296875 0.6224276843750001
6 0.0424121359375 0.62794175625 0.0215409171875 0.6292198546875001 0.0214188015625 0.63409479375 0.02150586875 0.634379578125 0.042377085937499996 0.6331014796875001 0.042499203125 0.6282265406249999 0.0424121359375 0.62794175625
6 0.21401677187499998 0.4288500796875 0.21722986875 0.44430278124999995 0.22267375781249998 0.4426384171875 0.21821163124999998 0.4280434546875 0.21401677187499998 0.4288500796875