39 0 0.38135976875 0.08616932499999999 0.3846559203125 0.0987859296875 0.38220350000000003 0.114428703125 0.3752691578125 0.11436908750000001 0.3749624625 0.1017588796875 0.36672788125 0 0.36456840625 0 0.38135976875
38 0.064195228125 0.44941355468750005 0.086815259375 0.4416839515625 0.096283859375 0.429320740625 0.0923246234375 0.40895223906249994 0.079162346875 0.3989011234375 0.06141076875 0.39901896406250004 0.060011182812499994 0.39929101718750004 0.040457959375000005 0.40791675468750005 0.03036514375 0.4208218453125 0.0351837046875 0.43878718125000005 0.0451687796875 0.44579984375 0.06282211875 0.4496804609375 0.064195228125 0.44941355468750005
39 0.13547040625 0.47788952812499996 0.149904321875 0.4531973671875 0.15069021875 0.447175046875 0.14861217499999999 0.4364844328125 0.1372302265625 0.43521698906250006 0.1352107328125 0.4356095390625 0.11355681875000001 0.4572780859375 0.0911336640625 0.49546128281249996 0.095827878125 0.49738411562499996 0.0977312546875 0.4970141359375 0.1141944234375 0.4810303203125 0.13547040625 0.47788952812499996
42 0.246182090625 0.5208084578125 0.0112349890625 0.5595402296875001 0.0123661078125 0.568771346875 0.104701325 0.5529621062500001 0.2470535328125 0.5252916390625 0.246182090625 0.5208084578125
57 0.2024518765625 0.32688526875 0.210532809375 0.3377500015625 0.24170761875000002 0.3369131453125 0.2584834734375 0.3336522484375 0.2721640140625 0.32726236875 0.2715788046875 0.3174277171875 0.246734746875 0.319272390625 0.22234343124999997 0.3200342203125 0.1922003953125 0.321914071875 0.2024518765625 0.32688526875
6 0.3600981109375 0.43537255625000004 0.346960928125 0.4421693765625 0.349421203125 0.47052162031250006 0.349892965625 0.4729486265625 0.360592671875 0.47135453125 0.360796321875 0.4389645375 0.3600981109375 0.43537255625000004
43 0.8744842 0.49433450937499995 0.860702465625 0.522381840625 0.8590807296875 0.5336651906250001 0.8725843296875 0.5310403578125 0.8943364578124999 0.47704527499999994 0.8984781187499999 0.4608201890625 0.9099684625 0.45510475 0.91560081875 0.44654862812499996 0.910914721875 0.4395007890625 0.9083191046874999 0.4295595 0.91798548125 0.42299058437500003 0.9173266468750001 0.4196011765625 0.9103702859375 0.4162278640625 0.9007971828124999 0.421570628125 0.884965740625 0.43907313593749997 0.8842858890624999 0.45263563281249997 0.889065153125 0.4601627828125 0.8744842 0.49433450937499995
43 0.6500000203125 0.7523757125 0.6473755015625 0.7529378609374999 0.6474171859375 0.751030203125 0.6451810640625 0.7513019421875 0.64483435 0.74968469375 0.6429866265624999 0.7496660234375 0.6422515140625 0.7483391859374999 0.6407921875 0.7480301046875 0.6370858453125 0.7456481671875 0.6364033140625 0.7447582671874999 0.634503009375 0.744302659375 0.6342088765625 0.7431223484375 0.6319201750000001 0.7429571515625 0.6320144375 0.7414864296875 0.629337340625 0.7416116421875001 0.6298199999999999 0.7398505109375 0.6267545046875 0.7402661328125 0.6276255625 0.7382145921875 0.6241716703125 0.738920625 0.625431128125 0.7365786734374999 0.5969034359375 0.7153117296875 0.5793194296874999 0.6958362499999999 0.57663318125 0.6982237296875 0.5667832265625 0.6976335 0.566431559375 0.6943620359375 0.5643949515625 0.6872966078125 0.5477788671875 0.6905264484375 0.548054 0.698083490625 0.54822255 0.6989506125 0.5556734640625 0.700432559375 0.562845528125 0.6963855437500001 0.5673802953125 0.7002177234375 0.568574434375 0.70538616875 0.5739469328125 0.700611209375 0.5800604109374999 0.69851093125 0.581542375 0.7038602968750001 0.594709 0.713675809375 0.583711446875 0.721843221875 0.586220103125 0.7232457859375 0.587369415625 0.7227488015625 0.5887287531250001 0.72464835 0.591027384375 0.7236543796875 0.59123740625 0.7260509140625 0.653953740625 0.76111501875 0.6561532515625 0.7594815359375 0.6583476890625 0.7611174562499999 0.6564623953125001 0.7625175828125 0.6614797015625 0.7653227109375 0.6627365640625 0.7643892921875 0.6639883546875 0.766725275 0.6649310015625 0.7660252125 0.6664970109375 0.7681278390624999 0.667125440625 0.76766113125 0.6690056609374999 0.7695304046875 0.6693198781249999 0.7692970484375 0.6695561031249999 0.7694731515625 0.671317378125 0.76913079375 0.6708330218749999 0.7646984109375 0.6705151093749999 0.7630628953125 0.6551656890625 0.755066728125 0.6539588140625 0.7578456171875 0.6517643765625001 0.7562097 0.6525828546875 0.7537212203125 0.6495699390625 0.75457378125 0.6500000203125 0.7523757125
33 0.9381303000000001 0.6016339859375 0.8918172312499999 0.5990298609375 0.8636030578125 0.62789289375 0.8778083875 0.6395568453125 0.88021766875 0.6485395125 0.890389078125 0.6565107968749999 0.905661509375 0.6361324265625 0.9223052671874999 0.6159849203125 0.935971775 0.605867115625 0.9749908250000001 0.5833599734375 0.98492168125 0.5790046875 0.9827205781250001 0.5676809859375 0.9824210531249999 0.566993075 0.959600503125 0.57242378125 0.9430906859375 0.5796123265625 0.9414383765625001 0.6018199937500001 0.9387050765625 0.6038435546875001 0.9381303000000001 0.6016339859375
10 0.64055269375 0.49496375156249994 0.6475871234375 0.4787732734375 0.6556025609375 0.472241028125 0.65742744375 0.45825699374999995 0.656534159375 0.45366144375 0.6327703875 0.45031587812499996 0.6179361265625001 0.490008465625 0.623980453125 0.4938077703125 0.6320890593749999 0.487754834375 0.6386227250000001 0.49533889999999997 0.64055269375 0.49496375156249994
42 0.8175266593750001 0.40681368593749995 0.8157675140625 0.40653740625 0.8159107593750001 0.4092240546875 0.8135652328124999 0.4088556828125 0.811362953125 0.411173959375 0.8142948609375 0.4116344265625 0.8144739187500001 0.4123931234375 0.8126789609375 0.414044796875 0.8110630609375 0.41645516562499996 0.789872959375 0.4302738 0.638524415625 0.5626589703125 0.647674978125 0.5652078375 0.6499887890625 0.564758078125 0.7997517671875001 0.43332775625000003 0.8094471625 0.4188655359375 0.817584884375 0.41361228906249997 0.8206958484375001 0.41483145156249995 0.8332464296875 0.40467563437500004 0.8329582234374999 0.40319294531249994 0.8223743562499999 0.399582575 0.8207584562499999 0.4019929453125 0.820172075 0.4019008515625 0.8191425578124999 0.4044033140625 0.8179697953125 0.4042191296875 0.8175266593750001 0.40681368593749995
33 0.74587148125 0.30728964062499997 0.7458293265625 0.307072775 0.7152769875 0.321859778125 0.7154778484375 0.3228931140625 0.7227495171875 0.3408541640625 0.7247774625 0.341702059375 0.73062351875 0.3405657015625 0.74587148125 0.30728964062499997
39 0.822144515625 0.3700804875 0.8251041796875 0.3707487390625 0.8218434609375 0.3726261078125 0.82332329375 0.3729602328125 0.8215424078125 0.375171728125 0.8404338328125001 0.39388351875 0.8734949078125 0.3718457546875 0.8730147328125 0.3693754640625 0.8762499968749999 0.3700092734375 0.8696641406250001 0.34977600781249996 0.8810977078125 0.34718048281249997 0.8938924109374999 0.34817538593749997 0.9016021468750001 0.33324641875 0.9186507421875 0.31995842812499997 0.91828520625 0.318077909375 0.9060640843750001 0.305020990625 0.8429130359375 0.34863378749999996 0.83400860625 0.3596912625 0.8341915453125001 0.3617697390625 0.8230476781249999 0.3624436265625 0.822144515625 0.3700804875
33 0.68998858125 0.45192774687500004 0.6935643015624999 0.44797459531249995 0.70046171875 0.43569062656249996 0.6938452828125 0.42553606562499996 0.699157571875 0.4190865546875 0.699127359375 0.4189311203125 0.69334014375 0.412701328125 0.6750062531250001 0.4207418578125 0.664844878125 0.422717028125 0.66487360625 0.4228648171875 0.6853759734375 0.45282434687500006 0.68998858125 0.45192774687500004
39 0.7947444203125 0.5505302953125 0.7730382578125 0.5201470015625 0.767525096875 0.5212186515624999 0.7632951578125 0.522488546875 0.7657044375 0.531471215625 0.7796695578125 0.5521354234375 0.7907321953124999 0.551726034375 0.794822309375 0.550930996875 0.7947444203125 0.5505302953125
42 0.8816274125 0.931994003125 0.8762609093749999 0.9043857390625 0.87060505 0.9054851265625 0.8759715531250001 0.933093390625 0.8816274125 0.931994003125
42 0.8194946203125 0.9214032421875 0.8188674468749999 0.9237659125000001 0.8164075687500001 0.9230692062499999 0.8163953671874999 0.9256060515625 0.813923284375 0.927446190625 0.8133205171875 0.9247351671875 0.807146415625 0.9280670921875 0.8091633734375 0.9299134265625 0.808979121875 0.9311264687499999 0.7941466312500001 0.94216730625 0.7695862484375 0.9497932375 0.7736121078125 0.9545817968750001 0.7748316859375 0.954344734375 0.8111803312499999 0.9317597609374999 0.811451203125 0.9292863312499999 0.8141068546874999 0.9300965781249999 0.837309996875 0.9169099140625001 0.8370360375000001 0.915500515625 0.8334316875000001 0.9158943859375 0.828032240625 0.9169439328125 0.82628369375 0.9182454953124999 0.8256687250000001 0.9180713171875 0.8238116109375 0.9200856328125001 0.822581671875 0.91973728125 0.8213395296874999 0.9219257734375 0.8194946203125 0.9214032421875
42 0.3793738453125 0.448786171875 0.3787231671875 0.4489607890625 0.37691501875 0.44797544062499994 0.37642277812499997 0.4501139546875 0.3753120203125 0.4505192046875 0.37412647187500003 0.44948123124999995 0.373471709375 0.45144173906249996 0.371900875 0.452077621875 0.3713379265625 0.45098702187499995 0.37052064218749997 0.4527695203125 0.3685493796875 0.4524928109375 0.3684897296875 0.45363603750000003 0.3675695734375 0.454097303125 0.3657608328125 0.4539986015625 0.3650785828125 0.455194453125 0.3629722875 0.4555043921875 0.3616674375 0.45675286875000004 0.360183740625 0.4570101828125 0.3462410109375 0.46453913281250003 0.346901621875 0.46608951718749997 0.34345246406249996 0.46604492343750004 0.3437298375 0.467590353125 0.3406639171875 0.46755071406250004 0.3405580515625 0.4690911875 0.337875371875 0.46905650468750004 0.3373862640625 0.4705920234375 0.335086825 0.47056229531250005 0.334214478125 0.4720928578125 0.3322982796875 0.47206808437500003 0.3310426921875 0.47359369375 0.32950973281249996 0.47357387500000003 0.32787090625 0.47509452812499997 0.3267211875 0.47507966562500004 0.3246991203125 0.47659536406249997 0.323932640625 0.4765854546875 0.32114409374999997 0.47809124531249997 0.31835554843749997 0.47959703593749997 0.31984624375 0.48726599843749996 0.3213858453125 0.4869667296875 0.35176095625000003 0.47061658125 0.3680844359375 0.46246941406250003 0.3793884453125 0.45579535625 0.3790558046875 0.452378071875 0.38527598125 0.44613060625 0.45315055 0.4155916015625 0.490531859375 0.393968915625 0.4903512890625 0.393039965625 0.48831453593749996 0.388362184375 0.45220576718750005 0.40731910468750004 0.3824921125 0.44496386093750007 0.3823249140625 0.44745839062500004 0.3797035640625 0.44646965156249996 0.3793738453125 0.448786171875
54 0.0269827921875 0.1934121171875 0.012283948437500001 0.196269284375 0.00128564375 0.2113400640625 0.0106432625 0.24583280625 0.0145694359375 0.269443228125 0.0268837234375 0.28843864531249996 0.0466671234375 0.298421425 0.049891028125 0.2977947609375 0.0557485984375 0.28680724375 0.0486663203125 0.27425613125 0.04780160625 0.2629835484375 0.054725221874999994 0.25765837187499996 0.074682271875 0.2682043015625 0.08220566875 0.2523167140625 0.0896358984375 0.235949815625 0.0843907921875 0.226026115625 0.078066959375 0.22078888124999999 0.0918472203125 0.216618009375 0.1132294703125 0.21743592343749998 0.123561021875 0.219407034375 0.14089625625 0.2130528859375 0.151760340625 0.207015828125 0.1509990421875 0.2030992890625 0.1304861109375 0.1902054 0.1043769921875 0.19577791875 0.0874814 0.19756982812499999 0.047606596875000004 0.1869161546875 0.0316965625 0.1835422890625 0.0269827921875 0.1934121171875
39 0.3099356875 0.3602610828125 0.3201398421875 0.3468369296875 0.3344779 0.34451208125 0.334167725 0.342916375 0.3289675984375 0.337659684375 0.3137228421875 0.3411203859375 0.29360565312500003 0.3365746265625 0.287639921875 0.3536516953125 0.30726433124999997 0.3607803421875 0.3099356875 0.3602610828125
6 0.369643246875 0.664632003125 0.35976279375 0.6609659171875 0.354856625 0.6619195796875 0.3398893765625 0.66714914375 0.34061939531249996 0.6709047625 0.342600990625 0.67703579375 0.344971396875 0.6765750328125 0.36971797500000003 0.66501645 0.369643246875 0.664632003125
6 0.38914146875 0.6414269984375001 0.3917225109375 0.6717653515625 0.4045041171875 0.6692808578125 0.40427121250000003 0.6462458328125 0.40316453281250003 0.640552459375 0.38914146875 0.6414269984375001
6 0.1706355359375 0.8218846296875 0.1689165546875 0.822218765625 0.1588015609375 0.8277166046875 0.176688859375 0.8461759000000001 0.178503846875 0.845823103125 0.1889555046875 0.8405644921875 0.1881524015625 0.836432884375 0.1706355359375 0.8218846296875
6 0.9019696484375 0.766414765625 0.8922090578124999 0.76499258125 0.8840105578124999 0.7886666921875001 0.8841822984375 0.789550221875 0.89577565625 0.7901651578125 0.9021727187499999 0.767459475 0.9019696484375 0.766414765625
6 0.46817326406250004 0.6271590984375 0.46788939531249996 0.6272142765625001 0.4639946390625 0.6337911578125001 0.48320385000000005 0.6512971109375 0.48361441875000005 0.6512173046874999 0.493028765625 0.644290090625 0.492630159375 0.6422394390624999 0.46817326406250004 0.6271590984375
6 0.6622118734375 0.3822165328125 0.6690671609375001 0.3986916453125 0.680185603125 0.3965304390625 0.6749003078125 0.3792527296875 0.6622118734375 0.3822165328125
6 0.7725331015625 0.3543747921875 0.7722965734375 0.3531579609375 0.7643764984375 0.3461915828125 0.755096 0.3564516734375 0.7379602015625 0.3672438390625 0.7526506578125 0.3665272109375 0.7557473578125 0.3659252734375 0.7725331015625 0.3543747921875