6 0.3349742953125 0.1335650453125 0.3306271078125 0.13030435468749998 0.308823375 0.13994366875 0.31216776562500004 0.143484059375 0.315872159375 0.14322502343750002 0.334995709375 0.133871290625 0.3349742953125 0.1335650453125
6 0.3133393109375 0.1825600234375 0.3132458109375 0.18122292812500002 0.3125375140625 0.1801345171875 0.300287859375 0.17287645000000001 0.2958239734375 0.176208 0.307670446875 0.1829564296875 0.3133393109375 0.1825600234375
6 0.3820695640625 0.24707489531250001 0.38187848281250003 0.244342303125 0.38011635625 0.237014209375 0.3742832078125 0.23515755 0.3690202921875 0.23665784374999999 0.3721189359375 0.247386503125 0.377310634375 0.24966544218750003 0.3820695640625 0.24707489531250001
6 0.3830303109375 0.277591259375 0.3954784765625 0.2817594296875 0.39655575 0.2816841 0.3985059765625 0.28053234531250004 0.3984649421875 0.2799455328125 0.38604058124999996 0.2726629421875 0.38001045625 0.2679893671875 0.3742959125 0.27030263125 0.374357321875 0.2711808234375 0.376385 0.273715553125 0.3830303109375 0.277591259375
6 0.515840734375 0.32334467031249997 0.5156629625 0.3208024046875 0.5139820734375 0.3194338296875 0.5099101328125 0.31877500312499996 0.48927312343749996 0.3355038140625 0.49082858749999997 0.336178203125 0.5035387906250001 0.3352894203125 0.515840734375 0.32334467031249997
35 0.4503912546875 0.39511958125 0.45432075625 0.4033368734375 0.4668012265625 0.418693446875 0.46760343125 0.41925066875 0.481987565625 0.4182448328125 0.5465197671875 0.4072688890625 0.5499068765625 0.4073248171875 0.5498266203125 0.40617709375000005 0.5436180984375001 0.3993571484375 0.5241695796875 0.3707118015625 0.5224008015625 0.364607965625 0.5191278921875 0.36578039375000004 0.449113915625 0.39124593281250003 0.4503912546875 0.39511958125
35 0.5247469046875 0.36181608593750003 0.5234153874999999 0.3644692015625 0.5234575953125 0.36507278125 0.53016385625 0.3769117390625 0.537295046875 0.387735840625 0.5454672031250001 0.3990532859375 0.547723365625 0.4026839296875 0.5589254718750001 0.4019006015625 0.5588711171875 0.40112330625 0.5573022 0.3955837265625 0.54237210625 0.373982215625 0.5364525953125 0.3660927890625 0.5325044015625 0.36240590625 0.5278960671874999 0.363671715625 0.5247469046875 0.36181608593750003
6 0.474837984375 0.45007108906250004 0.47600926718750003 0.44810815000000004 0.4759641546875 0.44746300781250004 0.47372367656250003 0.43384894999999996 0.4686107703125 0.43269677656249994 0.4640419140625 0.43376251874999994 0.4651081125 0.4490098546875 0.468590540625 0.45050795312499997 0.474837984375 0.45007108906250004
6 0.634927759375 0.5814112296875 0.6355470171875 0.579266221875 0.6354822671875 0.5783402515625 0.60280220625 0.576514890625 0.591798065625 0.5774730875 0.590909121875 0.58395148125 0.599589396875 0.583344496875 0.6042483484375001 0.5835565421875 0.634927759375 0.5814112296875
6 0.5277744953125 0.6499904187500001 0.5439196328125 0.648861440625 0.5581895859375 0.6440893328125 0.5859883984375001 0.632122996875 0.5858767312500001 0.6305260875 0.5791079234375001 0.626586 0.5706508890624999 0.6303854906249999 0.54246448125 0.639904984375 0.522335590625 0.6447093625 0.5181005078124999 0.6465152093750001 0.5277744953125 0.6499904187500001
6 0.8919790093750001 0.701272215625 0.903344596875 0.70047745625 0.9070257484375001 0.6985013437500001 0.9069650515625 0.697633340625 0.8778319515625 0.6785166968749999 0.8675930062500001 0.676024559375 0.8665054937500001 0.679018575 0.8667857765625 0.6830268125 0.867555621875 0.6850853828125001 0.8919790093750001 0.701272215625
6 0.27039289218749996 0.4575500375 0.2770858421875 0.44808868124999995 0.277035596875 0.44737014531249997 0.2745996984375 0.4457443921875 0.26491785156250003 0.44642141406249997 0.256234028125 0.4613708109375 0.25825736093749996 0.46208325156249996 0.2682350109375 0.4613855453125 0.27039289218749996 0.4575500375
6 0.2234774125 0.41126057656250004 0.23453475 0.41048737187500006 0.251933934375 0.40368480625 0.25109550468749997 0.4012901703125 0.24430018437499998 0.40006693125000004 0.224741525 0.40822826250000005 0.22292222968750003 0.41099745781249997 0.2234774125 0.41126057656250004
57 0.47790225781249995 0.5485346890625 0.4760742953125 0.5486625125 0.461188746875 0.5529492703125001 0.44145937343749997 0.5586692734375001 0.44523976875000004 0.563349196875 0.45624829375 0.5625794046875 0.4834859296875 0.5551643515625 0.47790225781249995 0.5485346890625
57 0.47664280000000003 0.4969343484375 0.492540803125 0.49174174062500003 0.5115965765625 0.4866439234375 0.5115919812499999 0.4865782109375 0.5080143890625 0.48273378749999996 0.4869627203125 0.48873496875000005 0.46829319375 0.4945586484375 0.4682991453125 0.4946437578125 0.470267675 0.49738014062499997 0.47664280000000003 0.4969343484375
35 0.5271089421874999 0.6860817421875 0.5272073953125 0.6874896828125 0.60838040625 0.7158760187500001 0.625888959375 0.7023853765625 0.6432793218749999 0.6872045828125 0.650714084375 0.6783813359375 0.6576968 0.66789128125 0.659553478125 0.6560612609375001 0.6615086703124999 0.63694418125 0.6612126843749999 0.63271138125 0.6308302 0.633914565625 0.61082505625 0.635690884375 0.593530165625 0.6378438265625 0.561958221875 0.6421273890625 0.5476811703125 0.6442580140625 0.5271089421874999 0.6860817421875
6 0.7393841531249999 0.7173964828125 0.7281249437499999 0.7195047953125 0.713135225 0.725836934375 0.69110825 0.7322837390625 0.676970090625 0.7411983109375 0.691514009375 0.743483771875 0.7146104046875 0.741868715625 0.7391649328125001 0.7334523953125001 0.7532450046875 0.728504853125 0.760916140625 0.7230619046875 0.7691575046875 0.720975909375 0.760435821875 0.7113953046875 0.7393841531249999 0.7173964828125
58 1 0.85436433125 0.9522879578125 0.8607915859374999 0.9493509171875001 0.871564875 0.9550658765625 0.8717313828125001 0.9540587468749999 0.876519625 0.973919440625 0.8726775671875 0.9866979203125 0.8731049953125 0.9938720546875001 0.8701500671875 1 0.8695045359375 1 0.85436433125
57 0.638611290625 0.637465525 0.6399247953125 0.6194719906249999 0.639869703125 0.6186841515625 0.6282183109374999 0.6183774375 0.6189511249999999 0.6297820859375001 0.615398896875 0.6413532453124999 0.62272735625 0.6433506671875 0.6273998749999999 0.6430239328125 0.638611290625 0.637465525
6 0.7587015046875 0.974096809375 0.7585805734375 0.9723674015625001 0.707100759375 0.9543229265625 0.6958435640625 0.96605544375 0.7325117328124999 0.9770786703125 0.7455241609375001 0.9824859125 0.74956679375 0.9822032234375 0.7587015046875 0.974096809375
57 0.7262595968750001 0.891769528125 0.708046978125 0.8879950125 0.7062268203125 0.888122290625 0.696522090625 0.9030959 0.72747940625 0.910130896875 0.729090534375 0.9100182359375 0.7291497203125 0.9098762625000001 0.728134175 0.8953532937500001 0.7262595968750001 0.891769528125
57 0.563543346875 0.59727748125 0.5646292546875 0.5954652828125 0.5642793359375 0.590461215625 0.561283128125 0.5889434609374999 0.5339220171875 0.600669796875 0.5334536765625 0.6026038265625 0.5496732484375 0.60146964375 0.55830669375 0.5991533671875 0.563543346875 0.59727748125
57 0.2593491125 0.12211645156249999 0.24490289375000002 0.1227869484375 0.2449581609375 0.12312276562499999 0.2593491125 0.12211645156249999
57 0.69442438125 0.9673199859375 0.6470167203125 0.9706350515625 0.654993909375 0.9887597890625001 0.69664984375 0.9826909 0.6958500296875 0.9712530078125001 0.69442438125 0.9673199859375