20 0.51997710625 0.3302148828125 0.5270404421875 0.3386364546875 0.5280085718749999 0.346027684375 0.5309353203125 0.341224940625 0.570812428125 0.3078255734375 0.5714477640625 0.289631915625 0.5705350499999999 0.287018375 0.5629944515624999 0.283485084375 0.517435928125 0.306418890625 0.5123658796874999 0.31114678906250004 0.5126788671875 0.3197413796875 0.51997710625 0.3302148828125
20 0.6283731359375 0.4306072078125 0.628686125 0.43920179687500005 0.622263675 0.4299851140625 0.6150292625 0.42646251562500004 0.6102932609375 0.44796065625 0.6142160015625 0.4673086890625 0.6318085609375 0.53413984375 0.6412364953125 0.527520396875 0.6555206359375 0.5222967703125 0.662683765625 0.52786060625 0.66697036875 0.5280102984374999 0.6765187109374999 0.5043358546875 0.6766785890625 0.4997575546875 0.6569054515625 0.42996859374999996 0.6476553953125 0.440272965625 0.6423938609375 0.42414814375 0.6300540828125001 0.4175860421875 0.6252759625000001 0.42273288124999997 0.6283731359375 0.4306072078125
4 0.5340089906250001 0.4190144 0.5237969515625001 0.43203910156249997 0.5251566078125001 0.43208658125 0.5337993937500001 0.42754037812499995 0.5340864812499999 0.4193192875 0.5340089906250001 0.4190144
4 0.5357116015625001 0.47242028437499994 0.5328708468750001 0.4792595421875 0.5491714203125 0.47982877031250004 0.5500785390625 0.45385225937499996 0.5357116015625001 0.47242028437499994
4 0.7323509578125 0.4889692484375 0.7317664484375 0.5057074109374999 0.735205125 0.521359828125 0.7432942640625 0.5179635953124999 0.7590591125 0.5230103203125 0.7614305171875 0.5165531984375 0.7655324375 0.504434071875 0.7693920015625 0.49925515468750004 0.772146396875 0.49697380156250004 0.77253405 0.485872859375 0.7710804 0.477241846875 0.7638249312500001 0.465543596875 0.7547744625 0.47013249687499997 0.7452256734375 0.47143403125 0.7378914671875 0.47076916718749995 0.7323509578125 0.4889692484375
4 0.8731611359375 0.566226775 0.8679627796875 0.57462890625 0.8747274515625 0.5881314875 0.88763945 0.588582384375 0.8944156203125001 0.580866353125 0.8985100890625001 0.5777393703125 0.9023696515624999 0.5725604546875 0.8878084875000001 0.5593808499999999 0.8786439703125 0.56723573125 0.8731611359375 0.566226775
4 0.747308971875 0.39004886562499996 0.7441975421875 0.38258278749999997 0.735959034375 0.3814776015625 0.737464690625 0.39103351875 0.7445487187500001 0.39128089843749997 0.747308971875 0.39004886562499996
4 0.6364965312499999 0.3770692890625 0.6367631312500001 0.3843900375 0.6395937796875 0.3844888859375 0.6432346578125 0.3829523890625 0.6435034 0.3752566203125 0.6364965312499999 0.3770692890625
4 0.6169921281249999 0.289928240625 0.61682850625 0.28583506875000003 0.62051764375 0.267979084375 0.613528521875 0.2600659265625 0.6134049671875 0.26006161250000004 0.607678896875 0.27570565937499997 0.6043814828125 0.29112285 0.6071867281250001 0.298578234375 0.6180702 0.302437740625 0.6186667296875 0.302458571875 0.6169921281249999 0.289928240625
4 0.5695691984375 0.3767860828125 0.578536984375 0.38704709375 0.5805795453125 0.387118421875 0.5839263703124999 0.3800056046875 0.584021175 0.37729075624999997 0.5695691984375 0.3767860828125
4 0.5983428390625 0.459657540625 0.598553178125 0.45363423281250004 0.5984533437499999 0.4527621671875 0.5854869375 0.44658693125 0.5807373296875 0.45091727343750004 0.5968614984375 0.45960581093749997 0.5983428390625 0.459657540625
4 0.6809873765625001 0.4659128640625 0.671911653125 0.4576180109375 0.6654817484375 0.45739347343750003 0.6689114375 0.47619292187499995 0.6756104265625 0.4764268546875 0.680856803125 0.46965201562500003 0.6809873765625001 0.4659128640625
4 0.549164325 0.5175608609375 0.541950321875 0.539789959375 0.5525385218750001 0.5438384203125 0.5532891421875 0.54099829375 0.55392578125 0.5227673328125 0.549164325 0.5175608609375
4 0.4801432640625 0.6400019796875 0.49045379375 0.6432232515625 0.5078338265625 0.6338399015625 0.5080984953125001 0.6262607953125 0.5053367 0.6208532109375 0.48836816875 0.6239393703125 0.4845018 0.6205343859375 0.468188409375 0.6224171843749999 0.45924454062500003 0.6327322468750001 0.4801432640625 0.6400019796875
4 0.3591312875 0.6388386734375 0.3591853703125 0.6372899234375 0.3566050828125 0.6260262015625 0.34472766250000003 0.632560109375 0.348173446875 0.6432260796875 0.349776984375 0.6432820765625 0.3533789515625 0.6394021515625 0.3591312875 0.6388386734375
4 0.6263115375 0.6423932359375 0.6281616046875 0.6436227671875 0.6304065296875 0.6437011609375001 0.63520036875 0.6130243234375 0.6359550890625 0.59141196875 0.636061865625 0.582648103125 0.6264132828125 0.5868073703125 0.6166506484375 0.5942326203125 0.622375190625 0.6058774046875001 0.624368475 0.6190268750000001 0.6263115375 0.6423932359375
4 0.6511447515625 0.5464311234375 0.6473558203125 0.5671448421874999 0.650794496875 0.5827972625 0.6582780703125 0.5879635421875 0.6619916328125 0.5885198500000001 0.6710428375 0.5888359249999999 0.678571878125 0.5862197421875 0.6884057921875 0.5767532531249999 0.69173106875 0.5780956125000001 0.6960335625 0.5723034984375001 0.6962046671875 0.567403721875 0.6915321296875 0.5662350390625 0.692621765625 0.561368140625 0.6964875187499999 0.5593039078125 0.6965533765624999 0.5574179781249999 0.6933766984374999 0.557307046875 0.6920596140625 0.5511298671875 0.6859216406249999 0.5513242703125 0.678729996875 0.5465769296875 0.6627587578125 0.538661778125 0.6511447515625 0.5464311234375
4 0.603613775 0.6883968890625 0.6109052125 0.6902864937500001 0.6139352375 0.6847209624999999 0.613956621875 0.6841085859375 0.6052091828124999 0.6778252124999999 0.5941579765625 0.6782567875 0.593701775 0.6913207203125 0.596969528125 0.6941274453124999 0.598939325 0.6941962312500001 0.603613775 0.6883968890625
4 0.60514210625 0.5411945015625 0.6104546796875 0.5291500828125 0.6139367765625 0.5260017125 0.61912768125 0.5265917296875 0.6212531328125 0.519935275 0.621351775 0.5171105218750001 0.6079983906249999 0.5204806453125 0.59921879375 0.5173128359375 0.5799643953125 0.524406625 0.5901323609375 0.5317103765625 0.6050739296875001 0.5411921203125 0.60514210625 0.5411945015625
4 0.6663370875 0.6168137406249999 0.666747975 0.6050474671875 0.6649886984375 0.5966091484375 0.6607020968749999 0.5964594562500001 0.6606301640625001 0.616076740625 0.66353165 0.616715771875 0.6663370875 0.6168137406249999
4 0.696638671875 0.5567311968750001 0.7002911921874999 0.566259896875 0.6991587906250001 0.5723515375 0.70392945625 0.5761968468750001 0.7049403546875 0.5823633328125 0.7086145875 0.5824916390625 0.7078651265625 0.5885583359375001 0.714327253125 0.5887839984375 0.7174084406250001 0.585251203125 0.7144395734375 0.5737026468749999 0.7159426390625 0.5569965609375 0.7129595156249999 0.5458562515625001 0.702698559375 0.549994134375 0.696638671875 0.5567311968750001
4 0.7221457874999999 0.6304327796875 0.7134402343749999 0.627997721875 0.707245234375 0.6298251171875 0.71123245625 0.6385480140625 0.71582524375 0.638708396875 0.72208319375 0.632225203125 0.7221457874999999 0.6304327796875
4 0.6802199203125 0.6373475171874999 0.6849868140625001 0.6409167890624999 0.6920654484375001 0.64116398125 0.6925917421875 0.6260929140625 0.6802199203125 0.6373475171874999
4 0.681762546875 0.6611290765625 0.684851196875 0.661236934375 0.6864941265625 0.65980749375 0.6851702390625001 0.6450464171875 0.68275671875 0.6351522375 0.679844225 0.639546734375 0.680064221875 0.65958295625 0.681762546875 0.6611290765625
4 0.6977346671875 0.660291990625 0.706785971875 0.6673375734375 0.7068725078125 0.6648594906249999 0.7029054312499999 0.654050140625 0.7027696156250001 0.6540453984375 0.6977346671875 0.660291990625
4 0.5234182421875 0.5905034078125 0.5237138296875 0.5820389140625 0.520291440625 0.5815022937500001 0.515349696875 0.5825559625000001 0.5175459359375 0.5928564093750001 0.519472990625 0.5929237046875 0.5230111468749999 0.5914071671875 0.5234182421875 0.5905034078125
4 0.6435444359375 0.6347792328125 0.6455487343749999 0.6300858328125 0.64612416875 0.61360755 0.634598153125 0.6230270499999999 0.6369193328125 0.6267868187500001 0.644830596875 0.6197056609375 0.6379017203124999 0.6337697999999999 0.641524659375 0.6347087 0.6435444359375 0.6347792328125
4 0.49439914375000005 0.8309140015625 0.4980697 0.8239050984375 0.498177178125 0.8208272875 0.49169369218750003 0.8206008796875001 0.48647427343749994 0.8208273593750001 0.48258619999999997 0.826822771875 0.482872334375 0.8339807046875001 0.48884438750000003 0.834189253125 0.49439914375000005 0.8309140015625
4 0.6628278390625 0.62732369375 0.6586267734375 0.6247245140625 0.6584699546875 0.629215240625 0.6688112671875001 0.6355053328125 0.6688342421875 0.6348474359375 0.6628278390625 0.62732369375
4 0.6755804421875 0.626453375 0.6782887390625 0.6375559828124999 0.6789620265625 0.63757949375 0.6798955578125 0.6257865703125 0.6755804421875 0.626453375
4 0.6232855828125 0.7303620515625 0.62197713125 0.7278332296875 0.6206657250000001 0.7277874343749999 0.60685985 0.7326088000000001 0.6092165375 0.736768334375 0.6101637671875 0.7368014125 0.6163373546875001 0.73334850625 0.62320968125 0.73253558125 0.6232855828125 0.7303620515625
4 0.663710996875 0.6472437281250001 0.659516503125 0.6431542515625 0.6591895421875 0.6431428343750001 0.6586635875 0.6497870203125 0.6545548625000001 0.6533222515625 0.6620523046875 0.6557504234375 0.6631533703125 0.6557888734375 0.6634378937500001 0.6550643421875 0.663710996875 0.6472437281250001
4 0.61272360625 0.5445861578125 0.6073538468749999 0.5496918984375 0.6118174515625 0.5508083234375001 0.61391865 0.5508816999999999 0.6139996437499999 0.5485623421875 0.61275083125 0.5445871078125 0.61272360625 0.5445861578125
4 0.5882075546875 0.615579871875 0.5820583046875 0.6125856656249999 0.5820469 0.612912265625 0.5832577796875 0.621729809375 0.5871072515625 0.6218642359375 0.587999828125 0.621528384375 0.5882075546875 0.615579871875
4 0.643320075 0.7386777078125 0.6306112578125 0.7444392375 0.6305883156250001 0.7450962328124999 0.632779996875 0.74853535625 0.6344027750000001 0.748592025 0.6433121875000001 0.7389035515625 0.643320075 0.7386777078125
4 0.7389485687499999 0.7760639203124999 0.733981871875 0.7672977359375001 0.7348644640625001 0.7771384546875 0.73236481875 0.78551220625 0.73233354375 0.7864077953125 0.7385797359375 0.7866259171875 0.7389485687499999 0.7760639203124999
4 0.8194510125000001 0.8203971640625 0.82027403125 0.8200926187500001 0.820802421875 0.8049614984375 0.817557521875 0.804389959375 0.8194510125000001 0.8203971640625
4 0.6598120203125 0.3559529984375 0.652445734375 0.35752362187500003 0.6538483578125 0.3612513140625 0.6562841453125 0.3647468453125 0.6566357796875 0.364759125 0.6596788874999999 0.35976543906249997 0.6598120203125 0.3559529984375
4 0.653027034375 0.639792428125 0.644713771875 0.6377553703125 0.6424564203124999 0.6409465109375 0.64602275625 0.6426830390625 0.652917684375 0.642923815625 0.653027034375 0.639792428125
4 0.6386161296874999 0.649523990625 0.63609053125 0.6450339203125 0.63465194375 0.6511148718750001 0.6364688187499999 0.654857028125 0.63842750625 0.6549254265625 0.6386161296874999 0.649523990625
4 0.63749731875 0.7157995140625 0.6377277859375 0.719002540625 0.6395759953125 0.71906708125 0.6409490609375 0.7170318421874999 0.6412459609375001 0.70852971875 0.63749731875 0.7157995140625
4 0.6476384890625 0.7209120828125 0.6506842515625 0.7303991578125 0.6511245921875 0.730414534375 0.6530810203125 0.7277893234375 0.6531932281249999 0.7245761046875 0.6481155265625 0.720928740625 0.6476384890625 0.7209120828125
4 0.6767442171875 0.45310679531250003 0.669094225 0.44743893281249997 0.6652774296875 0.45139310468750005 0.6675621171875 0.4573843734375 0.669427509375 0.4574495140625 0.6766818406249999 0.454893015625 0.6767442171875 0.45310679531250003
4 0.687795471875 0.4948116296875 0.6816219859375 0.4925114453125 0.681584840625 0.49357515625000004 0.6836684046875 0.5001600328125 0.6837244671875 0.500161990625 0.6877604484375001 0.495814559375 0.687795471875 0.4948116296875
4 0.32247333125 0.467221940625 0.32659654531250004 0.4673659265625 0.33100049062500003 0.4594280546875 0.331028178125 0.45863519999999997 0.314707565625 0.45326287968749995 0.3045500171875 0.45575638749999997 0.304541009375 0.45601431875 0.3057494390625 0.463986190625 0.31344685625 0.46302875312499997 0.32247333125 0.467221940625
4 0.6866166921875 0.8858609359375 0.6783496734375001 0.8855722453125001 0.667768275 0.890107684375 0.6683553265625 0.890488390625 0.6787327515625 0.890850778125 0.6866166921875 0.8858609359375
4 0.83861734375 0.7425230578125 0.83591631875 0.7397645890625 0.826053890625 0.750047575 0.8271962046875 0.7521976140625 0.8358708625 0.752500540625 0.83845186875 0.7472616515625 0.83861734375 0.7425230578125
4 0.629745828125 0.37242420625 0.635799409375 0.3749756703125 0.6372576234375 0.3750265921875 0.6374047140625 0.3708144578125 0.629745828125 0.37242420625
4 0.8997465124999999 0.2706318453125 0.9026857250000001 0.271726971875 0.9066470046875 0.2718653015625 0.9069742546875 0.2624941015625 0.8997465124999999 0.2706318453125
4 0.9133277375000001 0.2767583 0.9241002093749999 0.264556534375 0.9241038734375 0.2644516109375 0.9110852906250001 0.261965146875 0.9133277375000001 0.2767583
4 0.9209601796875001 0.2614209625 0.9258232515625 0.2599864578125 0.9258424468750001 0.25943678124999997 0.917966359375 0.250586840625 0.9105683265625 0.2429710734375 0.905106553125 0.250137765625 0.9103327718750001 0.25849518437499996 0.915346765625 0.26122493750000003 0.9209601796875001 0.2614209625
4 0.938775028125 0.247267484375 0.9388271906250001 0.245773746875 0.9318049937499999 0.24363603281250001 0.9277834421875 0.2486253578125 0.9277752578125 0.248859746875 0.9327477953125 0.250888428125 0.9370269812500001 0.2510378609375 0.938775028125 0.247267484375
4 0.5900747749999999 0.965052425 0.5871592546875 0.9611352249999999 0.573347721875 0.960652915625 0.5713729890625 0.964661196875 0.5823814265625 0.9654543656250001 0.5864413703125 0.9704908703124999 0.5872742578125 0.9705199562500001 0.589961571875 0.9682941656249999 0.5900747749999999 0.965052425
6 0.7638900296875 0.017062509375 0.7639135453125 0.0163891125 0.7449920265625 0.020973490625 0.7449760046875 0.021432306249999998 0.7455969796875 0.023906187500000002 0.7538800250000001 0.0241954375 0.7629333265625 0.0216342953125 0.7638900296875 0.017062509375