45 0.180685628125 0.0318558953125 0.1874927265625 0.0319747140625 0.1871244671875 0.026376614062499998 0.20015183906249998 0.026115651562499998 0.20159007187500003 0.018327065625 0.1925109625 0.016215167187499997 0.18190840625 0.026773921875000002 0.180685628125 0.0318558953125
45 0.7963172234375 0.445016590625 0.7935580625 0.4389518875 0.7824238671875 0.442664384375 0.7834238078125 0.45181408906250003 0.7855626203125 0.451851421875 0.796299071875 0.44605647031249995 0.7963172234375 0.445016590625
45 0.4899361390625 0.4666405703125 0.484099865625 0.48096960624999996 0.496724265625 0.48118996562499994 0.49880313593750003 0.479039115625 0.49896477812500006 0.4697786609375 0.4899361390625 0.4666405703125
45 0.41744695781249996 0.484412996875 0.4137621046875 0.47915582968750003 0.3956574421875 0.47932467812499996 0.39554659999999997 0.4856748546875 0.415812609375 0.48602860000000003 0.417441915625 0.4847018515625 0.41744695781249996 0.484412996875
45 0.7139969578125 0.9383474234375001 0.70237373125 0.9327726265624999 0.6957450046875 0.9394939000000001 0.700386040625 0.9426271328125001 0.70902589375 0.9427779421875 0.7139969578125 0.9383474234375001
29 0.5376455359375 0.9694785093749999 0.5921339375 0.9440584031249999 0.5883134984375 0.9391081609375 0.5357779265625 0.9645623531249999 0.5376455359375 0.9694785093749999
57 0.4467694328125 0.23699668593749998 0.440627365625 0.2307587359375 0.4306416640625 0.24328168125 0.4349766984375 0.2560545953125 0.44547699375 0.251354321875 0.4465866765625 0.24746684531250002 0.4467694328125 0.23699668593749998
29 0.16416563125 0.1330431421875 0.1618989328125 0.128608375 0.10218595 0.15491399687500002 0.096498271875 0.159947878125 0.096495975 0.1600795265625 0.164155240625 0.1336383765625 0.16416563125 0.1330431421875
6 0.4092851859375 0.3346220890625 0.4046092859375 0.34137745 0.4174577015625 0.35136883281250003 0.42448352187499994 0.3498761375 0.42451154375 0.34827068906249997 0.4092851859375 0.3346220890625
6 0.8564775015625001 0.5348399781250001 0.8505082375 0.5410844078125 0.8672878734375 0.5496793421875 0.8679615406250001 0.5483888203125 0.8681010984374999 0.5403935468750001 0.8564775015625001 0.5348399781250001
6 0.0264366125 0.6821388953125 0.021445671875 0.677099853125 0.00178105 0.6845702953125 0.0045113374999999995 0.6866934640625 0.015590920312500001 0.686886859375 0.0264049828125 0.68395093125 0.0264366125 0.6821388953125
6 0.7698238328125 0.9780007109375 0.7839072 0.9769279765625001 0.7840349875 0.9696069968750001 0.7699346140625 0.9716540218749999 0.7698238328125 0.9780007109375
6 0.918073934375 0.96205426875 0.918660634375 0.962015675 0.9188178703125001 0.9620672546875 0.9279357140625001 0.9622264078124999 0.9279472171875 0.9615673250000001 0.9259147421874999 0.956770384375 0.9089731921875 0.9574513796874999 0.907404159375 0.9615424562499999 0.907398478125 0.961867928125 0.918073934375 0.96205426875
6 0.532880471875 0.8787565296875 0.5313027109374999 0.8787289906250001 0.5112940296875 0.88814685 0.5153978593749999 0.89407875 0.516670534375 0.8941009640625 0.5370581265625 0.8837589703125 0.5370821265625 0.8823840140625 0.532880471875 0.8787565296875