35 0.74907876875 0.23356926875 0.82412145625 0.3229149421875 0.8431429203125 0.33141269218749997 0.85714744375 0.3324911109375 0.8805928796875 0.3308516453125 0.8996787906250001 0.32592371875000004 0.9174179640625001 0.3160838953125 0.9250492703125 0.306668440625 0.9228852828124999 0.275721971875 0.9049653328125 0.196563359375 0.8854222937499999 0.21574294374999997 0.858502925 0.2289887921875 0.8210754437500001 0.23836263125 0.7811402828125 0.24115517031249997 0.74907876875 0.23356926875
41 0.792654009375 0.1452885234375 0.7770392734375 0.1503729828125 0.766078028125 0.1575890015625 0.7569391328124999 0.1674416765625 0.7553489796874999 0.1798376953125 0.7565685984375 0.1914229984375 0.76102685625 0.20247470937499998 0.7661932625000001 0.2119413046875 0.7754346859375 0.2211229421875 0.7931908984375 0.22909492656250002 0.8128563906249999 0.235090678125 0.8319052171875001 0.237144659375 0.8732341609375001 0.23425465937499998 0.898646896875 0.2263275328125 0.9142203328124999 0.21479643125 0.9212134203125 0.20939349687500003 0.9315320765624999 0.198844084375 0.9372823890624999 0.1904185765625 0.9356290453125 0.16677465 0.9353792265624999 0.1660202703125 0.91249935 0.1491929484375 0.8853064843749999 0.140959475 0.850648915625 0.13724055625 0.8191644312499999 0.1379065609375 0.792654009375 0.1452885234375
20 0.43068423749999996 0.65220353125 0.429994575 0.6657650671875001 0.43801205000000004 0.6808675859375 0.44242756562499996 0.6913080484374999 0.4430259671875 0.6998655828125 0.44186324531250004 0.7183741296874999 0.4406777078125 0.7424124421875 0.4371554609375 0.762314465625 0.4376042625 0.7687326156250001 0.44950585312499997 0.7749641515625 0.4592650265625 0.7753873578125 0.46439077500000003 0.7750289312499999 0.47541498750000005 0.7706954421875001 0.4829524671875 0.73208540625 0.4875276890625 0.7038174953125 0.48740090468749997 0.69614834375 0.50121755 0.67706206875 0.5109164328125 0.6576494953124999 0.5209468453125 0.5755602921875 0.519818559375 0.559425059375 0.51255105625 0.5521927984375 0.49745356718749995 0.547106103125 0.47817276093750005 0.5466116249999999 0.4592338984375 0.551007165625 0.44632062968749997 0.5595881671875 0.43068423749999996 0.65220353125
6 0.3193136703125 0.7178221453125 0.33252939531250003 0.7033839328125 0.33242993906249996 0.7019616265625 0.32547313906249997 0.6966838203125 0.3185655390625 0.7033092625 0.30690890312499997 0.7177828468749999 0.3069533921875 0.7184190640625 0.3076520171875 0.7186376078125 0.3193136703125 0.7178221453125
6 0.41352231875 0.5848734703125 0.4040190109375 0.5820483484375 0.38615160937500004 0.5900544125 0.388505146875 0.5955101453125 0.389209734375 0.5954608765625 0.413548290625 0.5852448781249999 0.41352231875 0.5848734703125
6 0.27342545937499996 0.9015948859374999 0.2742782734375 0.9089291828125001 0.3054551171875 0.9067490859375 0.323108790625 0.90465331875 0.32252826562500003 0.8963514265624999 0.27342545937499996 0.9015948859374999
6 0.20885549218750002 0.871942884375 0.1915451921875 0.8820598390625 0.1952918796875 0.88469245625 0.1994236015625 0.8844035375000001 0.2141515703125 0.877407840625 0.22584088906250002 0.8747477187499999 0.23452809531250002 0.87014768125 0.22880314531249998 0.8644055953124999 0.2177564140625 0.870399109375 0.20885549218750002 0.871942884375
11 0.23250232187500003 0.503211021875 0.22913256406250002 0.513581640625 0.2299019375 0.5245841859375 0.23208760156250002 0.5324164859375 0.235301984375 0.543248059375 0.24697525781250002 0.5568511 0.275745075 0.55483931875 0.3903877 0.5357817375 0.40458614375 0.5338675234375 0.41745377812499995 0.5363460578125 0.42236245937500005 0.5320985375 0.419691009375 0.493895015625 0.41230036718749996 0.47436092187499995 0.4039608796875 0.460509403125 0.3935824390625 0.45263575625 0.3812505328125 0.4519624828125 0.37633769687499996 0.4578341953125 0.23250232187500003 0.503211021875
41 0.3782417890625 0.5012046921875 0.37965519375 0.5097052359375 0.383577725 0.5189516875 0.39015897499999996 0.5310834296875 0.4000871734375 0.5383743187500001 0.4144337734375 0.5444348828125001 0.4263189109375 0.5458764859375 0.44287255468750003 0.5447189421874999 0.446368503125 0.544351634375 0.45567692656250003 0.5427793640624999 0.4589072359375 0.539528021875 0.45696627031250003 0.5117709171875 0.4539501671875 0.50051745625 0.44977118125000004 0.487603490625 0.442782428125 0.47550024375 0.43345551875000005 0.46509609999999996 0.4226823265625 0.4584171140625 0.4195722828125 0.458634590625 0.415441403125 0.45929199374999996 0.41080784374999996 0.463301453125 0.4001686109375 0.469266471875 0.3892287390625 0.47678811718749997 0.3806896875 0.48936293124999997 0.3782417890625 0.5012046921875
42 0.4878940015625 0.5263475296875 0.5263045703125 0.5310324953125 0.5364958093750001 0.5291285828125 0.53648520625 0.5289769453125001 0.519271628125 0.5241533921875 0.487423828125 0.5196237515625 0.268377903125 0.4803548359375 0.268692009375 0.484846771875 0.2688648921875 0.4860746921875 0.4878940015625 0.5263475296875
6 0.4212063515625 0.5103315859374999 0.4183310234375 0.51606081875 0.4338787578125 0.5217302703125 0.43707559375000005 0.51851261875 0.43693536093749996 0.5165071875 0.4212063515625 0.5103315859374999
6 0.49443125156249995 0.5099606078125001 0.494286471875 0.5078901484375 0.4918090109375 0.5041200124999999 0.4669927109375 0.512304871875 0.4681847109375 0.5163215812499999 0.47349612499999993 0.5159501703125 0.4801823640625 0.5135324078125 0.49443125156249995 0.5099606078125001
6 0.361221925 1 0.377187153125 0.9836299343749999 0.37712912656249997 0.9828001171875 0.3678544921875 0.9775688390624999 0.3666009984375 0.977656490625 0.354372871875 0.993360846875 0.3544786609375 0.9948737 0.3570741546875 0.998684771875 0.3571661234375 1 0.361221925 1
6 0.453918734375 0.3669528703125 0.4485397125 0.3673290078125 0.45214184375000005 0.38429123593750003 0.4524689515625 0.38428371875 0.4574251546875 0.3839371484375 0.4569829328125 0.3776130859375 0.4542050546875 0.3669482046875 0.453918734375 0.3669528703125