12 0.5791097109375001 0.44887852031250003 0.576529453125 0.44742478593749996 0.574339840625 0.4458516203125 0.57193873125 0.4449838578125 0.5683333296875 0.44576576718750005 0.5660790203125 0.4467753515625 0.5613340265625 0.4466241859375 0.55676818125 0.447058990625 0.5539117265625 0.4488934109375 0.5524959359375 0.4512484875 0.5513239953125 0.45160678593750003 0.5486466890624999 0.45402717499999995 0.549306059375 0.4547867 0.5470194015625001 0.45708765625 0.5495349640625 0.46112413906249994 0.542535659375 0.46198255781249997 0.5325654484375 0.46150667343749996 0.5252974218750001 0.461486134375 0.5247525015625001 0.46389533125 0.5230032921875 0.46795420156249995 0.5196840218750001 0.47665791718749995 0.5167230468749999 0.4865335703125 0.5153570140625 0.49464012031250004 0.5145607765625 0.5032132046875 0.5138789906250001 0.5149550140625 0.51401831875 0.52099946875 0.5134982781249999 0.5262844046875 0.514361675 0.5305056328125 0.5147448515625 0.534553309375 0.5196689953125 0.535290446875 0.5236326953125 0.53568048125 0.527116171875 0.5358969609375 0.5305996515625 0.536113440625 0.5343842015625 0.5359174999999999 0.5363374375000001 0.5353203359375 0.5372083062499999 0.5353744546875 0.5401219875 0.535124396875 0.5443867609375 0.535102009375 0.5530382281249999 0.5340588453125 0.5576040734375 0.5336240390625 0.5593595671875 0.534136546875 0.5765547468750001 0.528879453125 0.5783083828125 0.5272940968750001 0.580537815625 0.5234087796875 0.5833942703125 0.5215743609375 0.5840611140624999 0.5181667734375 0.5850613765625 0.513055390625 0.58673595625 0.5003693171875 0.58717389375 0.4906242859375 0.587596890625 0.4892134796875 0.5882065078125 0.48422153124999995 0.5885225234375 0.47547489218749994 0.5884717359375 0.4740687671875 0.5830450390624999 0.45631884375 0.578614546875 0.4570391921875 0.577564528125 0.45639910156249996 0.5793386171875 0.455215965625 0.5809335546875001 0.4534468578125 0.5811774 0.45145007656249997 0.5791097109375001 0.44887852031250003
45 0.520797290625 0.540640090625 0.5230764796875 0.5425062453125 0.5250412812499999 0.5429948062500001 0.5290063578125 0.5417825609375 0.5295955609375 0.541474275 0.5313696484375 0.540291140625 0.532272865625 0.5390538859375 0.5326062874999999 0.537350090625 0.5317677656249999 0.536004596875 0.52939900625 0.5338454593749999 0.52720939375 0.5322722921875 0.5251989296875 0.531285096875 0.5232780421875 0.530590884375 0.52214839375 0.530808103125 0.5193357421875 0.5316680171875 0.5185902734375001 0.5320240796875 0.5172068328125 0.5330877828125 0.5161816921875 0.5353234265625 0.51632849375 0.5372007734375 0.51812745625 0.538893371875 0.520797290625 0.540640090625
57 0.734222040625 0.39822818125000004 0.7378199703125 0.40161338124999996 0.7355009625 0.4052057140625 0.736486284375 0.40842855624999996 0.73747160625 0.41165139687499996 0.736915209375 0.41449460312499997 0.7373405015625 0.4158856703125 0.73923075 0.4188024828125 0.7435776265625 0.42324019062499996 0.7432118562500001 0.426235359375 0.745881690625 0.42798207968749996 0.7489993984375001 0.4311937265625 0.753012853125 0.4373352296875 0.7554637171875 0.4439544640625 0.7568073375 0.448349246875 0.7603729171875 0.453025821875 0.761634434375 0.45296050781249997 0.7626272281250001 0.4520162390625 0.7675818515625 0.4525037796875 0.7700722296875 0.45174239375 0.7679818375 0.4471754578125 0.765416521875 0.4373875015625 0.76290843125 0.42918390781250004 0.761360784375 0.42132741874999996 0.7609527328125 0.41440400468750005 0.76120405 0.40824011562500007 0.7616536421875 0.40455855625000003 0.761183375 0.40302038125 0.7574916671875 0.4016861953125 0.7530800953125001 0.399831234375 0.7470163578125 0.39816102343750004 0.74326415625 0.3970655875 0.7414651921875001 0.3953729875 0.734222040625 0.39822818125000004
6 0.2089587875 0.9651921859374999 0.20705776875 0.9869178875 0.21679160312499998 0.985223440625 0.2182922203125 0.96807371875 0.21698413125 0.9637951499999999 0.2089587875 0.9651921859374999
6 0.11546622343749999 0.4558083296875 0.11497152343749999 0.4679414609375 0.12058888125 0.46731332343750004 0.1215710796875 0.467013034375 0.121132746875 0.45788731718750003 0.12006708749999999 0.4544017046875 0.11546622343749999 0.4558083296875
6 0.158341825 0.5154620390625 0.15160673593750001 0.516922690625 0.15057055156250002 0.5274529171875 0.1505817203125 0.52748945 0.156996159375 0.5261676 0.158637296875 0.5164284828125 0.158341825 0.5154620390625
6 0.0566015578125 0.27193840156250004 0.0568525734375 0.2727594375 0.068359578125 0.2692413921875 0.06796969375 0.2679661328125 0.0566015578125 0.27193840156250004
6 0.0932664890625 0.28123330625 0.09134175312500001 0.2749377796875 0.0903058578125 0.2729117703125 0.0857972375 0.274930934375 0.08968876875000001 0.282070825 0.09163555 0.281731934375 0.0932664890625 0.28123330625
6 0.0785870328125 0.3007386671875 0.07786890625000001 0.303913646875 0.0863378171875 0.301324440625 0.08551149218750001 0.2986216484375 0.0785870328125 0.3007386671875
6 0.1180710671875 0.32103269375 0.11333381093749999 0.3224810171875 0.11254033125 0.32281971875000004 0.11673402031249999 0.3312448296875 0.1191413828125 0.330508825 0.12107389375 0.32943343281250004 0.11915167812500001 0.323146153125 0.1180710671875 0.32103269375
6 0.088359140625 0.42016460312500004 0.087761309375 0.4182091828125 0.0873400296875 0.41761715 0.0859565890625 0.418680853125 0.0762725078125 0.4261267703125 0.078750825 0.42781991250000007 0.08072966875000001 0.4272149203125 0.088359140625 0.42016460312500004
6 0.1860447828125 0.3033746625 0.20039483125 0.2949481859375 0.1996090390625 0.292377975 0.183586446875 0.30092253750000003 0.1860447828125 0.3033746625
6 0.1529553671875 0.23571476093750002 0.1543017671875 0.2364306546875 0.1602820203125 0.2346023078125 0.1660982421875 0.23086712031249998 0.1651375078125 0.2277246984375 0.1529553671875 0.23571476093750002
6 0.2146101625 0.1965216484375 0.21740445468749997 0.19753150625 0.217645190625 0.19745790624999998 0.22467281562500002 0.19265426875 0.223714928125 0.18952115625 0.2146101625 0.1965216484375
6 0.2615997578125 0.151389834375 0.2601094453125 0.15343130625 0.276504428125 0.1484188578125 0.2760610328125 0.146968578125 0.2615997578125 0.151389834375
6 0.211264640625 0.147732753125 0.2119679703125 0.1485429125 0.2217081109375 0.145565053125 0.2210631734375 0.1434555578125 0.211264640625 0.147732753125
6 0.236235425 0.11132908125 0.242522915625 0.10674525625 0.241723634375 0.10413092500000001 0.23317494062500002 0.10970179531249999 0.236235425 0.11132908125
6 0.266400815625 0.143338375 0.2717804734375 0.1398835515625 0.2702825828125 0.13777853281250002 0.2673365515625 0.13931996875 0.2578963171875 0.14476910625 0.258793609375 0.14566413125 0.266400815625 0.143338375
6 0.2399261546875 0.11990795937500001 0.23716536562499999 0.1245003625 0.2470292109375 0.12148468125 0.24690679218749997 0.12108426718750001 0.2399261546875 0.11990795937500001
6 0.259144215625 0.104140946875 0.25277940625 0.10288315156250001 0.247668640625 0.105727153125 0.2519085828125 0.10692176093750001 0.2576852796875 0.10515564687500001 0.259144215625 0.104140946875
6 0.3921498296875 0.168614884375 0.3906570109375 0.1637320953125 0.390597359375 0.16365923124999998 0.38615343750000003 0.163095646875 0.3839887015625 0.164398215625 0.38893431093749997 0.1695979671875 0.3921498296875 0.168614884375
6 0.368596146875 0.14477199375 0.367736721875 0.145034746875 0.35917668593749996 0.15161640625 0.359895521875 0.153967615625 0.363693175 0.15280655625 0.3707583875 0.14674465 0.3704579390625 0.145761928125 0.368596146875 0.14477199375
6 0.36663604375 0.1279168484375 0.3572745609375 0.127056809375 0.354474584375 0.1308923015625 0.3545596796875 0.1311706375 0.3660977078125 0.1307667296875 0.36679565 0.128438896875 0.36663604375 0.1279168484375
6 0.4354831234375 0.13454243593749998 0.4311536546875 0.13714757187499999 0.4411163921875 0.1417905671875 0.44113250312499996 0.1417821375 0.4395260375 0.1365276265625 0.4354831234375 0.13454243593749998
6 0.51395026875 0.17400214687499999 0.5094193875 0.183412678125 0.51412013125 0.181975515625 0.5160128140625 0.178279846875 0.5147037812499999 0.17399819218749998 0.51395026875 0.17400214687499999
6 0.6764868484375001 0.51611890625 0.6747700140624999 0.51050339375 0.663575990625 0.5016496671875 0.6575047828125 0.5041465640625 0.659360971875 0.507423525 0.6737811796875001 0.5171271765625 0.6760223109375 0.51644199375 0.6764868484375001 0.51611890625
6 0.7680089484375 0.43603426875 0.7765250578125 0.4334306328125 0.7765077406249999 0.4264229984375 0.7748138828125 0.42088264375 0.7694256140625 0.422530003125 0.7680089484375 0.43603426875
6 0.601389634375 0.5376982109374999 0.5857837453125 0.5349001125 0.5840270624999999 0.54312609375 0.5956018796875 0.54266288125 0.601658771875 0.540811103125 0.6020682953125001 0.5399180078125 0.601389634375 0.5376982109374999
6 0.6954580578125 0.4712864484375 0.694449325 0.46798703281250004 0.6862882515625001 0.46284490937499995 0.6823817765625 0.4640392390625 0.6849545640625 0.4696600828125 0.6922059171875 0.472280728125 0.6954580578125 0.4712864484375
6 0.6989510812499999 0.518418378125 0.7085021046875 0.5192958296875 0.707226425 0.5151232671875 0.701001365625 0.5139470890625 0.6989510812499999 0.518418378125
6 0.4578212171875 0.11689245625 0.4588804234375 0.12207100156249999 0.46104607187499996 0.12140889531250001 0.4595076265625 0.11637686875 0.4578212171875 0.11689245625
6 0.4652633671875 0.1298588234375 0.462853240625 0.1285773359375 0.45437345 0.13437357968750002 0.45654400156249997 0.13585646406250002 0.45989575625 0.13483172968749998 0.4654727484375 0.130543678125 0.4652633671875 0.1298588234375
6 0.3849200265625 0.1503114875 0.379138359375 0.14678698750000002 0.37679447499999996 0.147503584375 0.377690221875 0.1504334390625 0.3836320359375 0.1531020421875 0.38559015625000004 0.152503384375 0.3849200265625 0.1503114875
6 0.15375058125000002 0.5271658796875001 0.146897928125 0.526740025 0.1434492625 0.5406092390625 0.148011371875 0.5422579890625 0.1483183078125 0.5421641484374999 0.1538034875 0.527338925 0.15375058125000002 0.5271658796875001
6 0.0405592671875 0.333293175 0.0393539265625 0.32935068749999996 0.0374052765625 0.33425744687500003 0.0405592671875 0.333293175
6 0.135814034375 0.3644166828125 0.1436320953125 0.3604641921875 0.1429005109375 0.3580712875 0.1352765875 0.3626587703125 0.135814034375 0.3644166828125