4 0.6063072671875 0.23685616406249999 0.606159875 0.2479148140625 0.6136578687500001 0.25595182968749997 0.6246841828125 0.2615219609375 0.6368934765625001 0.26259013593749997 0.644946709375 0.2416103359375 0.645494596875 0.23534795000000003 0.6407777328125001 0.231875825 0.6335328765625 0.23031935468750003 0.6294111109375 0.21181372031249998 0.6137336875 0.21290246562499998 0.6062015203125 0.21931697187500002 0.6063072671875 0.23685616406249999
4 0.460613796875 0.2151516 0.460727375 0.21385341093750002 0.45985204062499996 0.20921173906249999 0.4526758078125 0.2072614671875 0.4494309296875 0.20697757656250002 0.44520226406249996 0.21202945781250002 0.44511969218749997 0.21297325625000002 0.447329665625 0.21620455 0.44913899218750003 0.2163628453125 0.45359410312500004 0.21512264062500003 0.460613796875 0.2151516
4 0.675218165625 0.1734034703125 0.6759506875 0.1683931015625 0.673502625 0.163565778125 0.6649365453125 0.16773703125 0.662501303125 0.17213711874999998 0.662865825 0.17232278125 0.675218165625 0.1734034703125
4 0.3351634078125 0.30629656562499996 0.33663393125 0.3194496609375 0.33873275468749997 0.319633284375 0.34577060937500004 0.306917034375 0.3351634078125 0.30629656562499996
4 0.387691521875 0.30577159374999996 0.3872730984375 0.314469203125 0.3893657921875 0.3146522890625 0.3958428375 0.31009068125 0.3960004078125 0.30828965625000004 0.387691521875 0.30577159374999996
4 0.4978343140625 0.35080602031249997 0.49916402968750007 0.3482060953125 0.4994829296875 0.34456105 0.499070859375 0.3408344875 0.488977409375 0.3390287953125 0.4869236859375 0.3446924375 0.48670295 0.34721547343750003 0.4883087953125 0.3499726453125 0.4978343140625 0.35080602031249997
4 0.5257785953125 0.3971679453125 0.5320262921875 0.38492529062499997 0.5331557515625 0.372015509375 0.5328997671875 0.36817459218750004 0.520925409375 0.35974594375 0.5172351640625 0.37849074531250004 0.5213109984375001 0.3834604765625 0.519763228125 0.39664166875 0.5257785953125 0.3971679453125
4 0.4997029515625 0.36600834843749996 0.49534389687499997 0.3709782265625 0.49767160937500005 0.371181875 0.501926665625 0.37041204375 0.502106784375 0.3683532828125 0.4997029515625 0.36600834843749996
4 0.5151398828125 0.25523963906249997 0.5152965875 0.25344849375 0.5139352703125 0.250494875 0.5035747984375 0.25174124999999997 0.49706372187500003 0.2511716046875 0.5018737609375 0.255482846875 0.5115092453125001 0.25632584375 0.5151398828125 0.25523963906249997
4 0.5785653843749999 0.32829883125000003 0.5737418921875 0.331874884375 0.574262053125 0.3353033671875 0.586562290625 0.3352616265625 0.586639075 0.3343839796875 0.5785653843749999 0.32829883125000003
4 0.5816811515625 0.347508375 0.5762640875 0.3529623296875 0.581834109375 0.35344964375 0.58229038125 0.348234425 0.5816811515625 0.347508375
4 0.434723265625 0.48017280937500006 0.439317565625 0.4764963203125 0.439521978125 0.47415987031249995 0.43615671562499997 0.4701493046875 0.43067954999999997 0.47182291562499995 0.42254070468749994 0.47111085781249995 0.4201321625 0.47520573749999995 0.42274172187500003 0.47912455937500004 0.434723265625 0.48017280937500006
4 0.4373277671875 0.4275291171875 0.4333931515625 0.41798660625000006 0.42718861874999997 0.42328709375000007 0.43298703125 0.42982991718749997 0.43668554375 0.43015349374999995 0.4371159265625 0.42995045468750004 0.4373277671875 0.4275291171875
4 0.47498449374999996 0.4978114265625 0.48043395 0.4905811671875 0.480685128125 0.487710190625 0.4750396109375 0.47982499218749997 0.46112346718749997 0.479530115625 0.456299975 0.483106171875 0.46187006718749996 0.4897443484375 0.473859046875 0.49771296249999997 0.47498449374999996 0.4978114265625
4 0.44949031406250006 0.7488886390625 0.46117200937499997 0.7419145390625 0.47283982656249995 0.7444730546875 0.47302032968749996 0.7377229062499999 0.4769637125 0.72545865 0.47275436875 0.7220149515625 0.46772472968749995 0.7138863421874999 0.46286812499999996 0.713153903125 0.4503458421875 0.7203620015625 0.4621599890625 0.7306218890625 0.4630336875 0.7346963875 0.44937174375 0.7221220374999999 0.43406279999999997 0.6955641640625 0.42698457031250003 0.6967901546874999 0.4015747046875 0.6825729109374999 0.3919416 0.680192409375 0.39220756093750003 0.6959003625 0.39051250625 0.7059009781250001 0.3926935484375 0.713780365625 0.3868158515625 0.720032078125 0.3907848765625 0.726222634375 0.40150529687500003 0.7302359796875 0.4004372125 0.7424442453125 0.4038454921875 0.755044146875 0.401690090625 0.7656195734375 0.4279573359375 0.78072681875 0.43661926875 0.7814846390625 0.4414967390625 0.774637975 0.44433892343750003 0.770273490625 0.45494612500000003 0.770893959375 0.46123076406249996 0.76467785 0.45115119375 0.753339546875 0.44949031406250006 0.7488886390625
4 0.6219169671875 0.67327963125 0.616039271875 0.679531340625 0.6187607671875 0.6859202984375 0.616105496875 0.688148334375 0.612476128125 0.6921364062500001 0.6140569046875 0.697502934375 0.6093605125 0.6949392546875 0.6020558406250001 0.6893794921875 0.5939575796875001 0.678829615625 0.5829765484375 0.6824820421875 0.5741370375 0.68509165625 0.56535093125 0.6870908578125 0.563168828125 0.6979714890625 0.5641824484375 0.7051336546875 0.5785920499999999 0.7091622171874999 0.5932152703125 0.710749128125 0.616157840625 0.7062979421875 0.6227885453125 0.7148741671875001 0.6122742718749999 0.7225654875 0.599698584375 0.7303839984375 0.589570959375 0.74302983125 0.58529433125 0.7497291609375 0.5917317109375 0.7558281296875 0.6025811046875 0.7599296437499999 0.6104622156249999 0.7606191515625 0.621658525 0.7605991875 0.6148206125 0.75907831875 0.6124996484375 0.7481112609375 0.6250219312499999 0.7409031625 0.6431677109375 0.7397228265625 0.6538219078124999 0.7351191765625 0.6612141546875 0.725617 0.6624535765624999 0.7227576515624999 0.6635346796875 0.7104005843750001 0.662809871875 0.7026908953125 0.6561321703125 0.6993387859375 0.644190925 0.695218634375 0.64149613125 0.6885244703125 0.6429978609375 0.6760465984375 0.6219169671875 0.67327963125
4 0.3829127796875 0.7737254265625 0.39116484375 0.7778303609375 0.38703560625 0.7734710406249999 0.3896908765625 0.7712430046875001 0.3966217171875 0.7810756609375 0.397141609375 0.781167728125 0.409431265625 0.7822429343749999 0.4100429515625 0.77525134375 0.40434080000000006 0.7725247078125 0.4072096875 0.7678550171875 0.397816903125 0.7627276546874999 0.3908518890625 0.7673465234375 0.3829127796875 0.7737254265625
4 0.431260196875 0.783724584375 0.43163519062500005 0.7794383859375 0.43048235312500005 0.7752735640624999 0.42239050312500004 0.7693373890624999 0.4042511328125 0.775131428125 0.42179674531250005 0.7848932421875 0.4272255859375 0.7853682046875 0.431260196875 0.783724584375
4 0.5149848734375 0.6300945718750001 0.5073533671875 0.6235835875 0.5007354828125 0.6242347703125 0.5018708968750001 0.6303465671875 0.5084856890625 0.6309252875 0.5149848734375 0.6300945718750001
4 0.577751559375 0.6331731890625 0.5682563265625 0.625291453125 0.563521525 0.6373087671875 0.5684301328125 0.6377382140625001 0.57131106875 0.6372453375 0.5776957453125 0.633811153125 0.577751559375 0.6331731890625
4 0.32182317031249996 0.5691088468750001 0.321150584375 0.569050003125 0.31721940000000004 0.5749645640625001 0.3219537515625 0.58009955 0.323122215625 0.5802017765625 0.3252862234375 0.5787261765625 0.3256219296875 0.5748890265625 0.32182317031249996 0.5691088468750001
4 0.5228977109375 0.9374573671875 0.5230804578125 0.9353685625000001 0.515992246875 0.9298832046875001 0.5023100125 0.922227765625 0.501241928125 0.9344360343749999 0.50774553125 0.949151996875 0.51858664375 0.9424119015624999 0.5228977109375 0.9374573671875
4 0.5899661125 0.4397771828125 0.5856931640624999 0.4359473359375 0.5855077296875 0.4369537 0.5847543984375 0.44556432656249995 0.584734465625 0.446243034375 0.5893649812499999 0.44664815156250004 0.5899661125 0.4397771828125
4 0.4356894890625 0.069773503125 0.43582110781249994 0.0682690890625 0.4353646578125 0.0618860828125 0.4267201 0.0647280328125 0.4266373234375 0.065674175 0.4278562328125 0.07333868125000001 0.4299921765625 0.0735255515625 0.4356894890625 0.069773503125
4 0.521009246875 0.3674292796875 0.5115570640625 0.3567120109375 0.5112697500000001 0.3646829875 0.5141122218749999 0.3679148375 0.5189868078125001 0.3683413078125 0.5209779484375 0.36778701874999997 0.521009246875 0.3674292796875
57 0.11045645 0.291365728125 0.112678596875 0.2951507015625 0.1255891796875 0.29628023125 0.1311036984375 0.2944022984375 0.1369805859375 0.292905384375 0.13706822968750002 0.2919036171875 0.13508019375 0.28644654062499997 0.1296500234375 0.28289603125 0.11852265937499999 0.27884708593749996 0.111296709375 0.28170294375 0.110455703125 0.2913156859375 0.11045645 0.291365728125
6 0.62148081875 0.5696149125 0.6150498484375 0.568129646875 0.61871126875 0.5872100921875 0.6225238078124999 0.5875436453125 0.6233412781250001 0.57819993125 0.62148081875 0.5696149125
4 0.1655761203125 0.16326139374999998 0.15443694218749998 0.16919015312500002 0.149769390625 0.17762365156249998 0.1502356796875 0.177664446875 0.16241557499999998 0.17173345 0.165147371875 0.168161996875 0.1655761203125 0.16326139374999998