7 0.46394217656250003 0.662185678125 0.44433521875000004 0.6363169281250001 0.41788623124999996 0.61651695625 0.4004162015625 0.61957426875 0.387568325 0.6255192203125 0.3773477015625 0.64014543125 0.3836123984375 0.653319421875 0.3921330140625 0.6637059015625 0.42043677031250004 0.6919211437499999 0.4257677125 0.701533359375 0.47331766562500005 0.752900921875 0.49305201875 0.765852496875 0.51170408125 0.7706547875 0.515229040625 0.77672891875 0.52387776875 0.784194671875 0.5265558765625 0.78511681875 0.5376437734375 0.783150825 0.54506780625 0.7770542828125 0.5496040640625 0.7638800359375 0.5409397015625 0.753503240625 0.5371155078125 0.748298153125 0.5293080156250001 0.72454813125 0.5138860140625 0.7066008984375001 0.4788548828125 0.672828975 0.46394217656250003 0.662185678125
38 0.35802969375 0.7183398999999999 0.3682608875 0.7124660296875 0.37953831875 0.7085725390625 0.38369530625000003 0.70819219375 0.383778546875 0.707950446875 0.37622558906250003 0.7006273281250001 0.3635156765625 0.7024074484375 0.35267327656249997 0.711311121875 0.34832270625 0.72018193125 0.3546638375 0.7256056171874999 0.35802969375 0.7183398999999999
6 0.433525996875 0.75064615 0.42802873124999996 0.7429285390625 0.42721083281250005 0.7426469140624999 0.407523990625 0.7541719265625 0.40731711718749997 0.7547727281250001 0.4124561421875 0.7623544515625 0.41325808437499995 0.7626305828125 0.433326209375 0.7512263765625 0.433525996875 0.75064615
6 0.4363544140625 0.7544143921875001 0.432786896875 0.7723035296874999 0.44178293125 0.77378098125 0.4452379625 0.75747324375 0.4363544140625 0.7544143921875001
54 0.6741307015625 0.382278384375 0.6724881609375 0.37199203125 0.6787932453125001 0.3712468140625 0.69150315625 0.3694666953125 0.6912060906249999 0.36029168125 0.6996800890625 0.355756915625 0.697886846875 0.3509271140625 0.691980740625 0.350513609375 0.6818365562500001 0.3573895171875 0.6761299421875 0.35639665 0.676106634375 0.348936025 0.664831371875 0.3427854609375 0.6550373765625 0.34362545624999996 0.6435986703125 0.34422315625 0.6424017296875 0.347699328125 0.629318315625 0.3480547375 0.6215913203125 0.355438921875 0.6271450625 0.371932396875 0.6241909265625 0.37674767343750004 0.6259714296875 0.382869190625 0.643751265625 0.387695175 0.6463042531250001 0.39408268125 0.6503872562499999 0.3980969796875 0.655804290625 0.3999622140625 0.6590502140625001 0.3984714671875 0.6634495703125001 0.3944778453125 0.667721534375 0.403401396875 0.6747630499999999 0.3967532609375 0.6767452125 0.3922513578125 0.6741307015625 0.382278384375
12 0.632393059375 0.2391552515625 0.6404584921875001 0.242645259375 0.649124090625 0.24562906406249999 0.6631310874999999 0.2464989421875 0.67275106875 0.2436548765625 0.6764161609375 0.23552011718750002 0.6790471953125 0.229572909375 0.6818066468749999 0.22155888125 0.6767324734375 0.2132712421875 0.644182234375 0.1735490109375 0.6316136984375 0.16688833125 0.6256269609375 0.16482693125 0.6095075265625 0.1625816296875 0.5875766125 0.16604709374999999 0.580010890625 0.17672706875 0.5772180265625 0.1848381359375 0.621291809375 0.23500875781250002 0.632393059375 0.2391552515625
45 0.6655460328125 0.19509749375000002 0.6798543031250001 0.198433084375 0.6819080015625001 0.192468709375 0.6716315749999999 0.1889302515625 0.6624398921875 0.187887671875 0.6583260421875 0.188966159375 0.6582336 0.18923463125 0.6593508906250001 0.192964334375 0.6655460328125 0.19509749375000002
6 0.6784406140625 0.0729575734375 0.6731607875 0.06874904062500001 0.665009334375 0.079875384375 0.6654218328125 0.0810299984375 0.67111889375 0.082991653125 0.677253909375 0.0764040125 0.6784406140625 0.0729575734375
6 0.73771075 0.0735994796875 0.71950745625 0.062098565625000005 0.716328353125 0.0700766390625 0.7211216453125 0.0721159328125 0.7364090765625 0.0773798171875 0.73771075 0.0735994796875
6 0.6906223453125 0.24874855937499998 0.6756155359375 0.240072425 0.6677145296875 0.24545253906250003 0.681531040625 0.25348260625 0.6882014296875 0.25577940625 0.6906223453125 0.24874855937499998
6 0.6471755359375 0.20860241249999997 0.6664765046875 0.2076579609375 0.6640105265625 0.20227249375 0.6536435375 0.2022671390625 0.634367525 0.20178636874999997 0.637032478125 0.2051098765625 0.6471755359375 0.20860241249999997
57 0.738566440625 0.138304609375 0.7399961562499999 0.1317147015625 0.7075391515625 0.1218349625 0.7032552265625001 0.1320653234375 0.7367442859375 0.14359653125 0.738566440625 0.138304609375
6 0.7307138828124999 0.1563107890625 0.7098741093750001 0.1434171125 0.7063469796875 0.14738704062500002 0.72380993125 0.160625796875 0.728653809375 0.1622936765625 0.7307138828124999 0.1563107890625