12 0.47708773281249994 0.481747884375 0.4567823 0.4813304328125 0.44272588749999997 0.48586094218750003 0.44283682031250005 0.49213396249999997 0.45074400625 0.4969472640625 0.487652671875 0.5038355375 0.533183415625 0.50701935625 0.534142228125 0.506788803125 0.5402995625 0.5060726390625 0.5410068 0.49595865312500004 0.534606784375 0.49228588125000006 0.5117586359375 0.48893390937500003 0.5033282734375 0.4916023375 0.494118 0.48970524062500004 0.48473333125 0.4903020515625 0.47708773281249994 0.481747884375
45 0.4691389375 0.49334665624999996 0.469247734375 0.49179079843749995 0.463940928125 0.49006983125000003 0.44843561249999997 0.491742309375 0.45271011562499996 0.49512685312500004 0.4607656484375 0.49569015156249996 0.46858409375 0.49440428125 0.4691389375 0.49334665624999996
54 0.5566944265625 0.4401997578125 0.571300865625 0.4454658546875 0.5803648234375001 0.44609966874999996 0.586652409375 0.44404889687500004 0.5932727578125 0.447002278125 0.6052919609375 0.44784274375 0.607038725 0.44763233593749996 0.608074040625 0.4328266328125 0.5951050515625 0.4253429578125 0.5896185125 0.4252099109375 0.5831839609375 0.430774615625 0.56820811875 0.43273472812499997 0.5575029234375 0.43649713593749995 0.5566944265625 0.4401997578125
6 0.64103138125 0.4766998453125 0.6409168281250001 0.47656966093750003 0.60939416875 0.47937759062499996 0.6113733640625 0.48116062187499997 0.62187305 0.48189483125 0.6407790046875 0.480309 0.64103138125 0.4766998453125
6 0.4842562453125 0.4815286515625 0.4780832828125 0.4833524890625 0.483430309375 0.4854806640625 0.48575031874999997 0.4864730421875 0.4963677609375 0.48721548593749997 0.4842562453125 0.4815286515625
6 0.5012159796875 0.4832001484375 0.49380523906249996 0.4886026125 0.502931459375 0.4892407796875 0.5099316625 0.4843108296875 0.5012159796875 0.4832001484375
6 0.53663355625 0.48658524999999997 0.5193242625 0.4826181515625 0.5185680828125 0.48557259999999997 0.53663355625 0.48658524999999997
6 0.3762174140625 0.5239079765625 0.359408965625 0.5277604890625 0.3754659046875 0.5288832984375 0.37902516875000003 0.5276697312499999 0.37912711250000003 0.526211871875 0.3762174140625 0.5239079765625
6 0.38634690625 0.49546716875 0.37973166875 0.49575641875 0.382030240625 0.5021824125000001 0.38760965468749997 0.504671425 0.38969133125 0.504816990625 0.38634690625 0.49546716875
27 0.367620165625 0.49860600312500003 0.3574444390625 0.502656046875 0.35778207968750003 0.5056869828125 0.3510796453125 0.5072231859375 0.36773739375000003 0.5126483875 0.3879318921875 0.5067928203125 0.3816828765625 0.501844859375 0.367620165625 0.49860600312500003
27 0.2647493015625 0.4988369078125 0.30074423281249996 0.504772171875 0.301345925 0.4961675703125 0.27522149375 0.4905472171875 0.2647493015625 0.4988369078125
6 0.2591219828125 0.5400142031249999 0.25913762500000004 0.539790528125 0.2555062421875 0.530221721875 0.24574029999999997 0.5297869937499999 0.2457270078125 0.529977084375 0.25019215625 0.54048540625 0.25266968125 0.5406586515625 0.2591219828125 0.5400142031249999
6 0.3051051046875 0.532006221875 0.2988822765625 0.5301222375 0.2846165953125 0.537645440625 0.28712072499999997 0.5383687562499999 0.2956419828125 0.538964621875 0.30508755625 0.5322571734375 0.3051051046875 0.532006221875
6 0.1286413890625 0.58091744375 0.1230153359375 0.5827795265625 0.1371192234375 0.5932889640625 0.14113639218750001 0.5921338734375 0.1412474546875 0.5905455984375 0.1286413890625 0.58091744375
6 0.0529974796875 0.60554453125 0.0498965140625 0.6126267203125 0.0608124171875 0.6133900359375 0.0614931484375 0.6111175953125 0.061808290625 0.6066108359375 0.0529974796875 0.60554453125
6 0.1851604140625 0.5449442578125 0.15993273125000002 0.5373064828125 0.1586885109375 0.537219478125 0.155808634375 0.5391065187499999 0.155790940625 0.5393595578125 0.1809282875 0.5466062125 0.182366528125 0.546706784375 0.1851210203125 0.5455076125 0.1851604140625 0.5449442578125
39 0.0490984546875 0.524293375 0.0354145609375 0.5313560390625 0.0849818625 0.5691557578124999 0.12644385 0.597116109375 0.1504444359375 0.6075657609375 0.16619013437500002 0.6176261328125 0.1706582609375 0.6179385734375 0.170951159375 0.6137499375 0.15677435 0.603497403125 0.1524450890625 0.5946739156249999 0.13868998593749998 0.5791766578125 0.10956908125 0.56335675 0.0490984546875 0.524293375