7 0.564873559375 0.64668325625 0.5050067921875 0.6829543828125 0.497232875 0.6907248296875 0.46224838281249997 0.7100454890625 0.4511949390625 0.717681015625 0.4415416828125 0.7286178828125001 0.447334846875 0.745494684375 0.4580463671875 0.7547506937499999 0.47399692968749996 0.7625049640625 0.5048789390625 0.7507623375 0.53085675 0.7313001109374999 0.5481254546875001 0.725179615625 0.5911083421875001 0.702371846875 0.61087985 0.6893707390625 0.6249312859375 0.6686927890625001 0.6300420531250001 0.6647434296875 0.6412310046874999 0.6571568359375 0.640501790625 0.643242575 0.6350457859375 0.6353358609375 0.6237108015625 0.629794040625 0.6117292437499999 0.6353306562500001 0.6066665796875 0.6401978749999999 0.5874133734375 0.639672928125 0.564873559375 0.64668325625
38 0.45015899062500003 0.75562424375 0.45744479687500006 0.7463454125 0.466442521875 0.7385108296875 0.470154334375 0.7366009453125 0.47014095312500004 0.7363456187499999 0.46039468437500003 0.7323851296874999 0.449277103125 0.7387968453125 0.44255958125 0.751113821875 0.44184886562500003 0.760968446875 0.44976000781250003 0.7636217703125 0.45015899062500003 0.75562424375
6 0.532260078125 0.7572966640625001 0.524272034375 0.75220033125 0.52340819375 0.752245603125 0.509472215625 0.7703062296875001 0.5095054718750001 0.7709407796875001 0.51711045625 0.7760453187499999 0.5179574437500001 0.7760009296875 0.5322921953125 0.75790948125 0.532260078125 0.7572966640625001
6 0.547025565625 0.7703422328125 0.545022690625 0.759764396875 0.53612825 0.7617645015625001 0.5387324718750001 0.7764768015625 0.5473234687499999 0.7760265656249999 0.547025565625 0.7703422328125
54 0.62110029375 0.3069928734375 0.6220354859375 0.30142158750000003 0.6180914703125 0.296412803125 0.5997984453125 0.298598671875 0.5950385546875 0.293632646875 0.5858394640625 0.289819646875 0.5815766375 0.29433815625 0.5789936625000001 0.2996890046875 0.5716899484375 0.2930155375 0.5676516015625 0.30181738125 0.5675002140625 0.3067340015625 0.5736602921875 0.3150013703125 0.5790365640624999 0.323923403125 0.57346975625 0.32697628437500004 0.562352175 0.3333879984375 0.5660646265625 0.341783640625 0.5599064296875 0.3491626171875 0.5604472515625 0.34975553125 0.5702845609375 0.3492399796875 0.57583908125 0.340964590625 0.5815020921875 0.3397474265625 0.584318503125 0.3466560640625 0.5952997359375 0.3479289890625 0.597734253125 0.3478014015625 0.6058429546874999 0.3436872546875 0.616224834375 0.3388480640625 0.616032421875 0.3351766296875 0.6280300125 0.32994596875000004 0.63242819375 0.3202048875 0.62110029375 0.3069928734375
12 0.46596191249999996 0.2085817921875 0.479666071875 0.21160646249999998 0.4888184296875 0.2111268078125 0.49753339687500003 0.20999513125 0.5093475328125 0.2090691859375 0.564266603125 0.1738098625 0.5635427421875 0.15999779375 0.56076506875 0.15207214687499998 0.5406389328125 0.14269595 0.5245250484375 0.1404111546875 0.5182020296875 0.1407425296875 0.5042844468750001 0.1436808296875 0.46204621562500003 0.172892225 0.45424023125 0.1800507640625 0.45621765625000005 0.1943664046875 0.457498525 0.2031962734375 0.46596191249999996 0.2085817921875
45 0.5535424609375 0.1483121953125 0.5379726046875 0.14752961874999998 0.5323870109375 0.147822346875 0.53022386875 0.15119484218749998 0.5302387296875 0.15147839375 0.5338959453125 0.1536490328125 0.5426010828125001 0.15511027187499998 0.5538677875 0.154519809375 0.5535424609375 0.1483121953125
6 0.50609015625 0.0489584515625 0.505934690625 0.0459919890625 0.5019407828125 0.035152915624999996 0.494334290625 0.038312692187500004 0.5002628078125 0.04996691875 0.5028833140625 0.05079598125 0.504845496875 0.050693146875 0.50609015625 0.0489584515625
6 0.5399746421875 0.017331825000000002 0.540707990625 0.0206500765625 0.5593180125 0.019674765625 0.55890539375 0.0118015140625 0.5399746421875 0.017331825000000002
6 0.5826118015625 0.1954499953125 0.5801124390625 0.19244456875 0.5599240421875 0.19749090625000001 0.562615725 0.2041299671875 0.5707297453125 0.203704728125 0.582883653125 0.20063724375 0.5826118015625 0.1954499953125
6 0.5441167046875 0.1738065734375 0.5451561468749999 0.1725939546875 0.520166834375 0.1640862125 0.512672584375 0.1693876578125 0.5313343953125 0.17423870156250001 0.5320366062499999 0.1744396640625 0.5441167046875 0.1738065734375
57 0.585904096875 0.07913959375 0.58480834375 0.0698417515625 0.5508854453125 0.070392403125 0.5500918609375 0.0824708234375 0.550106140625 0.08274331093750001 0.5859943890625 0.0808624875 0.585904096875 0.07913959375
6 0.559736278125 0.0995130984375 0.560438546875 0.10097754375000001 0.5768776296875 0.10011600937500001 0.5853141234375 0.0977374203125 0.5848966328125 0.0897712359375 0.559736278125 0.0995130984375