20 0.243951371875 0.6473286953125 0.2449084984375 0.6562854921875 0.2625111109375 0.6784843859375 0.27046169062500003 0.68123046875 0.2756448359375 0.6753389578125 0.277187375 0.66706135625 0.276846640625 0.66512895625 0.25967666875 0.6412375124999999 0.2537492 0.639379096875 0.240120896875 0.62560499375 0.233989328125 0.6290288640624999 0.234214159375 0.6303039515625 0.243951371875 0.6473286953125
57 0.20120986406250002 0.4034479359375 0.199397340625 0.4117965953125 0.210229578125 0.4098865796875 0.2136160265625 0.40550918593749996 0.21269786562499998 0.4003020390625 0.20120986406250002 0.4034479359375
7 0.40940159375 0.3874600125 0.40945615 0.382415784375 0.4088620703125 0.379046590625 0.40448327968750003 0.37582625625 0.38632723750000003 0.3772492078125 0.3830869984375 0.37782055 0.37986628906250003 0.3826556875 0.3772747171875 0.385601440625 0.38101922187500004 0.3874299734375 0.38776293125 0.3903888625 0.40317771718750006 0.38855745 0.40940159375 0.3874600125
11 0.3682801953125 0.45562397656250003 0.37860954375 0.45421743281250004 0.3826801890625 0.45563588125 0.391034959375 0.454162709375 0.39174877656249996 0.45295577343750004 0.391198625 0.44983570781250004 0.3833321046875 0.44218515781249995 0.37538152343750003 0.43943907656250003 0.35944440312500003 0.43727163906250005 0.359549334375 0.448452696875 0.3642689453125 0.45757566406250005 0.3682801953125 0.45562397656250003
7 0.8959816953124999 0.41272509843750005 0.903044021875 0.40128532968749997 0.900717503125 0.3880909859375 0.9001316640624999 0.3881942859375 0.8972067984375001 0.3896173890625 0.8920775921875 0.39052180625 0.8838762828125001 0.4039970734375 0.8853129578125 0.410380525 0.8896682234375 0.413838334375 0.8959816953124999 0.41272509843750005
38 0.8919124187499999 0.41049236718750004 0.8893927625 0.406788665625 0.886055884375 0.40903624218749995 0.88811638125 0.41411196562499997 0.8886614953124999 0.41401584687500004 0.8919124187499999 0.41049236718750004
7 0.8825283875000001 0.5141658421875 0.8881900953124999 0.5127527328125 0.9143346375 0.4969431859375 0.9141211484375 0.4911010765625 0.9132254484375 0.4860213046875 0.8890802171875001 0.493100253125 0.8791405187500001 0.50024526875 0.8672836171875 0.5106319312500001 0.8675843546875001 0.5176304765624999 0.8731751265625001 0.515815075 0.8825283875000001 0.5141658421875
57 0.4616161015625 0.6097625734375 0.46983342656250004 0.6087284359375 0.4802516875 0.60606181875 0.4792016171875 0.6131429984375 0.48948496406249997 0.6113297656250001 0.4883172015625 0.6047070531250001 0.4841759875 0.5912667109374999 0.478977809375 0.57766534375 0.47468282031250003 0.5780078671875 0.4570024015625 0.6047689140625 0.4616161015625 0.6097625734375
39 0.5097256890625 1 0.5159794953125 0.9815995687499999 0.5232766296875 0.9612321609375 0.5335710015624999 0.956098596875 0.5516740859375 0.9529065359375 0.5614709343750001 0.9520086843750001 0.5747824875 0.946343109375 0.5956549703125 0.9376851453124999 0.6126760531250001 0.9301210859375001 0.628046678125 0.92201845 0.6300357984375 0.9121273515625001 0.6301639437500001 0.9052674921874999 0.6276809625 0.8911858031250001 0.6073768765625001 0.877131675 0.5931441546875 0.8705157218749999 0.58320641875 0.8635572453125 0.5589290703125 0.8529052531250001 0.5528057937499999 0.855229346875 0.520895596875 0.8542192 0.52399874375 0.8735823593750001 0.5233403875 0.8857275984375 0.509473446875 0.9288229640625 0.5043223296875 0.9595967328125001 0.49769858281249996 0.9873117796875001 0.503323353125 0.9962751453124999 0.5003746171875 1 0.5097256890625 1
57 0.6237422203125 0.8418538453125001 0.6154503921875001 0.8127365093750001 0.5927966828125 0.8677511796875 0.6113117203125 0.8675041359375 0.6277538515625001 0.8646049453125 0.6237422203125 0.8418538453125001
57 0.125513875 0.9341241546875001 0.127030871875 0.9314197249999999 0.126694028125 0.920334871875 0.1263327328125 0.91828586875 0.120839609375 0.9121862890625 0.117290909375 0.9061752437499999 0.10335377812499999 0.9139388390625 0.103433534375 0.9143911609375 0.12247705 0.9346596281249999 0.125513875 0.9341241546875001
57 0.290420784375 0.41328490156250003 0.294021490625 0.41891086718750004 0.301621003125 0.4175708671875 0.3148786359375 0.412919015625 0.3148100109375 0.412529825 0.290420784375 0.41328490156250003