20 0 0.7746547734375 0.00850213125 0.7753986125 0.0133021078125 0.7205346265625 0 0.72178184375 0 0.7746547734375
33 0.2497965421875 0.7302069484375 0.22773980312500003 0.7442370890625 0.22059122812499998 0.7771823999999999 0.2242994453125 0.7835605640625001 0.2354385828125 0.7795820531250001 0.2488708640625 0.7932912156249999 0.2503062375 0.79341679375 0.2520090078125 0.776629059375 0.2638779140625 0.7815198328124999 0.28093919375 0.79016691875 0.29038712499999997 0.7596241359375 0.2621258984375 0.7384400453125 0.2497965421875 0.7302069484375
57 0.2484813171875 0.9496155578125001 0.25556038124999997 0.951885915625 0.2692294046875 0.9801516390625 0.2714923953125 0.980349625 0.290553165625 0.9621018031249999 0.297485515625 0.9502727421875001 0.2993384765625 0.9290933125 0.2892615984375 0.922364340625 0.27811232656249996 0.9235902625 0.26559473125 0.9318508937500001 0.259310596875 0.9290997437499999 0.256956215625 0.9387998796874999 0.2484813171875 0.9496155578125001
57 0.13074485 0.7986412125 0.1358386 0.7900056249999999 0.139266228125 0.75082765625 0.136618975 0.73554960625 0.1335927421875 0.7385868859375 0.1333668546875 0.7583793578125 0.1309950953125 0.7768834078125 0.1297917296875 0.7985578265625 0.13074485 0.7986412125
57 0.5294311046875 0.9570799109375001 0.540673559375 0.96782515 0.5416233187499999 0.96790824375 0.5477873328125 0.9398105265625001 0.5488725859375 0.9274060203125 0.5413970359375 0.9207036859375 0.5368562421874999 0.9181050578125 0.5310803390625 0.9181500734375 0.5257924 0.9154860796875001 0.5210662593750001 0.943690265625 0.5294311046875 0.9570799109375001
20 0.6394207875 1 0.6389668515625 0.986550953125 0.640052828125 0.9569276140625 0.6426562578125 0.9472492656249999 0.6431891109375 0.9296850093750001 0.6408000015625 0.8623345312499999 0.6229061437500001 0.857466984375 0.61562870625 0.8689377671875 0.6145673515625 0.8782006875 0.618692559375 0.9572601921875 0.6233115406249999 0.9675704171874999 0.627506971875 1 0.6394207875 1
57 0.7547202000000001 0.2597586515625 0.7556853578125 0.2487268515625 0.755478571875 0.2475048921875 0.7562975749999999 0.2417291859375 0.756578671875 0.23851623125 0.74781598125 0.24903586249999998 0.7381914046875 0.258650278125 0.7376759296875 0.267410615625 0.74333158125 0.2734707328125 0.7480857953125 0.27388667187500004 0.7547202000000001 0.2597586515625
57 0.3971232953125 0.6161811265625 0.39847713125 0.632259425 0.4021325 0.6357368046875 0.407326190625 0.63619119375 0.41455316406250003 0.616133303125 0.415426521875 0.6061507890625 0.408430403125 0.5902037171875001 0.406513309375 0.5834319156250001 0.400297228125 0.585639778125 0.3969292734375 0.604056675 0.3993343296875 0.60811946875 0.3971232953125 0.6161811265625
57 0.67346935625 0.79405115625 0.6545588046875 0.78829305625 0.6454379859375 0.8154385953125001 0.6455869328125 0.8154516265625 0.6723295828125 0.8003042546874999 0.67307295 0.7985821 0.67346935625 0.79405115625
57 0.017137746875000002 0.659303228125 0.0263699265625 0.651305503125 0.0453323421875 0.64127021875 0.04554434375 0.6388470125000001 0.0373425546875 0.6291512109374999 0.028014809374999998 0.6382412546875 0.0122089078125 0.6324557000000001 0.0011103093749999999 0.6474445531249999 0.002645140625 0.6585856296875 0.017137746875000002 0.659303228125
6 0.7480283187500001 0.7665114562500001 0.7450973125 0.7519668296875001 0.740710003125 0.7504823093749999 0.744107534375 0.7691746640625 0.7476770234375001 0.7694869546875001 0.74776934375 0.7694715609375 0.7480283187500001 0.7665114562500001
57 0.8257025406249999 0.685436503125 0.82703903125 0.6701603453125 0.8235935359375001 0.6659782703125 0.820823596875 0.657480834375 0.8076240171875 0.6563260203125 0.8123544828125 0.6969146890625 0.8193481140625 0.7030299531249999 0.8257025406249999 0.685436503125
39 0.513438534375 0.7296905734375 0.5217382203125001 0.7524302953124999 0.5259517781249999 0.7472955359375 0.5413754187500001 0.757450365625 0.547601634375 0.7579950890625 0.54863836875 0.7690925890625 0.55053628125 0.7649684859375 0.551279221875 0.7564766374999999 0.5501572828125 0.748862903125 0.5411886390625 0.7337694124999999 0.5320114859375 0.729664478125 0.5291937625 0.7217132 0.5142204375 0.71214810625 0.513438534375 0.7296905734375
57 0.6610627906250001 0.8513118953125 0.66337259375 0.8502963484375 0.6703434328125 0.8477082984375001 0.6713887609375 0.8357601390625 0.6701591765625 0.827225484375 0.6685186453124999 0.814424140625 0.6553320921875 0.8303310015625 0.65632104375 0.841974659375 0.6578839828125 0.8510337859374999 0.6610627906250001 0.8513118953125