42 0.59743278125 0.2456532796875 0.47473767968749997 0.22544395625 0.46591979375000003 0.23008144375 0.5796572375 0.248629375 0.59751493125 0.24800577031249998 0.59743278125 0.2456532796875
42 0.466539728125 0.12040766249999998 0.4759547765625 0.12368684999999999 0.5180263921875 0.12077995781249999 0.5179968390624999 0.11993366406249999 0.51704923125 0.11575745781249999 0.394518609375 0.12436588281250001 0.3932055375 0.1280918640625 0.3932196484375 0.12849595625000002 0.4554628421875 0.12464297499999999 0.466539728125 0.12040766249999998
42 0.367411665625 0.207574128125 0.37839640625 0.1657908171875 0.4083225890625 0.0685019953125 0.40801574374999994 0.0597151046875 0.404224665625 0.060498359375 0.38465784531249997 0.1246818703125 0.3712990828125 0.164595475 0.361244165625 0.20728008125000003 0.365558471875 0.20763884375 0.367411665625 0.207574128125
42 0.7186455328125 0.48400627343749997 0.724802496875 0.5133765984374999 0.735045040625 0.5587198375 0.7378073984375 0.5735363046875 0.7409068546875 0.5888220609375 0.7578093359375 0.6160732921875 0.764780625 0.61582985 0.7651173859375 0.6151415984375 0.7651027546875 0.614722596875 0.7472964281250001 0.5881178703125001 0.7186668843749999 0.457066040625 0.71823750625 0.4539541296875 0.7126165515625 0.45485697812500003 0.7126410640625 0.45555892187499997 0.7186455328125 0.48400627343749997
42 0.349702634375 0.450527665625 0.40443075625 0.36918110625 0.4076877875 0.3637235703125 0.40719173125 0.3495184078125 0.4035813703125 0.3251334375 0.40091812187500003 0.325226440625 0.3946008125 0.326469303125 0.399956221875 0.3604377078125 0.39545347343750004 0.3692540703125 0.34392887656250004 0.44585853281250004 0.34861106249999996 0.450565784375 0.349702634375 0.450527665625
42 0.1269867125 0.34417305 0.1322710640625 0.34310155625 0.152827821875 0.30726615156250003 0.1646574515625 0.2878510921875 0.18214526250000002 0.25597135625 0.1906779109375 0.2431657703125 0.19062078124999998 0.2366508296875 0.190428090625 0.23113290000000003 0.1814642046875 0.24565229843749997 0.16355540625 0.27466036250000003 0.143909265625 0.30902078125 0.12418762187500001 0.34121905625000004 0.12648238750000002 0.3441906625 0.1269867125 0.34417305
42 0.38360483125 0.7870494953125 0.3912434234375 0.78678275 0.49546696875 0.759931928125 0.4980443765625 0.7573981921875 0.49796234687499996 0.7550491953125 0.4978281671875 0.754076725 0.49470545 0.7519007281250001 0.49262338906250003 0.7519734359375 0.45925430624999997 0.7607154406250001 0.39827346874999997 0.77775786875 0.38648044375 0.7798534078125 0.381808415625 0.7866922375 0.38181933125 0.7870048109375001 0.38360483125 0.7870494953125
42 0.41518049218749997 0.6081342046875 0.46502386093750003 0.5281570546875 0.4650014484375 0.5275152375000001 0.46137084531249994 0.5248007453125 0.4558546328125 0.5249933765625 0.41377490625 0.5954351375 0.39642698125 0.623284721875 0.39644520625 0.62380661875 0.40119119531249997 0.6253997671875 0.403829428125 0.6253076390625 0.41518049218749997 0.6081342046875
42 0.20061714687499999 0.252845828125 0.2003967484375 0.3108215296875 0.20499902812499998 0.3117432046875 0.20574976875 0.3117169875 0.20367812187499998 0.252392796875 0.20061714687499999 0.252845828125
42 0.20730143124999997 0.5352364984375 0.2070552765625 0.5281875140625 0.15483406718749998 0.491569853125 0.15003769375 0.49197787656249997 0.148865484375 0.495145715625 0.2061317640625 0.53527734375 0.20730143124999997 0.5352364984375
42 0.1140015203125 0.6651342484375 0.1473549703125 0.674312359375 0.15106609531249998 0.67095250625 0.1510141203125 0.6694641546875 0.1329086453125 0.664714528125 0.0979200515625 0.6546313921875 0.0749342140625 0.6484586718750001 0.055547373437500006 0.644325053125 0.0718736578125 0.6526545796875001 0.1140015203125 0.6651342484375
42 0.41463994531250004 0.5355427390624999 0.42285914375000005 0.5321288125 0.4382027359375 0.5212146875 0.4380502578125 0.5168482562500001 0.43448590468750004 0.5160882734375 0.414126675 0.5300284468750001 0.361509175 0.5386007625 0.363092753125 0.539176859375 0.3967070921875 0.5380030203125 0.41463994531250004 0.5355427390624999
42 0.362959596875 0.77213591875 0.365401015625 0.83302530625 0.3718173515625 0.83280124375 0.3700233625 0.7723703078125 0.362959596875 0.77213591875
42 0.3603880671875 0.6639740484375001 0.3596508421875 0.67844431875 0.3613928203125 0.6783834875 0.3654757734375 0.677157896875 0.3649332984375 0.661623440625 0.3603880671875 0.6639740484375001
42 0.375325778125 0.8777181828125 0.2819829390625 0.8037672890625001 0.276688546875 0.808281734375 0.3691106984375 0.8829262390625001 0.3702981765625 0.8828847718749999 0.375325778125 0.8777181828125
42 0.3941405296875 0.8711080109375 0.3990079796875 0.8709380359375001 0.4275485921875 0.815942134375 0.42778501875 0.8135285671875 0.4209912328125 0.8118415625000001 0.40475952499999995 0.8429558406250001 0.391251278125 0.8694049234375001 0.3941405296875 0.8711080109375
42 0.087606428125 0.6294296515625 0.08714369375 0.6291792484375 0.0865380453125 0.630352553125 0.0859596265625 0.630039546875 0.0854696609375 0.6312754546875 0.084775559375 0.6308998453125 0.0844012765625 0.6321983515625 0.08359149375 0.631760146875 0.08333289375 0.633121253125 0.0824074265625 0.6326204484375 0.08226450937499999 0.63404415625 0.0812233578125 0.6334807453125 0.081196125 0.6349670546875 0.08003929062500001 0.6343410484375 0.080127740625 0.63588995625 0.078855225 0.6352013453125 0.04333320625 0.6610103421875 0.0437423390625 0.6615744718750001 0.0421491390625 0.6618706390625 0.01843695625 0.678521521875 0.018443904687500002 0.6787204921875001 0.020659265625 0.682464903125 0.023294920312500002 0.6823728640625 0.0448710765625 0.6663456796875 0.050212996875000006 0.661731175 0.048521934375 0.660685971875 0.0501151328125 0.66038980625 0.051281379687499996 0.6608082750000001 0.051708331249999996 0.6600936374999999 0.0533015296875 0.6597974718749999 0.053418146875 0.6589624734374999 0.0544788984375 0.6589524765625 0.054486531250000005 0.6580395718750001 0.0556562640625 0.65810748125 0.0555549140625 0.6571166734375 0.0568336328125 0.6572624874999999 0.056623298437500004 0.6561937734375001 0.058011 0.6564174921875 0.0576916828125 0.655270871875 0.05918836875 0.6555724984375 0.097963284375 0.6277438 0.097960428125 0.627662009375 0.0918799625 0.625738046875 0.089743196875 0.6275838499999999 0.089511828125 0.627458646875 0.0886748125 0.62850675 0.08832776249999999 0.628318946875 0.087606428125 0.6294296515625
42 0.14969690156249998 0.6007483140625001 0.1527490703125 0.59631216875 0.11513768437500001 0.5937770890625 0.10972584218749999 0.5949282 0.11143649062500001 0.5979953671875 0.14969690156249998 0.6007483140625001
42 0.1225660109375 0.6635723796875 0.030332853124999996 0.6581341125 0.050747759375 0.66415608125 0.0857557421875 0.6661206125 0.12243303750000001 0.6648398125 0.1225660109375 0.6635723796875
42 0.13257250468749998 0.66484653125 0.1413888640625 0.6693492796875 0.147500065625 0.669857465625 0.1478375421875 0.6680417015625 0.14774795624999998 0.665476296875 0.13257250468749998 0.66484653125
42 0.41300215937500007 0.5666585203125 0.40630904687499997 0.567854371875 0.3999934546875 0.57986094375 0.3990703109375 0.5942047828125 0.3998319625 0.594178184375 0.41300215937500007 0.5666585203125
42 0.1916951359375 0.31218774531250004 0.18494456718750002 0.295666475 0.1791536828125 0.2951471046875 0.18601723750000002 0.31396951562500003 0.191750365625 0.3137693109375 0.1916951359375 0.31218774531250004
42 0.3628027640625 0.44219100781250004 0.351052890625 0.444226703125 0.3710412421875 0.4435286953125 0.3713629421875 0.44280158593749996 0.3713312203125 0.4418931875 0.3628027640625 0.44219100781250004
42 0.313743840625 0.44246099687499996 0.3123453375 0.44557840156250006 0.3340792828125 0.444819434375 0.3207992171875 0.4424551484375 0.313743840625 0.44246099687499996
42 0.1407128734375 0.7712678937499999 0.1369848953125 0.7862809390625001 0.1439912203125 0.7860362734375 0.1483654296875 0.772701221875 0.148355834375 0.772426465625 0.1407128734375 0.7712678937499999
39 0.22823394531250002 0.2490551890625 0.22201520624999999 0.23628367187500002 0.21781904375 0.2263278953125 0.2125765125 0.22314353125 0.20165368125 0.21342265781249997 0.19857786875 0.2079978515625 0.1901908875 0.20660701406249998 0.187783171875 0.2386817328125 0.1879829921875 0.2535876875 0.1870456828125 0.2634821953125 0.1852586203125 0.28898076875 0.19297785781250001 0.28871120625 0.2060756 0.2849465203125 0.20654463281250002 0.2524584390625 0.2138699890625 0.2509999765625 0.21461511249999998 0.281521409375 0.22442903281249998 0.2686710796875 0.22823394531250002 0.2490551890625
39 0.2682776859375 0.46984746875 0.2696024265625 0.46186368125 0.27256231249999996 0.45478491718749997 0.2674120640625 0.4542431734375 0.2605679453125 0.4511147390625 0.25914405625 0.447075434375 0.2563885609375 0.4416394421875 0.2540288890625 0.4383544078125 0.250775378125 0.4370248359375 0.2500340703125 0.4341643484375 0.2455496234375 0.4343209484375 0.24446283281249997 0.43075093437499995 0.23065409531249997 0.43941120468749995 0.22043596562499998 0.4498703375 0.21468550468749997 0.45969239375 0.211261159375 0.47183852968749995 0.212919946875 0.48260450625000006 0.209674825 0.4815151734375 0.2065890984375 0.48499036562500003 0.20733040625000002 0.48785085156249997 0.2080282421875 0.49865038281249996 0.21074179062499998 0.502885184375 0.21786428125 0.5048012421875 0.2219277375 0.5017729703125 0.23024608125 0.5103821374999999 0.24196360156250002 0.50612445625 0.254378959375 0.5126663046875 0.263778815625 0.517629740625 0.27546424687500004 0.5172216749999999 0.275380353125 0.514819296875 0.27321058125 0.510084440625 0.27301762812499997 0.5045589640625 0.2720078640625 0.4940108546875 0.26931261875 0.48111629375 0.2682776859375 0.46984746875
39 0.2148022671875 0.29973510625 0.2299339875 0.31399936093749997 0.2300710609375 0.313994575 0.231868553125 0.29854700156249997 0.23175088281249998 0.29517735625 0.2148022671875 0.29973510625
39 0.3537553625 0.3070897140625 0.351420859375 0.3045253953125 0.34670151250000003 0.297955325 0.3471911390625 0.293608665625 0.3450007765625 0.2859881609375 0.34072758593749997 0.283010478125 0.33222315468749997 0.2782563046875 0.33757017500000003 0.3119844734375 0.3423619765625 0.33899715937499997 0.34321539218749997 0.32670027031250004 0.352563328125 0.3280575515625 0.3492785515625 0.3625682109375 0.35534628281249997 0.371015440625 0.36575536406250003 0.37176440624999996 0.365463415625 0.363404109375 0.3644356734375 0.355785103125 0.36178085000000004 0.35323196874999996 0.360905315625 0.346527671875 0.361574165625 0.32894554062500003 0.3563751046875 0.31782213125 0.3537553625 0.3070897140625
33 0.169369159375 1 0.1728364625 0.9930282781249999 0.1809382109375 0.9862510171875 0.186909921875 0.9810426890624999 0.1868433640625 0.979136725 0.1734549796875 0.97400471875 0.165437128125 0.9831843609375 0.15552406093749999 0.9840115953125 0.1558260765625 0.9926601703125 0.15307744843749999 0.9966046515625001 0.15397608437500002 1 0.169369159375 1
57 0.2065718171875 0.9804249859375 0.1994713953125 0.9936014859375 0.2099204296875 0.993236596875 0.21374363281250003 0.9883455265625001 0.21368410624999998 0.98664089375 0.2065718171875 0.9804249859375
39 0.30418643749999996 0.516038278125 0.3023720671875 0.528368725 0.316172415625 0.519468215625 0.32166815 0.5207194875 0.3211701328125 0.5248259078124999 0.3092665234375 0.5329385875 0.3108124875 0.53631216875 0.3347392125 0.5354766296875 0.351169403125 0.5297915890625 0.3771057859375 0.517712284375 0.37705441562500003 0.5162412093750001 0.3583872203125 0.5160697937500001 0.342051025 0.516640265625 0.329853790625 0.516344609375 0.3198652203125 0.5150097 0.307795346875 0.5091773796875 0.30418643749999996 0.516038278125
39 0.1926478421875 0.43532646093749994 0.1974609953125 0.4353989140625 0.2066663109375 0.4326721453125 0.21132693125 0.4375605453125 0.21357602187500002 0.4468627203125 0.2214146515625 0.45091855000000003 0.22718036718749998 0.4507172078125 0.2289344859375 0.44584532968749996 0.2383830921875 0.45008546875000005 0.23814666718750002 0.45249903593749996 0.2414614796875 0.4558709828125 0.24211212343750002 0.45584826093749997 0.24355462499999997 0.45410665312500004 0.2434982609375 0.4524925640625 0.2431626890625 0.44919696875000004 0.23767686562499998 0.43904569843749996 0.2325883921875 0.42190515 0.22661446718749997 0.40696030156249996 0.22015930312499998 0.39660235 0.21454237968749998 0.391146015625 0.2139329515625 0.3911672984375 0.20899852343749997 0.39843527968750003 0.19782782968749998 0.40916820937500004 0.1844540953125 0.41823142031250005 0.1844916828125 0.41930778750000003 0.18609048125 0.43122588906250003 0.1926478421875 0.43532646093749994
39 0.12072839375 0.7647798953125 0.137309403125 0.7620360953125 0.144205384375 0.7574657203124999 0.154089140625 0.7575211890625 0.153963571875 0.7539253921875 0.14764498125 0.754940296875 0.13110744531250001 0.7497450531250001 0.12472626093750001 0.7506894828124999 0.1127738390625 0.7482204968749999 0.10970489218749999 0.7521761640625 0.12072839375 0.7647798953125
6 0.6882649296875 0.4089992140625 0.6922488765625 0.408860090625 0.692052590625 0.403239225 0.6816332046875 0.38956737656249996 0.67714036875 0.3894837390625 0.6736839906250001 0.3915286875 0.6871175015625 0.408858884375 0.6882649296875 0.4089992140625
29 0.7355213265625 0.6027805359375 0.7530021875 0.602170090625 0.75505621875 0.5973779375 0.7517607609375 0.5948471765625001 0.7446634359375001 0.5936518328125 0.7383074203125 0.595316978125 0.7349936609375 0.6014459734375001 0.7355213265625 0.6027805359375
57 0.760879396875 0.435808259375 0.73027839375 0.450346615625 0.7459907328125001 0.4502789890625 0.754664478125 0.4506976890625 0.766338528125 0.4543790515625 0.781500990625 0.4661166546875 0.79442961875 0.47817279687500003 0.8075300609375 0.4939511703125 0.808621715625 0.49391305 0.828634959375 0.4841942546875 0.8292653078125 0.48215528281250003 0.829088834375 0.4771017265625 0.8240094203125 0.47112656875000003 0.8145958953125 0.45870714687499997 0.7971240953125001 0.4451259375 0.780048115625 0.4336956859375 0.769781175 0.4335731546875 0.760879396875 0.435808259375