7 0.4240873953125 0.51992128125 0.4246884203125 0.527295021875 0.4237274984375 0.5309149796875 0.42333472499999997 0.5331760734375 0.4242618453125 0.5358048203125 0.42610786562499997 0.5388791671875001 0.42754467500000004 0.5398483078125 0.42903994062499995 0.5411181921875 0.42907536406249996 0.542437759375 0.433024903125 0.541670046875 0.4331585546875 0.53875708125 0.43618289218750006 0.5350481375 0.4370351140625 0.5330098421875 0.436617684375 0.5287214890625 0.43671816406249997 0.524956675 0.4379631609375 0.520657284375 0.4385584359375 0.5196520671875 0.43779944843749996 0.5157474125 0.43685244531249995 0.514943153125 0.436100703125 0.5132166375 0.4315144203125 0.5131718000000001 0.42670252187499996 0.5141071390625 0.4246473234375 0.51637926875 0.4240873953125 0.51992128125
7 0.46908087812500004 0.559450559375 0.46898039843749995 0.5632153734374999 0.46808077812500004 0.5650990265625 0.476851128125 0.56339424375 0.47832012031250004 0.562024128125 0.4820295234375 0.5575578125 0.484535953125 0.5533253296875 0.485154340625 0.5500840578124999 0.488144796875 0.5454648890625 0.48689049375 0.5390120609375 0.48281599531249997 0.5380543140625 0.4809864140625 0.5393462687499999 0.47904813281249997 0.5422198875 0.472999459375 0.5496377671875 0.4709607 0.5562761984375 0.46908087812500004 0.559450559375
7 0.486759025 0.5381617671875001 0.48425259687500005 0.54239425 0.48232253593749996 0.5474510171875 0.48004172343749996 0.5507033234375001 0.47770244999999995 0.5536548875 0.4762820796875 0.5570520484375 0.47657437187499996 0.558555765625 0.48053404843749997 0.559658725 0.4831738328125 0.5603940281249999 0.4835917296875 0.5604922593749999 0.4874003171875 0.55975194375 0.4887292546875 0.5590020578125 0.48992401093750004 0.5565850734375 0.492087903125 0.5527312796875 0.49402618593750003 0.5498576609375 0.4943605 0.5472958218749999 0.49658285312499995 0.5437427718750001 0.4978945265625 0.541927275 0.49878877031249996 0.535823421875 0.5001242890625 0.5333946796875 0.49922119374999996 0.5287486609375 0.4990481875 0.5285945390625 0.4957233375 0.5286166109375 0.49498803281250003 0.53125639375 0.49299129375 0.5338292671875 0.4892736703125 0.536112434375 0.486759025 0.5381617671875001
7 0.5126124203125 0.2713723765625 0.5048766640625 0.2722518421875 0.50421625625 0.27955866875 0.5068345078125 0.2806024640625 0.5389121578125 0.27436720000000003 0.5385409453125 0.272457478125 0.536003284375 0.2718193625 0.5289525921875 0.271941453125 0.52322179375 0.2724311953125 0.5208660859375 0.27101645625000004 0.5126124203125 0.2713723765625
7 0.5396672984374999 0.2954592859375 0.5405523984375 0.302153590625 0.5410785265625 0.3048602828125 0.5402847609375 0.3071993234375 0.5402929796875 0.3093824734375 0.5424815328125 0.31207812968750004 0.543751184375 0.314328190625 0.5444065921875 0.3162763015625 0.5492204968750001 0.31534057187500003 0.549365065625 0.3132369625 0.5499249953125 0.309694946875 0.551921734375 0.30712207187499996 0.5508776984375 0.30389183750000004 0.5506974859375 0.294053365625 0.5499826828125001 0.29037602812499996 0.5498510249999999 0.2900465953125 0.548247059375 0.290358375 0.5464092593750001 0.2894671796875 0.5432597828125 0.29039148125 0.540970753125 0.2914606375 0.5396672984374999 0.2954592859375
7 0.47133685468750003 0.27884154375 0.471479346875 0.27957460625 0.47255843750000004 0.2816471328125 0.4725242953125 0.28495039843750003 0.4727654375 0.2861909625 0.47517263749999994 0.2908142953125 0.478112934375 0.29523646875 0.47955796250000005 0.298388759375 0.48259873593749997 0.29904611718749996 0.48723525937499995 0.2972085515625 0.490245628125 0.294230575 0.4901494140625 0.293735603125 0.4867429328125 0.28825315156250003 0.481438709375 0.2802330890625 0.4779384828125 0.27935293125 0.4759253078125 0.277559503125 0.4720825484375 0.27705803281249997 0.47133685468750003 0.27884154375
30 0.42083042031250006 0.8004517812499999 0.42507417031249994 0.8008753078125 0.43157407656249996 0.791497075 0.444807721875 0.7739435890624999 0.43888510781249995 0.7691647953125 0.434459646875 0.7690106734375 0.43323838124999997 0.7692480625 0.413704834375 0.7959068265625 0.4154339359375 0.7983796843750001 0.412075284375 0.8046504609375 0.41491732187499997 0.8062359578124999 0.41644436249999994 0.80593913125 0.42083042031250006 0.8004517812499999
57 0.5440544359375 0.037133984375 0.5454492234375 0.0421686796875 0.5510058640625 0.045988654687500005 0.56695125625 0.042889184375 0.569772396875 0.0400661375 0.56812865 0.03160979375 0.565574621875 0.0279571734375 0.5614395703125 0.025951984374999997 0.5559343875 0.02546155 0.5511809484375 0.02669763125 0.5452912125 0.0306514421875 0.5440544359375 0.037133984375
29 0.5682325359375 0.02256385625 0.5664380984374999 0.022912659374999998 0.567762553125 0.0297263828125 0.5680920296874999 0.029933482812500002 0.575270346875 0.028538159375 0.576561096875 0.026874976562500003 0.576529425 0.025695128125 0.5762122875 0.02406359375 0.574882234375 0.0225197125 0.5735541234375 0.0199689109375 0.57085588125 0.018932859375 0.5701708156249999 0.0196902375 0.5684581515625 0.0215836796875 0.5682325359375 0.02256385625
57 0.57777735625 0.027980621875 0.5792141640625 0.028949762499999997 0.580088590625 0.0291933328125 0.5915138453125001 0.026972487499999996 0.5917033609375 0.026834215625 0.592381421875 0.02535840625 0.5911796890625001 0.019176034375 0.5888050859375 0.0183464859375 0.5839931859374999 0.019281825 0.5802755656249999 0.021564990625 0.5769589359375 0.0237702125 0.5772512296875 0.025273929687500002 0.57777735625 0.027980621875
57 0.5943542359375 0.0271850328125 0.59519575 0.029440287500000002 0.6131877375 0.025942998437499996 0.611474259375 0.017127921875 0.6098513296875 0.0169942453125 0.5917564718749999 0.022384171875 0.5896428171875 0.0243555578125 0.590678634375 0.02540264375 0.5943542359375 0.0271850328125
57 0.5574917515625 0.11012991093749999 0.5587309328125001 0.10609499062500001 0.558534465625 0.10508425156250001 0.5543176203125 0.1045047640625 0.5513435234374999 0.10633129687500001 0.548753821875 0.1120889171875 0.5492749953125 0.1147701296875 0.554862903125 0.11368395 0.5574917515625 0.11012991093749999
57 0.587420146875 0.10576371874999999 0.5932429781249999 0.104631875 0.5947179765625 0.10267539218749999 0.5971157078125 0.100024571875 0.58357425625 0.096726734375 0.5792382468749999 0.10225117343750001 0.58113450625 0.1034431109375 0.587420146875 0.10576371874999999
57 0.5583065828125 0.138482484375 0.5616357437499999 0.13741658125 0.559643259375 0.12716613593749998 0.5551964421875 0.128280334375 0.5511362875 0.1309421875 0.549832834375 0.1349408359375 0.550592796875 0.138850503125 0.551095428125 0.139884190625 0.5583065828125 0.138482484375
57 0.5283433671875 0.1505644859375 0.528539259375 0.1506356453125 0.535298475 0.1493217875 0.5348103453124999 0.1468105796875 0.5322866046875 0.1473011453125 0.5295883640625 0.1462650953125 0.5268983390625 0.147412196875 0.5285689828125 0.149584309375 0.5283433671875 0.1505644859375
57 0.5643448359375001 0.1548179609375 0.5648202859375 0.153799625 0.5642871984375 0.151057128125 0.5613900921874999 0.15071070312499998 0.5565197359375 0.151345296875 0.5572212390625 0.1549542203125 0.5590005796875 0.155544671875 0.559560278125 0.15574798437499998 0.5643448359375001 0.1548179609375
57 0.540401215625 0.1919507453125 0.5404073046875 0.191982071875 0.545124825 0.1951640828125 0.54723939375 0.194753053125 0.5520705718750001 0.190006265625 0.5576259921875 0.1886142921875 0.557275240625 0.18680983125 0.5562978828125 0.186063490625 0.5578197968749999 0.1832957734375 0.5578132609375 0.1832621453125 0.553015053125 0.18202000625 0.5482698328125 0.1854392375 0.546607409375 0.1854502734375 0.5439173859374999 0.1865973765625 0.5432405390625 0.1895379015625 0.540401215625 0.1919507453125
57 0.524611909375 0.176232346875 0.5243005203125 0.1746303890625 0.522835109375 0.17276481562499998 0.523781553125 0.17196053125 0.5236171390625 0.1711146921875 0.522826890625 0.170581665625 0.52042094375 0.171049334375 0.5162356515625001 0.1709265515625 0.5192344078125 0.17564946875 0.5230771625 0.17615093906249998 0.524611909375 0.176232346875
57 0.5179264406249999 0.29998178124999997 0.515754325 0.301652425 0.5081939453125 0.30343412187499996 0.502922596875 0.304146659375 0.5014437671875001 0.3072430765625 0.5032897859375 0.3103174234375 0.513723784375 0.31047400625 0.519721915625 0.3099323015625 0.535672184375 0.30683188437500003 0.5347016984375 0.301839165625 0.5334646281250001 0.30070674531249997 0.5335733265625 0.29912508125000004 0.5283522171875 0.29795521406250003 0.524342303125 0.29873466249999997 0.5179264406249999 0.29998178124999997
57 0.52401405625 0.31803985468749996 0.522585465625 0.319253865625 0.5199539015625 0.3207017109375 0.5217999234375 0.32377605468750004 0.52188614375 0.32383732187500003 0.547177246875 0.31892122968750003 0.5505097578125 0.3176540421875 0.550260409375 0.31637125625 0.5475136171874999 0.31690517812499996 0.544932290625 0.316470615625 0.5439467125 0.31354112500000003 0.538959440625 0.3135742328125 0.5302545453125 0.31589050625000004 0.52401405625 0.31803985468749996
57 0.543206959375 0.35439925625 0.5583277203125 0.3508358640625 0.5615629734375001 0.3499514578125 0.5610956703125 0.3475473875 0.5554961203125 0.344832028125 0.5496484046875 0.3447202828125 0.54369199375 0.34619019687499997 0.54117734375 0.3482395296875 0.5382617046875 0.35036680625 0.543206959375 0.35439925625
57 0.5956158406250001 0.328606659375 0.5945350875 0.3230466609375 0.5944727453125 0.32304707499999996 0.5925262453125 0.3237375421875 0.5916237843750001 0.3276582453125 0.5926114109375 0.3291906609375 0.5956158406250001 0.328606659375
57 0.77416579375 0.2095375875 0.774188865625 0.2073054359375 0.7738144874999999 0.2053794296875 0.7725919125 0.20396030468749998 0.7491343734375 0.20102942499999998 0.745600346875 0.20639797343750002 0.7461849328125 0.20940540937500002 0.7651226671875 0.21129539375 0.77416579375 0.2095375875
57 0.7274191625 0.523535746875 0.7269298890625 0.5210186484375 0.72098969375 0.517530259375 0.7179752359375 0.518116209375 0.714188746875 0.5196168906249999 0.7087748984375 0.5281598 0.7121746453125 0.5328047734375 0.7172300125 0.5325867703125 0.72299025625 0.5314670921875 0.7274191625 0.523535746875
57 0.5752699140625 0.47439065312500006 0.5791464734375 0.46864341718749997 0.578731959375 0.462844684375 0.5785358781250001 0.461835934375 0.5720629078125 0.460032903125 0.56589731875 0.46684929531249997 0.5670126093750001 0.4762532078125 0.5672318265625 0.4773809875 0.5691164890625 0.477014646875 0.5752699140625 0.47439065312500006
57 0.5738443171875 0.22781466718750001 0.57143836875 0.2282823359375 0.5714465875 0.2304654859375 0.575990846875 0.23457587968750002 0.5770935265625 0.23511059687500002 0.5820307359375 0.23415090156249999 0.58144921875 0.23115925625 0.5805022328125 0.22995367187500002 0.5783218984375 0.2294411671875 0.5773947796875001 0.22681241875000002 0.5749303718750001 0.22697934531250002 0.5738443171875 0.22781466718750001
57 0.40980370781250003 0.7024322734374999 0.4094191546875 0.7068765171875 0.4097196671875 0.7105633859375 0.41175683750000003 0.7113456031250001 0.442502865625 0.70536918125 0.44419618437499997 0.7042432953125 0.44076661093749997 0.6865996671875 0.437598184375 0.6848574078125 0.42682986874999995 0.6872626640624999 0.42139958125000004 0.691439271875 0.4122352375 0.6935327484375 0.4083504609375 0.6970968328125 0.40980370781250003 0.7024322734374999
57 0.4194933703125 0.6046149546875 0.4193262125 0.6058958718749999 0.41942267031249997 0.6063921015625 0.42741443125 0.6048386609375 0.42676967499999996 0.603512690625 0.4261933078125 0.6026884046875 0.424413965625 0.602097953125 0.42281 0.6024097328125 0.4208050421875 0.6027994578125 0.4194933703125 0.6046149546875
57 0.4484256578125 0.4246482125 0.4473980578125 0.42578427812499997 0.44470803437499995 0.4269313796875 0.443479478125 0.435597071875 0.4438302296875 0.4374015328125 0.44504142187499995 0.43935084843750005 0.448483190625 0.43993026406249996 0.4499702375 0.43901699687500007 0.45501596875 0.439284634375 0.45673685312499995 0.4395743421875 0.45756178593749997 0.43980412500000005 0.46586565156250004 0.43819001718750006 0.4660181171875 0.438082353125 0.46755540624999997 0.43528668125000003 0.46765588437499994 0.43152186718749996 0.46810751718750004 0.42600439218749997 0.4666738203125 0.4186286578125 0.46588568593749996 0.4181332578125 0.460011628125 0.418635240625 0.45734502499999996 0.41915357656249996 0.4576987 0.42097307500000003 0.45609473281249996 0.4212848546875 0.453805703125 0.42235401093749997 0.45088184531250003 0.4222981375 0.4476739140625 0.4229216953125 0.4484256578125 0.4246482125
57 0.45176817968750005 0.5982477359375 0.46214371875 0.598103575 0.4740729828125 0.5995300421875001 0.4760492390625 0.6017519906250001 0.483279815625 0.600346509375 0.4858186546875 0.5978711296875 0.48747677500000003 0.59116111875 0.48587969375 0.582944853125 0.48581958125 0.582889825 0.4772736234375 0.5817420265625 0.4698803984375 0.582242803125 0.4660376421875 0.5817413328125001 0.4591541078125 0.5805825 0.4529739078125 0.57917771875 0.4487775296875 0.5799934125 0.447926346875 0.58276495625 0.4471408 0.5872871468749999 0.4459460453125 0.58970413125 0.44699008281249997 0.5929343671875 0.44637169375 0.5961756375 0.45176817968750005 0.5982477359375
57 0.4924324578125 0.5771568859375 0.49192276875 0.5788164953125 0.4880379890625 0.5823805796875 0.48856411718750004 0.5850872734375 0.4916948828125 0.587568571875 0.49505347187500004 0.5869157296874999 0.5005354015625 0.582448184375 0.5018470749999999 0.5806326875 0.501780396875 0.5781487921874999 0.49959184375000004 0.5754531359375 0.494838403125 0.57668921875 0.4924324578125 0.5771568859375
57 0.5769063953125 0.46292630625 0.57836715625 0.4704412640625 0.589344296875 0.468307525 0.5879387203124999 0.46107645625 0.5769063953125 0.46292630625
57 0.568962471875 0.437151478125 0.5680443875 0.43242834375 0.5651201859375 0.4332538046875 0.5646771734375 0.43739730625 0.5667990484375001 0.43760906874999994 0.56684281875 0.4376629828125 0.5688958921875 0.43726390468750004 0.568962471875 0.437151478125
57 0.424590621875 0.5012218984375 0.42736375937500004 0.506924990625 0.4298665875 0.5136325546875 0.4354077765625 0.51255545625 0.4355251640625 0.51251703125 0.43557395625 0.512487065625 0.4338250078125 0.503489503125 0.4331950375 0.5026704375 0.4335604828125 0.5021286421875 0.432686525 0.49763252031249994 0.4319047078125 0.495727190625 0.430323790625 0.49603449062499994 0.430246521875 0.4960651140625 0.42847540000000006 0.49765781249999996 0.4292271421875 0.499384328125 0.4265289 0.4983482796875 0.4241229515625 0.4988159484375 0.424590621875 0.5012218984375
29 0.3609007015625 0.816735725 0.373273796875 0.8143306390625 0.37248036562500003 0.8102487937499999 0.37126006562499997 0.808011771875 0.36466060625 0.806173509375 0.36019945781249996 0.8089133078125 0.358210940625 0.8136693328125 0.3609007015625 0.816735725
57 0.38072711406250004 0.8876938671874999 0.38755975625 0.8823395578125 0.3879184 0.8814817765624999 0.3872302671875 0.8779416437500001 0.3726326625 0.861208865625 0.36484666718750003 0.8639707359375001 0.35954151875 0.8709319859375 0.3749700828125 0.8882199203125 0.37717633125 0.8883840703124999 0.38072711406250004 0.8876938671874999
57 0.43223656562499996 0.628854271875 0.4316684171875 0.6302131359375001 0.43202738749999997 0.6342007484375001 0.4319771484375 0.63608315625 0.43140900000000004 0.6374420203125 0.4310141734375 0.639157328125 0.43869745625 0.63766385 0.4393119125 0.6352816359375 0.439529309375 0.632118309375 0.4395795484375 0.6302359015625 0.440431771875 0.62819760625 0.437106921875 0.628219678125 0.43223656562499996 0.628854271875
57 0.4410071734375 0.5433019406249999 0.4442351984375 0.5419254203125 0.4474431296875 0.5413018609375 0.4502831859375 0.539026590625 0.449949753125 0.5373112250000001 0.449490109375 0.5368465812500001 0.4451376609375 0.5380047171875 0.441762571875 0.5399091968749999 0.43477855937500004 0.5425151765625 0.43566596406249997 0.5443401671875 0.4410071734375 0.5433019406249999
57 0.49310916718750003 0.4479847796875 0.48833836406250003 0.4598358671875 0.4912208484375 0.46032112812500003 0.503107728125 0.458010553125 0.5033504234375 0.45785413750000004 0.5105098140625 0.4561503875 0.512529334375 0.44981439375 0.510511775 0.43943495 0.5101015296875 0.4390638734375 0.5060249375 0.43735942968749997 0.50207348125 0.4384396203125 0.49829739999999995 0.44042204375000005 0.49475515468750003 0.443607440625 0.49310916718750003 0.4479847796875
29 0.387623425 0.9313669687499999 0.38688811875 0.9340067515625 0.3868486703125 0.934256303125 0.392866428125 0.93308656875 0.3922681671875 0.93171255 0.3946658953125 0.92906173125 0.3972974609375 0.9276138843749999 0.40216781875 0.9269792906250001 0.40834984687500003 0.9245291984374999 0.410338684375 0.9231247859374999 0.4094908265625 0.9187629375 0.4051839359375 0.9210872 0.39900190625 0.9235372921874999 0.39430692500000003 0.9250741187499999 0.3919091953125 0.9277249375000001 0.38951146406250003 0.9303757578124999 0.387623425 0.9313669687499999
57 0.32304909375 1 0.3243049765625 0.99670958125 0.32424758124999997 0.9961199437499999 0.3234408484375 0.9919696671875 0.3218159109375 0.9903270546874999 0.3111809546875 0.9977000984375 0.317512340625 1 0.32304909375 1
29 0.3579834625 0.8548882453125 0.35959564843749997 0.8567596140625 0.363680459375 0.8606472109375 0.363902875 0.8607210171874999 0.36610833125000003 0.86029231875 0.36602795 0.8598787968750001 0.36510904843750003 0.8594332 0.3606817046875 0.8559242921875001 0.3604478703125 0.8547213171875001 0.3630209765625 0.852972728125 0.3649090171875 0.8519815171875 0.3666299 0.852271225 0.36870153437500003 0.8543653953125 0.3702552609375 0.855936021875 0.3706060125 0.857740484375 0.36804645625 0.8599155859375 0.37087845937499997 0.8593651 0.37222643906249997 0.8580753578125 0.371537121875 0.85452913125 0.367139590625 0.85061161875 0.3657612390625 0.8499432234375 0.3629543 0.8504888375 0.35935359375 0.853373490625 0.3578665453125 0.8542867578125 0.3579834625 0.8548882453125
57 0.4493776625 0.7072163453125 0.45015959531250005 0.707064353125 0.45168382031250004 0.7061282546875 0.4537217390625 0.7063719421875 0.45414445 0.706289775 0.4533084890625 0.701989134375 0.451993478125 0.697016965625 0.44735788125 0.6838732265624999 0.44295519531250005 0.68691376875 0.44642983750000004 0.6962257875 0.4493776625 0.7072163453125
57 0.401842628125 0.7164562203125 0.4048500609375 0.715871634375 0.404455465625 0.713841615625 0.40547484687499996 0.7105224 0.40671151875 0.707933021875 0.40638604999999994 0.70625863125 0.4062603921875 0.7060002078125 0.4042554328125 0.7063899328125001 0.40289352031250003 0.7100878374999999 0.40261766562499995 0.7129504203125 0.40240027031250003 0.7161137453124999 0.401842628125 0.7164562203125
57 0.39433430937499997 0.8802736624999999 0.3959788546875 0.8950911765624999 0.4031423421875 0.894479003125 0.4031774375 0.8944721812499999 0.4003373703125 0.8798613046874999 0.395349059375 0.880076415625 0.39433430937499997 0.8802736624999999
57 0.3752943109375 0.8055110078125001 0.3761127328125 0.8097214171875 0.3824281171875 0.8122391125 0.39383947343750003 0.8131420359374999 0.39561123125000003 0.814763915625 0.397187128125 0.8144575921874999 0.3993948953125 0.811750065625 0.3977827125 0.80987869375 0.4038396046875 0.804643965625 0.4052015171875 0.8009460609374999 0.405191859375 0.798380859375 0.4048357109375 0.7965486359375 0.3941747140625 0.7955988890625 0.3826956734375 0.79499001875 0.3796481375 0.7955823984375 0.3789288171875 0.7963776453125 0.3840330078125 0.7969460234375 0.3849601265625 0.7995747718749999 0.382963390625 0.8021476468750001 0.380106209375 0.8045756687500001 0.3752943109375 0.8055110078125001
57 0.401474796875 0.8693352234375 0.4003567390625 0.8635833109375 0.39699553125000003 0.8645021515625 0.39516595 0.8657941062500001 0.392834896875 0.8709288187500001 0.3929833046875 0.8709858015625 0.401474796875 0.8693352234375
57 0.3857340625 0.8612526984375 0.3880798640625 0.8607967203125 0.388305525 0.8590674796875 0.388325734375 0.8590108828125 0.3873042921875 0.853756015625 0.386852278125 0.853732040625 0.38410379843750003 0.8545783968749999 0.38445455 0.8563828593749999 0.3832013359375 0.8584991000000001 0.3836690046875 0.8609050500000001 0.3857340625 0.8612526984375
57 0.445023821875 0.44704770624999995 0.44651908906250004 0.44831758749999995 0.44806459531250004 0.447705065625 0.4488247890625 0.4478694046875 0.4519324734375 0.4472653328125 0.4527595765625 0.44616823906249997 0.4544126015625 0.44562714843749995 0.4541177625 0.44411033125 0.4508633171875 0.4449763015625 0.44684518281249996 0.4435726 0.44380440937500004 0.442915240625 0.44265989218749996 0.4434498171875 0.4431860203125 0.4461565109375 0.445023821875 0.44704770624999995
57 0.41253458906249996 0.732885846875 0.41036247656249997 0.734556490625 0.4116905875 0.7371072937500001 0.41061275 0.740125765625 0.4135950640625 0.7404823828125 0.416001015625 0.7400147125000001 0.4191587078125 0.7412735609375 0.42160295625 0.742858353125 0.44140358125 0.7390095015625 0.4392508421875 0.727934615625 0.4338958375 0.72717310625 0.42976078749999996 0.7251679171875 0.42414690625 0.7262591453125 0.42112256875 0.7299680859375 0.41253458906249996 0.732885846875
57 0.412866571875 0.7477868390625 0.41300979531250004 0.748523659375 0.41523584375 0.7493784015625 0.4156450546875 0.7514836078125 0.4167977890625 0.753132178125 0.4212753734375 0.7547586796875 0.42259629375 0.7553992265625 0.4280347390625 0.7543421 0.428551678125 0.753656415625 0.4307237953125 0.7519857703125 0.4316929328125 0.7505489640625 0.4323988703125 0.7500060015625001 0.43211003281249993 0.7485200562500001 0.42743274531250003 0.7457591359375 0.42507703750000003 0.7443444 0.42163527187499994 0.7437649859375 0.4213009578125 0.746326821875 0.413164209375 0.7472842328125 0.412866571875 0.7477868390625
57 0.4057746546875 0.786446528125 0.40655326406250003 0.788760828125 0.40865845937499995 0.7883516187499999 0.4109596984375 0.7871097296875 0.4095915203125 0.7800710640624999 0.4094173796875 0.779496315625 0.4067858140625 0.7809441625 0.40437986718749996 0.78141183125 0.40368531562500004 0.78244154375 0.40391305937500005 0.7836131890625 0.4057746546875 0.786446528125
57 0.41501780000000005 0.75627153125 0.4158127484375 0.7547547906250001 0.41535153437499994 0.75238205 0.414199378125 0.7520611203125 0.4096715546875 0.7523170265625 0.40669745781250005 0.7541435578125 0.4080992640625 0.7582171640625 0.414744378125 0.756925484375 0.41501780000000005 0.75627153125
57 0.42896045781250003 0.7593587359375 0.42169237031250006 0.7626441500000001 0.42256103125 0.764972153125 0.42872569687500006 0.77313706875 0.436394775 0.7697737124999999 0.440229315625 0.7680920328124999 0.444807378125 0.7659537203125 0.44961927656249995 0.7650183828125 0.44964128593749997 0.765011178125 0.4481066546875 0.7571161890625 0.44677124218750003 0.75464824375 0.44636203124999996 0.752543040625 0.4366879953125 0.7562961203125 0.4356019375 0.7571314421875 0.4310238734375 0.7592697562499999 0.42896045781250003 0.7593587359375
57 0.3791093015625 0.8460510390625 0.3790704078125 0.8498140234375 0.384732371875 0.8487134484375 0.3837420828125 0.843618853125 0.3791093015625 0.8460510390625
57 0.434542171875 0.8664968046875 0.43440881718749996 0.8615290171875 0.43439761875 0.8585544765625001 0.43413236250000004 0.8571898515624999 0.427805296875 0.8578501125000001 0.42745999687499997 0.8579172328125001 0.4275837421875 0.8606709296874999 0.4282267875 0.863979109375 0.42589573437499995 0.869113821875 0.42900079843750005 0.870351690625 0.4331158234375 0.8695518109375 0.434542171875 0.8664968046875
57 0.4005860671875 0.934956778125 0.398129878125 0.9373068531250001 0.40611590625 0.9419966640625 0.40938229687499994 0.9416738484374999 0.41260414531249995 0.9435756484375 0.41578547187500003 0.9429572625 0.41574732656249996 0.9427610234375001 0.4130999203125 0.9393906812499999 0.41075243125 0.9401590953125 0.40690145156249996 0.9374744734375 0.40265770312500004 0.9370509468750001 0.4005860671875 0.934956778125
57 0.427180853125 0.945517459375 0.430150696875 0.9449401796875 0.43011110625000004 0.9434653671875 0.4314145609375 0.93946671875 0.43206602656250004 0.9366364609375 0.43148972187499995 0.9336716328125 0.42656156718749993 0.92948630625 0.42456482968750003 0.93205918125 0.4206882703125 0.9378064171875 0.41852437499999995 0.9416602125000001 0.4181900609375 0.9442220499999999 0.427180853125 0.945517459375
35 0.5682740046875 0.07811861406250001 0.5664946625 0.0775281625 0.5630611156249999 0.079131896875 0.561231534375 0.08042385156250001 0.56072184375 0.082083459375 0.56498203125 0.0868732859375 0.5664773000000001 0.08814316875 0.5682041765625 0.0888062421875 0.5737218125 0.087733721875 0.573870521875 0.0876423921875 0.5762180125 0.0868739796875 0.577529684375 0.0850584828125 0.5795848828125 0.0827863515625 0.5784321484375 0.08113778125 0.5682740046875 0.07811861406250001
33 0.5534699484375001 0.16808964375 0.56013683125 0.1715533609375 0.5631632062499999 0.17096509375 0.5646556890625 0.1699727453125 0.5692922109375 0.168135175 0.58253260625 0.1630334390625 0.582011025 0.1603501375 0.5792841234375 0.157453953125 0.5733030515624999 0.15237442031249998 0.56489045 0.1561944125 0.5571629125 0.15925702656250001 0.548407778125 0.16345570625 0.5534699484375001 0.16808964375
33 0.4782130390625 0.35494645625 0.47919861875 0.35787595 0.483851578125 0.360404678125 0.48645524218749997 0.36096754375 0.4950212546875 0.3593024796875 0.5027319828125 0.35049256406249996 0.49738573593749996 0.3465380609375 0.4916969578125 0.3429622421875 0.4878542 0.3424607734375 0.48300850000000006 0.34964481875 0.4782130390625 0.35494645625
33 0.5352036906250001 0.4883818609375 0.5521081859375 0.481464771875 0.551888321875 0.48033366875 0.5452044703125 0.4677583125 0.5354135171875 0.470909909375 0.527024059375 0.47525038906250006 0.527270634375 0.4765189078125 0.5333694703125 0.488738396875 0.5352036906250001 0.4883818609375
33 0.465842665625 0.5059684812499999 0.46166559375 0.50802885 0.4623004203125 0.5091538796874999 0.46379568750000005 0.5104237625 0.4664436890625 0.5133422171875 0.46788049843749996 0.5143113578125 0.4698516546875 0.5201703390625 0.47084108750000003 0.5215853671875 0.49071105 0.5177230374999999 0.48918171718750003 0.5098553015625 0.4873454875 0.5074066796875 0.483762146875 0.499676325 0.47808980625 0.500466809375 0.47236722656249996 0.5031397 0.465842665625 0.5059684812499999
39 0.5221286109375 0.5237648421875 0.5215893281249999 0.520990478125 0.4949770953125 0.5088414453125 0.4922286140625 0.5096878015625 0.48531949843750005 0.516960828125 0.5110793218749999 0.52808955 0.51973944375 0.5264061921875001 0.5221286109375 0.5237648421875
33 0.4649557515625 0.50164654375 0.466281921875 0.5017788953125 0.46853750156249996 0.50134045625 0.470970625 0.5004773703125001 0.4733098953125 0.497525809375 0.4733016765625 0.4953426578125 0.48193167499999995 0.4883593390625 0.490006728125 0.48134434375 0.48962467812500005 0.47937886875 0.4820599078125 0.47483579374999996 0.48160879375 0.47492348125 0.48051223125 0.476775190625 0.477304296875 0.47739875 0.4707797359375 0.48022753125 0.46182364062500003 0.49195583750000005 0.46075402343749994 0.497157459375 0.4649557515625 0.50164654375
33 0.40888169375 0.661093484375 0.40573222031249995 0.6620177875000001 0.408204846875 0.6640340124999999 0.411997365625 0.6664178875 0.414069 0.6685120578125 0.4148792015625 0.6705393187500001 0.41304962187500005 0.6718312734375 0.4112702796875 0.671240821875 0.4090899453125 0.6707283140625 0.40858025624999994 0.672387921875 0.40836285937500005 0.67555125 0.4082541609375 0.6771329140625 0.42982365937499994 0.681055003125 0.43395049218750004 0.6808770421875 0.4386536921875 0.6815233671875001 0.4446767828125 0.68253734375 0.45018073437500006 0.6777094140625 0.4495758 0.6745972921875001 0.448027215625 0.6740834171875 0.4356640828125 0.6640022921875001 0.4271016875 0.658488196875 0.4241778296875 0.6584323234375 0.41575700937500004 0.6600691656250001 0.40888169375 0.661093484375
39 0.5146152546875 0.46418499375 0.5160520640625 0.465154134375 0.5121006078125 0.4662343265625 0.5084999015625 0.46911897968750005 0.5111479046875 0.47203743593749997 0.5139046046875 0.4733742296875 0.5163105546875 0.47290656093749994 0.5175802078125 0.4751566203125 0.5210031109375 0.47681647031249996 0.5241107984375 0.476212396875 0.5248062734375 0.4759367640625 0.5274962953125 0.4747896625 0.5296099515625 0.472818275 0.5323584328125001 0.47197191875 0.5343049328125 0.47128145000000005 0.53623499375 0.46622467968750003 0.5355919484375 0.46291650000000006 0.5319081296875 0.4589509625 0.5283494453124999 0.4577700578125 0.524164153125 0.4576472765625 0.5226688875 0.45637739218749995 0.5203352359375 0.45625360937500004 0.5194329984375 0.45642898593750003 0.5153925796875 0.45747965625000003 0.512761015625 0.45892750156249995 0.5099705140624999 0.46383941406250007 0.5127189953125 0.4629930578125 0.5142645031249999 0.4623805359375 0.5146152546875 0.46418499375
12 0.7587250921875001 0.26696110625 0.734268140625 0.269726853125 0.7338671484375 0.26980479687500003 0.734699946875 0.27610352968749996 0.7595627890625 0.2712706828125 0.7587250921875001 0.26696110625
12 0.7389095593749999 0.16164716875000001 0.7429779328125 0.16116846406250002 0.7476144546875 0.1593308953125 0.748971253125 0.15127141875 0.748050509375 0.14653460625 0.7453263484375 0.145418740625 0.7417758859375 0.14642098750000002 0.7386346296874999 0.14952844062499998 0.7376819265625 0.1553315515625 0.7399873968749999 0.15862869531249998 0.7389095593749999 0.16164716875000001
12 0.9003117640625 0.4237790203125 0.902904459375 0.4097920359375 0.9036875734375001 0.406755946875 0.9028627234375 0.402512459375 0.9026459671874999 0.40203961093749996 0.8957222453125 0.4023867046875 0.8939127687499999 0.40273843125 0.8878084125000001 0.423330553125 0.8878877609375 0.4237387609375 0.89040611875 0.424705740625 0.8949924015624999 0.424750578125 0.8960466765625 0.42460806875 0.9003117640625 0.4237790203125
41 0.4650964828125 0.6643672953124999 0.46397407656249995 0.6585930171875 0.461214753125 0.659129375 0.45921801562500003 0.66170225 0.46066304375 0.664854540625 0.46289854531249996 0.66479453125 0.4650964828125 0.6643672953124999
41 0.4531029109375 0.7558363203125 0.44696616093749997 0.757029184375 0.4477696703125 0.7591825890624999 0.452783471875 0.768632371875 0.4545340875 0.7682920859375 0.456450446875 0.76728600625 0.454849459375 0.759049640625 0.4531029109375 0.7558363203125
42 0.4528184140625 0.37705635000000004 0.461561821875 0.3992329765625 0.4628548265625 0.398981640625 0.4625393421875 0.397358615625 0.45439643125 0.3769836953125 0.4537511 0.37687505468750004 0.4528184140625 0.37705635000000004
42 0.452358590625 0.39885275937500003 0.45015175 0.42175341718750003 0.4514131828125 0.42182032812500003 0.45364218593750005 0.4007196171875 0.4531811140625 0.3983476078125 0.452358590625 0.39885275937500003
42 0.43553353125000005 0.8637292234375 0.43449315312500003 0.9027107265625001 0.43650367812499996 0.90231991875 0.43777485 0.8677400078125 0.436942015625 0.8634554421875 0.43553353125000005 0.8637292234375
42 0.51646500625 0.21090967031250002 0.522815115625 0.1921973515625 0.5208101578125001 0.19258707656250001 0.5141175140625001 0.2116780828125 0.51646500625 0.21090967031250002
38 0.4264880328125 0.882544128125 0.4269455984375 0.8834851390624999 0.43419452343750004 0.8820760906249999 0.43348790312499996 0.8784408499999999 0.433062834375 0.8778329406250001 0.43094095781249997 0.877621178125 0.4281924765625 0.8784675359375 0.42647981250000006 0.8803609781249999 0.4264880328125 0.882544128125
38 0.41511804375 0.7934629828124999 0.41533943593749995 0.7932638937500001 0.41476873437500006 0.790327884375 0.41236232968750003 0.789722775 0.41053274687499997 0.7910147296875001 0.4096220640625 0.7927522828125 0.41065788281250004 0.7937993671875 0.41126852812500003 0.7942112515625 0.41511804375 0.7934629828124999
38 0.40413604531249997 0.81629035 0.41004171874999995 0.8151424031250001 0.40960656718750005 0.8129037406249999 0.40951180625 0.8128577890625 0.40813345468750006 0.8121893921875 0.4057859640625 0.8129578046875 0.40413175937499995 0.8151519921875 0.40413604531249997 0.81629035
38 0.41695903124999995 0.82616244375 0.4167680671875 0.8251800156250001 0.4162414375 0.823862296875 0.41325911875 0.8235056796875 0.4111454640625 0.8254770671875 0.4109932875 0.8276913953125 0.416824846875 0.8265578546875 0.41695903124999995 0.82616244375
38 0.40990888593749997 0.8963472093749999 0.40604182499999997 0.8970988906249999 0.4059002203125 0.89717323125 0.4054489890625 0.8991335828125001 0.4086569203125 0.8985100234375001 0.409858921875 0.9011321562499999 0.41080330312499996 0.9009485875 0.40990888593749997 0.8963472093749999
38 0.40213068593749995 0.840556325 0.40531105 0.839938125 0.4047012 0.836800725 0.402559084375 0.8363376375 0.40129764999999995 0.8362707281249999 0.400445428125 0.838309025 0.4020576125 0.840180396875 0.40213068593749995 0.840556325