7 0.164962053125 0.27585970625 0.146275190625 0.2830329203125 0.1363019 0.2855486296875 0.1285186625 0.29148986093749996 0.1287037578125 0.29995121406249997 0.12626545312499998 0.3061379015625 0.1260172 0.3157501109375 0.13089429375 0.3250357296875 0.1384525984375 0.3378865015625 0.1638947125 0.34945119999999996 0.1857311109375 0.358461971875 0.20058149531249997 0.36523188125 0.2129182734375 0.37001315 0.22546455 0.37107131875 0.23404714843750002 0.36777676718749996 0.2472527421875 0.361427753125 0.26521720000000004 0.348952965625 0.273797659375 0.33482964375 0.27116762968749997 0.31807546875 0.2672901953125 0.30797440625 0.2555490046875 0.299828959375 0.22443257499999997 0.2871607328125 0.21002136562499998 0.281534915625 0.1894966671875 0.2736614765625 0.1771137359375 0.2721796203125 0.164962053125 0.27585970625
6 0.619420353125 0.9227847562499999 0.6186333671875001 0.9230868515624999 0.6125581437500001 0.9310142015625 0.630993275 0.9367526328125001 0.6317802625 0.9364505359375 0.6355323328125 0.9315545890625 0.6338955187499999 0.9272905421875001 0.619420353125 0.9227847562499999
6 0.2699637953125 0.7177162390625 0.267132465625 0.7194594234375 0.27403200625 0.730594053125 0.27616743125 0.72786439375 0.27458173124999996 0.7237335015624999 0.2699637953125 0.7177162390625
6 0.28096764531249996 0.7054890234375 0.280937909375 0.7054115609375 0.277843934375 0.7040340328125 0.26374315625 0.71729826875 0.263781584375 0.7173983765624999 0.264217275 0.7177069765625 0.2723342125 0.7145911765624999 0.28096764531249996 0.7054890234375
6 0.284615703125 0.74017499375 0.285767221875 0.7496026640625 0.2897238796875 0.7480838453125 0.2893039859375 0.7446461125 0.2873551484375 0.739569215625 0.284615703125 0.74017499375
6 0.2837744109375 0.752041296875 0.28211034375 0.74770625 0.2783994703125 0.7425857953125 0.274201525 0.7448296453125 0.2746658609375 0.7460392828125 0.2790056234375 0.7538718624999999 0.2837744109375 0.752041296875
6 0.1340899203125 0.937937096875 0.135355296875 0.9412335171875 0.13556368593749998 0.9411535234375 0.15019988906249998 0.9229129953124999 0.1501077390625 0.9226729390624999 0.1340899203125 0.937937096875
6 0.08077147031250001 0.61560450625 0.0741499375 0.609254934375 0.0684872796875 0.612741303125 0.0771853359375 0.6204617421874999 0.0795731046875 0.6195451624999999 0.08164443125000001 0.6178786484375001 0.08077147031250001 0.61560450625
6 0.059501415625 0.583734696875 0.0654628890625 0.5948356140625 0.06685759218750001 0.5943002374999999 0.0688395421875 0.5932408625 0.0666329765625 0.5874925609375 0.0633275921875 0.582265965625 0.059501415625 0.583734696875
6 0.041138575 0.5565472546875 0.040877512500000004 0.5657787828124999 0.0471783703125 0.5633601109375 0.048220400000000004 0.5569663328125001 0.0471706890625 0.5542317437500001 0.041138575 0.5565472546875
6 0.058362565624999994 0.5749667078125 0.0602988546875 0.581754925 0.0638998875 0.58037261875 0.06138011249999999 0.57380838125 0.058362565624999994 0.5749667078125
6 0.3126416109375 0.18195642343750001 0.3098418609375 0.1746628265625 0.3067446375 0.1758517390625 0.31093364375 0.18261205 0.3126416109375 0.18195642343750001
6 0.32829293125 0.156110603125 0.3229654890625 0.1627499875 0.32711434375000004 0.1644390859375 0.3316173234375 0.1572690953125 0.331344725 0.156558953125 0.32829293125 0.156110603125
6 0.40399466562499997 0.249897553125 0.40386674375 0.24972103906249998 0.385353315625 0.260765709375 0.38700605625 0.26219875 0.39344984375 0.25972521249999997 0.4050662 0.2526889953125 0.40399466562499997 0.249897553125
6 0.716929603125 0.3457136890625 0.7151257171875 0.34604412500000004 0.7133000234375 0.3572463640625 0.7144747546875 0.3574189484375 0.7204674125 0.35511858281249997 0.7203761078124999 0.3546921390625 0.716929603125 0.3457136890625
6 0.8883773937500001 0.6839750328124999 0.8881267015625 0.6840712640625 0.8823661890625001 0.691434778125 0.8989955546875 0.69663574375 0.9007947937499999 0.6959450796875 0.9021670640625 0.6931124109375 0.9000803328125 0.687676290625 0.8883773937500001 0.6839750328124999
6 0.06259683125 0.7009828234375 0.0721483640625 0.7010574640625 0.0805379515625 0.697837003125 0.0802873125 0.6971840671875 0.06259683125 0.7009828234375
6 0.31996056875 0.6544675296875 0.31658852187500003 0.64568304375 0.317729590625 0.655323921875 0.31996056875 0.6544675296875