20 0.397916153125 0 0.36680477031250003 0.0756688359375 0.3608777359375 0.0838736203125 0.352396009375 0.098736703125 0.32175130625000004 0.1866965859375 0.32263147812500004 0.18707019687499998 0.3347137390625 0.1787830953125 0.35172604218750003 0.168136621875 0.359168503125 0.1570015421875 0.3700484359375 0.15432379375 0.3768813171875 0.13822653437500002 0.3891122296875 0.10181437499999998 0.3906191375 0.08994658125 0.39324485625 0.07736251250000001 0.4166072609375 0 0.397916153125 0
9 0.321475078125 0.206948590625 0.326000071875 0.207429 0.334076665625 0.18584243281249999 0.3400355203125 0.17884234062499998 0.3581751546875 0.1764170890625 0.36652221093750004 0.165070396875 0.374369803125 0.160658803125 0.386200571875 0.1519820421875 0.4054589421875 0.130885571875 0.40702785468749997 0.12718944375000002 0.3829055234375 0.12199494687500001 0.3639885703125 0.1294505765625 0.321602121875 0.178760528125 0.31191464375 0.199663315625 0.3121047546875 0.202971125 0.321475078125 0.206948590625
25 0.34723026562500003 0.49286599062500003 0.36526749375 0.5005223390625 0.374089840625 0.4971871 0.38046103124999997 0.4856965609375 0.381059053125 0.4842877109375 0.38164254375 0.472995784375 0.3740557703125 0.46143710000000004 0.3620892078125 0.45635759531250003 0.3503084515625 0.46075766093750004 0.34228470781250003 0.47966041875 0.34723026562500003 0.49286599062500003
25 0.36184252968749997 0.587335309375 0.3798946515625 0.5949979796875 0.384759803125 0.59521678125 0.3933136859375 0.5917005765625001 0.3963613546875 0.58819971875 0.40472255625000003 0.5685019640625 0.4004686484375 0.552450625 0.38213810000000004 0.5476477296875 0.3697834390625 0.55371974375 0.36120625624999997 0.564968753125 0.3565571296875 0.5784807140625 0.36184252968749997 0.587335309375
21 0.42330836875 0.64268448125 0.4222384109375 0.66248045 0.42707957968750004 0.6734692890625 0.43899584062499997 0.6828901562499999 0.44086956875 0.68368550625 0.45847959375 0.682033065625 0.4756583859375 0.6690748921874999 0.5514137703124999 0.5028430687500001 0.5752269609375 0.44674270624999995 0.5712541234375 0.43746718749999997 0.5588983375 0.42626654531249997 0.5426463171875 0.41400764062500006 0.5221736015625 0.4142513734375 0.5075813171875 0.42175594062500005 0.42330836875 0.64268448125
21 0.5220175953124999 0.41428938125 0.5270803203125001 0.414368696875 0.5492593765625 0.41842281718749996 0.5719299078125 0.4345155078125 0.6220189046875 0.3165132265625 0.6166614421875 0.3082602890625 0.59907639375 0.297222321875 0.5837374843750001 0.29368930312499997 0.5698907 0.2949588015625 0.520119534375 0.413483703125 0.5220175953124999 0.41428938125
20 0.5675308328125 0.5895197828125001 0.5789044671875 0.59799560625 0.58226046875 0.5994201453125 0.5924003734375 0.6006718671875 0.6095791671875 0.58771369375 0.6154825828125 0.5758455625 0.6429048609375 0.5112427234375 0.6477097265625 0.497883725 0.6719787171875 0.42599356093749996 0.69170143125 0.362894278125 0.7026264796875 0.337156478125 0.6914849640625 0.32885363125 0.6827385640625 0.32464964375 0.6807680921875 0.323813228125 0.6716708078125 0.328185721875 0.65748478125 0.3596864265625 0.5925601078125 0.494724240625 0.5812225359375 0.5220737109375 0.5640067828124999 0.576707659375 0.5675308328125 0.5895197828125001
21 0.62984325625 0.4362945265625 0.6300901 0.4363993046875 0.643103265625 0.4081232015625 0.666723340625 0.3633548375 0.6793303015625 0.33237504375000004 0.6876540578125 0.328761159375 0.7016599375 0.33351511875 0.7103018828125001 0.34194814687499997 0.69916261875 0.3681906078125 0.6884963140625 0.40383599062500003 0.7162299 0.33849975625 0.72545614375 0.3126452078125 0.71724263125 0.30320285468749997 0.7004752359374999 0.2972767046875 0.6859221625 0.29765080781250003 0.6446971125000001 0.39093198125 0.62984325625 0.4362945265625
20 0.7126188515625 0.40587085937499995 0.67239498125 0.519827146875 0.664842278125 0.5440184625 0.6690217875 0.549678796875 0.6742374328125 0.5518927078125 0.6796658140625 0.55388423125 0.6856564875 0.548088828125 0.6937648984375 0.5277069562500001 0.7394407703125 0.42202082656249995 0.75198521875 0.4059043046875 0.7615410687499999 0.391709871875 0.763902553125 0.386146565625 0.7769138953125 0.35037515468749997 0.7750961875 0.34186088125 0.7813084703125 0.32722566249999996 0.7822522765625 0.3198835859375 0.786124084375 0.3114020015625 0.802990953125 0.26078910624999996 0.8240381765624999 0.187531384375 0.8158630468749999 0.18255737656249998 0.8135265421875 0.1815655890625 0.800874978125 0.1806771515625 0.7915437765625 0.18922373125 0.7833239984375 0.20538918750000001 0.7190516171875 0.36512316875 0.7125381796875 0.385586475 0.7126188515625 0.40587085937499995
20 0.7582457765624999 0.404511725 0.7486600250000001 0.4034207765625 0.74274150625 0.42056306093750007 0.737044596875 0.42886552812499995 0.73364895 0.4381448234375 0.66504965 0.5632845578125 0.64230235 0.6066366171875 0.6281799625 0.6405467046875 0.6129791 0.685315259375 0.616479846875 0.7058601921875 0.6250084796875 0.7160170078125 0.640787503125 0.7227148062500001 0.6526096625 0.7211963890625 0.67623825625 0.6853655234375 0.6817246421875 0.675719515625 0.7275644265625 0.567727753125 0.767319534375 0.4637533921875 0.7731352015625 0.4513321890625 0.777403625 0.44063658749999995 0.7828937093749999 0.4245036296875 0.7778065046875 0.41281476093749997 0.7582457765624999 0.404511725
54 0.4800973734375 0.3974482515625 0.4829946828125 0.412376709375 0.4789563859375 0.4231699921875 0.49382764999999995 0.43484280000000003 0.5059562328125 0.4482102515625 0.5083898359375 0.44924325625000006 0.5521156453125 0.353229753125 0.5746597609374999 0.30011914375000004 0.5670124390625 0.29378172187499996 0.5474039828125 0.28367164843750003 0.5312548109375 0.2666916625 0.5261369140625 0.271070759375 0.5319855265625 0.2771269015625 0.4800973734375 0.3974482515625
39 0.594549496875 0 0.5808239281249999 0.0335262609375 0.577316915625 0.038589135937500005 0.53817215625 0.029715875000000003 0.5282482875000001 0.07612878749999999 0.5232980031250001 0.0954688390625 0.524251453125 0.11433691718750001 0.5304733765625 0.125911853125 0.5362827796875 0.13909845625 0.5318001390625 0.1502987234375 0.5332763546875 0.1544988921875 0.52942045625 0.16358281875 0.53201548125 0.1670667140625 0.5284374374999999 0.1780553640625 0.515709465625 0.17860858125 0.506583965625 0.177712996875 0.5044736171875 0.1839643171875 0.51071884375 0.1878064453125 0.5055617359375 0.1993160046875 0.49897726562500005 0.2257050875 0.4994137796875 0.234950821875 0.542024025 0.25303779843749996 0.5430142906250001 0.2507048796875 0.5452315109375 0.22806666875 0.549507325 0.20903591562499999 0.5546252234375 0.2046568171875 0.5668196609375 0.17528869687499998 0.577640734375 0.136999321875 0.5755929 0.12838736875 0.5866821843750001 0.0657925578125 0.5968032359375 0.00099998125 0.5964517781249999 0 0.594549496875 0
54 0.7704691828125 0.460452165625 0.776023171875 0.469487771875 0.7866586 0.4740022421875 0.792973821875 0.46821804218749996 0.7964734453125 0.47149031875 0.799036653125 0.47376951875 0.8008691453125 0.46561348125 0.8081854546875 0.46693229531249997 0.808256484375 0.4610065234375 0.8151488328125 0.45736574531249996 0.8181570140625001 0.4502789140625 0.819602575 0.4425945515625 0.8160393140625001 0.43691288906250003 0.8256077765625 0.4327260203125 0.82565721875 0.43260954218750003 0.8181729624999999 0.4229287640625 0.8096668109375 0.42825199999999997 0.8055001109375001 0.41695386562500003 0.7967394046875 0.4126395734375 0.7882968921875 0.4203721921875 0.7704691828125 0.460452165625
54 0.7964397203125 0.49584317499999997 0.7923133578125 0.4946872296875 0.769753596875 0.493449471875 0.765802240625 0.49891932812500006 0.761167896875 0.49576098125 0.7481791046875 0.51228448125 0.7459499984375 0.5226545359375 0.7546788859375 0.5257641359375 0.7556397265625 0.5362970578125 0.757982909375 0.5382148484375 0.764278778125 0.5408872859375 0.7775568374999999 0.5390488046875 0.78949158125 0.54292361875 0.8064964937499999 0.5406122984375 0.8156441703124999 0.51650241875 0.8028122234374999 0.5045040640625 0.7964397203125 0.49584317499999997