20 0.2814919953125 0.11263433593750001 0.2774003515625 0.12189212499999999 0.27219418125 0.1381938640625 0.260507025 0.2306030046875 0.2614456421875 0.23078545312499998 0.2715408890625 0.2201674015625 0.28596790781250003 0.206216521875 0.2909326203125 0.193777396875 0.3010180640625 0.188896096875 0.30435482187499996 0.1717299671875 0.30874794687499996 0.13357055 0.307754471875 0.1216487921875 0.3077064375 0.10879379687499999 0.31643445937500003 0.004932534375 0.3012916109375 0.0042230921875 0.2814919953125 0.11263433593750001
9 0.282631134375 0.18939914062500002 0.2866701515625 0.197444834375 0.2872451859375 0.211519284375 0.300927440625 0.2236734640625 0.3019531515625 0.232808953125 0.296577896875 0.2552214015625 0.30102460625 0.2575797625 0.3096267203125 0.25925184375 0.315614678125 0.22844647343750002 0.308688984375 0.169331459375 0.29717525624999996 0.1525722359375 0.272839846875 0.1428153484375 0.277674965625 0.1755900984375 0.282631134375 0.18939914062500002
25 0.37758861875 0.5237794874999999 0.3817694078125 0.5022711921874999 0.3726542578125 0.48798045468750006 0.3588846203125 0.4853039078125 0.3475520734375 0.49258174062500004 0.3433597671875 0.5062880171875 0.345194071875 0.5178147109375 0.3550006984375 0.5275260609375 0.3677961984375 0.530013253125 0.37758861875 0.5237794874999999
25 0.3789870546875 0.584716115625 0.37560334218749997 0.600813596875 0.38317413125 0.6157731531249999 0.39485685312499996 0.61804404375 0.402996140625 0.61842536875 0.41381837812500005 0.6099173671875 0.41846464375 0.600099171875 0.42128164687499997 0.585606946875 0.421607565625 0.582947578125 0.41276502343750004 0.5734096625 0.404489615625 0.5701255671875 0.39054156406249996 0.5724409015624999 0.382905665625 0.5776587171875 0.3789870546875 0.584716115625
21 0.4546500375 0.6555115703125 0.4577192734375 0.6750974046875 0.46473935937500005 0.6848395765624999 0.47835392812500005 0.6915770453125 0.480352075 0.6919654453125 0.4972337171875 0.686687784375 0.51134295625 0.67044110625 0.5508813625 0.49209141718750005 0.5625102578125001 0.4322659421875 0.556695746875 0.4240191140625 0.5422812203125 0.4156321453125 0.523835575 0.40702011093749996 0.5038609125 0.4115150359375 0.49114779375 0.42188951562500004 0.4546500375 0.6555115703125
21 0.5284019468750001 0.41620155312499996 0.5491529640625 0.4168841 0.55656126875 0.41373792812500004 0.58115065 0.2872365296875 0.5548762234375 0.28786446718750003 0.5342219171875 0.278823115625 0.528118984375 0.27484429062500004 0.502940165625 0.40175766562500004 0.5137097749999999 0.41055315 0.5284019468750001 0.41620155312499996
20 0.5958742781249999 0.48000135312500003 0.58970163125 0.545822346875 0.5843665109375 0.573269159375 0.5969908171875 0.5790741171875 0.6024198468749999 0.5803947046875 0.6087237203125 0.5816200546875 0.6165108515625 0.5756078359375 0.6238375140625 0.541846059375 0.6482747062499999 0.4414310515625 0.6665860968749999 0.3472271140625 0.6701515421875001 0.31013209218750004 0.6640407125000001 0.298332634375 0.650416984375 0.29206811875 0.64826966875 0.2916507234375 0.63739598125 0.2925949171875 0.6232867421875 0.308841596875 0.6160245546875001 0.3370308390625 0.6100940109375 0.3649204203125 0.604666128125 0.4046363546875 0.5958742781249999 0.48000135312500003
21 0.6331792125 0.339346090625 0.6386314359374999 0.28902325625 0.6440310296875 0.25600390625 0.6303395875 0.30416669218750003 0.6123545312500001 0.404553046875 0.6242103796875 0.413001165625 0.6414250421875 0.41746437187499996 0.6535144500000001 0.4142292453125 0.6603232265625001 0.387635603125 0.6738666 0.3179609875 0.6627767234374999 0.35347686875 0.65733699375 0.3814618546875 0.64545680625 0.3836206359375 0.631187025 0.37972985625 0.626307178125 0.372079228125 0.6331792125 0.339346090625
20 0.7513258921875 0.1258256703125 0.7442130437500001 0.1283526203125 0.7369469078125 0.152631546875 0.7065704609375 0.2695984953125 0.695160696875 0.2863699 0.6891176453125001 0.30697701875 0.6530797546875 0.4753431484375 0.650854653125 0.4933413625 0.6538113812499999 0.5056447390625001 0.663117975 0.5110142390625 0.6716420265624999 0.512671146875 0.6768473828125 0.5129150171875 0.700363640625 0.44041215781250004 0.7146827453125 0.38902033281250004 0.7162157125 0.3798236921875 0.7195388984375 0.373209065625 0.7225725953125 0.35760205312500004 0.7288406625 0.35155985156249997 0.7386329046875 0.312319925 0.73920950625 0.30935356718749996 0.7392253609375 0.29158415937500004 0.737837784375 0.2712081921875 0.75906970625 0.158048796875 0.7637449265625 0.136617290625 0.76201918125 0.1284627421875 0.7513258921875 0.1258256703125
20 0.6562927921874999 0.6316794406249999 0.6531867234375001 0.6450383546875 0.6512353156249999 0.6563876875 0.649219434375 0.6733095546875 0.6562669796875 0.683182728125 0.6789737828125 0.6875964828125001 0.687088403125 0.6868141140625 0.6893135046875 0.6688159 0.6931597421875 0.6595104078125 0.6945519124999999 0.6497278921875 0.735634140625 0.513060165625 0.7375472750000001 0.506247809375 0.760673890625 0.38727167812499996 0.7611952140625 0.3828700515625 0.753499434375 0.3635019203125 0.7418547953125 0.354410684375 0.730384846875 0.352181153125 0.727269196875 0.3517011953125 0.71497056875 0.3560126671875 0.6993079718749999 0.395973203125 0.6907825640625 0.4227998859375 0.6819953078125 0.46800640156249995 0.6562927921874999 0.6316794406249999
54 0.4501520046875 0.439374696875 0.46857124531250005 0.43485668437499997 0.48742743437499997 0.4334953921875 0.49011506093749996 0.42228916875 0.5008649265625 0.4115330703125 0.52513054375 0.2827666640625 0.533000540625 0.28109403125 0.5331602328125 0.2802724859375 0.5315716453125 0.2745240703125 0.5086882875 0.2795706140625 0.486778659375 0.276987334375 0.47535309843749995 0.278117471875 0.44838255312499997 0.43903074999999997 0.4501520046875 0.439374696875
39 0.45298121562500004 0 0.4538629921875 0.007853540624999999 0.45363732968750003 0.027357421875 0.44954173593749996 0.032704895312499996 0.4437197515625 0.06396661875000001 0.44109595468749996 0.10366910625 0.4448895640625 0.11166709999999999 0.44705680000000003 0.17519965312500002 0.45062805156249996 0.240680640625 0.45160321562499994 0.2422804234375 0.4528008703125 0.24251322343749998 0.45949557968750004 0.2055428546875 0.461873325 0.199861465625 0.5009359109375 0.2003877375 0.5020142375 0.194840225 0.502064753125 0.15294020625 0.5028858390625001 0.13299355625 0.49803033125 0.1147360265625 0.48953780468749997 0.10470764218749999 0.481113703125 0.0930170390625 0.48316972031249994 0.081129534375 0.4808525 0.0773280703125 0.482735484375 0.06764096093750001 0.47947282187500007 0.0647727359375 0.480688009375 0.0532802984375 0.4930228234375 0.0500928734375 0.5021351125 0.0490715875 0.5028996218749999 0.0425181109375 0.4959920453125 0.0400583984375 0.49864348593749996 0.0277281265625 0.4995974703125 0.0005467203125 0.49945400937500006 0 0.45298121562500004 0
54 0.7701933484375 0.413717325 0.7799655359375001 0.40668073437499996 0.7840407390624999 0.415850478125 0.7956588906250001 0.412009890625 0.7956830359375 0.411885678125 0.7900916890625 0.4030639890625 0.7962229093750001 0.4003462296875 0.799321528125 0.3931672578125 0.8007905375 0.38560985468750003 0.79711241875 0.3787373609375 0.8003671828125001 0.37378495312500004 0.793564215625 0.37078707031249997 0.796605809375 0.36300069218750003 0.7932063015625 0.3634569078125 0.7884751484375 0.364212784375 0.7862822406250001 0.35508778125 0.7817974234375 0.354216021875 0.7758107062499999 0.3533734625 0.7654753328125 0.358066553125 0.7578427375000001 0.401263484375 0.760458034375 0.4121461125 0.7646299578125 0.41295705156249995 0.7701933484375 0.413717325
54 0.7890975484375 0.43430072812500004 0.7848210234375 0.4340279609375 0.7624969015625 0.43750769062500006 0.7597691390625 0.44367955 0.754579409375 0.4415537546875 0.7453098828125 0.46041669843750005 0.74528554375 0.4710236 0.7544702062499999 0.47225040937499996 0.75759996875 0.48235339218749995 0.760290678125 0.4837421 0.767004596875 0.485047153125 0.7796102578124999 0.48048818281249994 0.79208981875 0.48179695 0.8082425828125 0.47600061875 0.812177634375 0.4505156875 0.7971314984375 0.4414474390625 0.7890975484375 0.43430072812500004