7 0.3397782859375 0.135419634375 0.3173330875 0.13332853125 0.29550955156250003 0.1347691328125 0.2808806140625 0.1424559203125 0.27134155 0.16597293125 0.2784960796875 0.1818561140625 0.298643446875 0.20874104999999998 0.308098753125 0.22098563750000003 0.3216367328125 0.2383054921875 0.33148776406249997 0.24595337343749998 0.3437991734375 0.24905750312500002 0.3635114203125 0.252533303125 0.373355884375 0.25551354375 0.38308738125 0.2544295796875 0.3872866421875 0.247081453125 0.3925630578125 0.2430342453125 0.393161875 0.242093546875 0.398444034375 0.2121369265625 0.398468371875 0.209543540625 0.382616484375 0.1865270015625 0.368539928125 0.1675566859375 0.3592974265625 0.154105228125 0.351185278125 0.1436529703125 0.3397782859375 0.135419634375
6 0.394592509375 0.9358301609374999 0.38430987031249997 0.92429316875 0.37450185625 0.9281635312500001 0.38656701718750003 0.9417004921875 0.3894726234375 0.9422128296875 0.3937657953125 0.940518690625 0.394592509375 0.9358301609374999
6 0.18955892968750002 0.5677249234375 0.18491074375 0.5799714734375 0.1880226671875 0.5811423859375 0.189530653125 0.578118409375 0.1911237578125 0.5690834687499999 0.18955892968750002 0.5677249234375
6 0.206579553125 0.5624120015625 0.20526654687499998 0.5594194796874999 0.1860761265625 0.5647464578125 0.18772876249999998 0.5671066703125 0.189131753125 0.5673540546875 0.206367959375 0.5636120140624999 0.206579553125 0.5624120015625
6 0.19168035625 0.5949390375 0.1878117921875 0.6036132046875 0.191985559375 0.6043491515625 0.19339620468750002 0.6011861781250001 0.19434051875 0.5958307031250001 0.19168035625 0.5949390375
6 0.187678846875 0.5976186078125 0.1878373921875 0.593102575 0.181400740625 0.5919676203125 0.1824610421875 0.6042563265625 0.1852046546875 0.6047401 0.186412440625 0.6048007546874999 0.187678846875 0.5976186078125
6 0.078060540625 0.3750160171875 0.07070191406250001 0.3846380625 0.07769349375 0.3858708671875 0.08161485625 0.380312209375 0.082166678125 0.37718267031249997 0.078060540625 0.3750160171875
6 0.0792924609375 0.3449011015625 0.07868504531250001 0.35748683125 0.08015627812500001 0.35774624843749997 0.0824007609375 0.357858965625 0.0834699578125 0.3517952453125 0.0833285859375 0.34561277968750004 0.0792924609375 0.3449011015625
6 0.08141747187500001 0.318445078125 0.0801064046875 0.31258923437499997 0.0720605890625 0.311170540625 0.07547753125 0.320429365625 0.08089902812500001 0.321385321875 0.08141747187500001 0.318445078125
6 0.08238572499999999 0.3364635484375 0.081893046875 0.342186446875 0.08506560937499999 0.34274585625 0.0858972078125 0.338029625 0.08238572499999999 0.3364635484375
6 0.5032070671875 0.13088674218750002 0.50456369375 0.12319293125 0.5027706265624999 0.12287676562500001 0.49994851249999994 0.1303121703125 0.5032070671875 0.13088674218750002
6 0.531754475 0.12104211718749999 0.529068159375 0.117457459375 0.5208693078125 0.12161155937499998 0.5228624546875 0.1232462875 0.5248379875 0.123594628125 0.531754475 0.12104211718749999
6 0.54651965 0.2361739578125 0.546500909375 0.23595677187500003 0.5249433796874999 0.23588878124999998 0.5256219843750001 0.23796836093749998 0.532419353125 0.23916692187500002 0.546000434375 0.23911857187500002 0.54651965 0.2361739578125
6 0.76408830625 0.4869638015625 0.7608323218749999 0.47814111875 0.75750759375 0.478177078125 0.75731673125 0.4882541359375 0.7632879875 0.489307028125 0.7637007 0.48916203124999996 0.76408830625 0.4869638015625
6 0.74495606875 0.8589265765625 0.7439016421875 0.858740653125 0.7280490140625 0.8673005140625 0.73456911875 0.8729611171875 0.7358913546875 0.8731942640625 0.7461548515625 0.8676099296875 0.7471659828125 0.86187551875 0.74495606875 0.8589265765625
6 0.0206577734375 0.45024432656249996 0.031079535937500003 0.4538085640625 0.036254820312500005 0.45472110624999995 0.0237099296875 0.44704931875 0.0206577734375 0.45024432656249996
6 0.26801870625 0.52890601875 0.26516268125 0.528402425 0.2660358046875 0.5401516125 0.26801870625 0.52890601875