35 0.45699020625 0.5294880328125 0.452510278125 0.5369056828125001 0.45809705625 0.5509262140625 0.47035088125 0.5617857828124999 0.47872640000000005 0.56735460625 0.4899695015625 0.5721270203125 0.4945698671875 0.5737302875 0.50689415625 0.573969171875 0.5143132484375 0.5711274328125 0.5161441203125 0.5615868296875 0.5427395921875 0.511281409375 0.5431340921875 0.5103520265625 0.5415393859375001 0.5028048015625 0.532293746875 0.49322213593750003 0.5198511906250001 0.485943596875 0.507732528125 0.48312934687500003 0.4996810984375 0.48536984531250005 0.45699020625 0.5294880328125
57 0.4147524359375 0.5196968796875 0.40998384374999997 0.5173399015625 0.407950228125 0.514812528125 0.41078801875000004 0.51335445 0.40266900781250003 0.5115722890625001 0.39733565937500004 0.512636728125 0.3922755203125 0.5151484625 0.3885659734375 0.5165693328125001 0.3828734984375 0.5184798203125001 0.377197915625 0.5213959765625 0.37436012500000004 0.5228540546875 0.3702238703125 0.52109831875 0.3680353125 0.5241633015625 0.3662396734375 0.5283935609375 0.3672649296875 0.53016008125 0.365212975 0.5339487140625 0.366664940625 0.5388918406250001 0.3675873828125 0.541946040625 0.36827184687500003 0.5382426078125 0.370750509375 0.5376305828125 0.37574162499999997 0.5384178609375 0.3805792421875 0.5374758265625 0.39028826250000004 0.5376030890625 0.39298945 0.5354213671875 0.3967327875 0.536011825 0.4002704953125 0.53917765 0.402833634375 0.5435939453125 0.40734591406250004 0.5455092953125 0.4100808921875 0.5453389 0.41254265781250005 0.5437212109375 0.41944445 0.545816096875 0.421670828125 0.5405710765625 0.4228516671875 0.535116715625 0.4244938078125 0.52915714375 0.422682715625 0.525060071875 0.4196407390625 0.521771840625 0.4186492734375 0.522016653125 0.4147524359375 0.5196968796875
6 0.40051151718750005 0.50244319375 0.4041625265625 0.493841953125 0.4027226625 0.4930064515625 0.39096024375 0.503989490625 0.391948890625 0.5050581671875001 0.3956292125 0.506620371875 0.3972160359375 0.505979253125 0.40051151718750005 0.50244319375
6 0.4184140765625 0.49625762656249994 0.4186860125 0.49561698749999994 0.41479109843749995 0.47852545625 0.4133026078125 0.47677864531249997 0.41269156875 0.47651927499999996 0.40948170156249997 0.47731184843749996 0.40916746562500006 0.47805214375 0.41232644843750005 0.49478648593749996 0.4133647359375 0.49547683593749997 0.4158715578125 0.49654091874999995 0.4184140765625 0.49625762656249994
6 0.44504366875 0.4902519265625 0.42201025468750003 0.48841284218750003 0.42059169843750005 0.491754746875 0.420745528125 0.49182004375000005 0.44576874375 0.49516941093750005 0.4451947515625 0.49031605625 0.44504366875 0.4902519265625
6 0.45000124062499997 0.46010704531249996 0.444635090625 0.4584782703125 0.43876409687500006 0.47230946406249996 0.444517253125 0.4747515328125 0.44548614531249997 0.4724689640625 0.45000124062499997 0.46010704531249996
6 0.4521280765625 0.48998901562499997 0.45306303437500006 0.49365594531249996 0.45665137343750006 0.4951791046875 0.46132965 0.4951277125 0.46389883281250005 0.48907509375 0.4521280765625 0.48998901562499997
6 0.47498565 0.46682441875 0.47369007031250004 0.4489672640625 0.4669216515625 0.4460942421875 0.46953405937500003 0.4650012796875 0.47369981406250006 0.4667695375 0.47498565 0.46682441875
6 0.474963946875 0.48300188750000006 0.4750966265625 0.48268931562499995 0.47169753593749997 0.4787003296875 0.465780059375 0.4806442875 0.46549724687499994 0.481310553125 0.46541338281250005 0.485318853125 0.46768948125 0.4862849984375 0.474963946875 0.48300188750000006
6 0.46245343749999995 0.47865392656249994 0.46111867812499996 0.48179842031250003 0.4619862203125 0.48216667031249993 0.47621500625 0.4840534890625 0.47765151875 0.48066927968749995 0.46245343749999995 0.47865392656249994
6 0.477341175 0.477401490625 0.4611848125 0.4671236828125 0.4595088828125 0.4710719265625 0.47487904218750004 0.4808495953125 0.4757250984375 0.481208725 0.477341175 0.477401490625
6 0.455826228125 0.460003634375 0.44685425156249997 0.47913840625 0.45048766249999994 0.48068069687500004 0.45889420468750003 0.46087612343749995 0.455826228125 0.460003634375
6 0.387479125 0.5118311140625 0.39035625937499996 0.5145667640625 0.39439224375 0.5162799390624999 0.400211490625 0.5151467515625 0.4016056734375 0.5118622625 0.387479125 0.5118311140625
6 0.4071701 0.5187478624999999 0.40330098750000004 0.5150690124999999 0.3921554546875 0.51832595625 0.3921892453125 0.5203372859375001 0.3969409421875 0.5216886 0.406569559375 0.52016265 0.4071701 0.5187478624999999
6 0.4273141609375 0.52727621875 0.41826484218750004 0.522236225 0.41682833124999996 0.5256204359375001 0.41924424687500006 0.5268289875 0.42600514062499995 0.5296988171875 0.4264322671875 0.5293538296875 0.4273141609375 0.52727621875
6 0.15597264375 0.4727897171875 0.15626911875 0.47291556406249996 0.158293965625 0.47323495312499997 0.1611522921875 0.4665011578125 0.1575500625 0.4649721015625 0.15597264375 0.4727897171875
6 0.7350845125000001 0.1228073515625 0.730810890625 0.1328753734375 0.7311493140625 0.1330190265625 0.7355446296875 0.1342689890625 0.7398879546875 0.1261276921875 0.7352819234375 0.1228911484375 0.7350845125000001 0.1228073515625