35 0.479151903125 0.5477989875 0.4792834640625 0.5564635124999999 0.4914510703125 0.56539305625 0.507597596875 0.5681089546875 0.5176514671875 0.5683932359375 0.529715153125 0.5664825359375001 0.5344660859375 0.5654043625 0.545044265625 0.55907606875 0.5498301203125 0.55273461875 0.5463270375 0.5436735140625 0.542223465625 0.48691864531249995 0.5420655234375 0.48592142968749996 0.536713715625 0.4803660859375 0.5237949296875 0.477138965625 0.5093860046875001 0.47755996562499997 0.49761747187500005 0.481595259375 0.49197675468749996 0.48776191718749995 0.479151903125 0.5477989875
57 0.43048809062500004 0.576491034375 0.426713103125 0.5761583609375001 0.424619959375 0.5733879671875 0.41516855 0.571162625 0.41070252968750004 0.5690782484375 0.40566921093749997 0.56863468125 0.4034122390625 0.5674411921875 0.40364404687500005 0.56368218125 0.40201012656249996 0.5664224984375 0.3994054421875 0.57086753125 0.40047989062499995 0.5750400375 0.39905772968750003 0.5765060531249999 0.3997766375 0.581045059375 0.40115869843749996 0.584548459375 0.405596840625 0.583845528125 0.4079975953125 0.58594681875 0.41279910781250007 0.5901493999999999 0.417860303125 0.5933802734375 0.4211159203125 0.5956563578125 0.4254181078125 0.599317640625 0.430335521875 0.6016407140625 0.43648416250000005 0.601814571875 0.43825438281249995 0.601534196875 0.436243753125 0.5997743671875 0.4388283890625 0.5978140437499999 0.44402553749999996 0.5966807046875 0.44836782656249996 0.5953725703125 0.449270615625 0.5958499671874999 0.45301772656250006 0.59339533125 0.45576619375 0.5898581015625 0.45561458281249995 0.5836782859375 0.45581851406249996 0.5771319625 0.45622604375 0.5732094046875 0.456099721875 0.572411840625 0.4476934109375 0.5728354062500001 0.4456961234375 0.5706702140625 0.443083609375 0.5698432296875 0.4382419984375 0.570610065625 0.43468659687500005 0.5742751 0.43048809062500004 0.576491034375
6 0.41782360937499996 0.5604747640625 0.41656322343749996 0.552516996875 0.41422108125 0.548288721875 0.41141685937499994 0.5462513359375001 0.407669746875 0.5487059671875001 0.415536453125 0.5608370140625001 0.41782360937499996 0.5604747640625
6 0.42848627656250005 0.5379023187499999 0.4175448859375 0.5260411234375 0.41579999375 0.525991784375 0.41375576406250003 0.526315559375 0.411281115625 0.528273971875 0.424071775 0.5411373234375 0.42606381718749997 0.5417679 0.4270220546875 0.5416161296875 0.4287864203125 0.53979735625 0.42848627656250005 0.5379023187499999
6 0.4509510609375 0.5299162640625 0.450534853125 0.5272884296875 0.42947695625 0.5237891203125 0.429314846875 0.5238147953125 0.427583771875 0.5283851234375 0.4469526109375 0.53054955625 0.4509510609375 0.5299162640625
6 0.4318660875 0.4959176671875 0.43490828593749997 0.5103095140625 0.43981274218750005 0.509532725 0.43734688593750004 0.49396392499999997 0.4318660875 0.4959176671875
6 0.46418078906250004 0.513563403125 0.4563211296875 0.5109427890625 0.4547630140625 0.51677301875 0.46202944218750003 0.518669759375 0.46491711875 0.518212396875 0.46418078906250004 0.513563403125
6 0.45366070468749997 0.46937198125 0.446202909375 0.4879549234375 0.45344092343750003 0.48680853593749995 0.458891646875 0.4701808625 0.45887858281250005 0.47009837968749996 0.45459911562500005 0.46922335156250006 0.45366070468749997 0.46937198125
6 0.4697605953125 0.4988518703125 0.46970747656249995 0.49851648437499996 0.46471104375000005 0.4969348765625 0.4607228796875 0.50171923125 0.4608361078125 0.5024341234375 0.46288906250000006 0.5058777953125 0.4653312828125 0.5054909859375 0.4697605953125 0.4988518703125
6 0.471505840625 0.500209125 0.47093071406250003 0.4965779171875 0.45626993281250006 0.5032426375 0.45635021093750006 0.50374949375 0.46765738749999997 0.5019586125 0.471505840625 0.500209125
6 0.46880884062500006 0.49284272500000004 0.44966106093749997 0.49268821718750005 0.4503320421875 0.496924625 0.46854805156249996 0.497071615625 0.4694558578125 0.4969278328125 0.46880884062500006 0.49284272500000004
6 0.4493167484375 0.5096094156250001 0.4473589140625 0.497248128125 0.44535669218749996 0.48695675312500003 0.4406109359375 0.48832879062499995 0.44486863125 0.5099882265625 0.4474608015625 0.5099033687500001 0.4493167484375 0.5096094156250001
6 0.42192748125 0.566409171875 0.41626959374999994 0.563768528125 0.41019753281250004 0.5672117796875 0.4160704609375 0.5686623187500001 0.42213227968749995 0.5677022218750001 0.42192748125 0.566409171875
6 0.4312106328125 0.565091440625 0.42597994687499996 0.5640219171874999 0.418253915625 0.5726901953125 0.4193484140625 0.57437799375 0.42409416875000006 0.5730059562500001 0.43145106875000006 0.5666094875 0.4312106328125 0.565091440625
6 0.4523658390625 0.5599513671875 0.44277847656249997 0.5620902375 0.443353603125 0.565721446875 0.4530435421875 0.5631040875 0.4525915078125 0.5602500515625 0.4523658390625 0.5599513671875
6 0.192941821875 0.651849465625 0.19259881406249998 0.6594259375 0.197654571875 0.6586251843750001 0.1966329234375 0.65217475 0.192941821875 0.651849465625
6 0.5068324796875 0.065401925 0.504587728125 0.056451714062500005 0.499650265625 0.056613346875000005 0.5011923234375 0.066349521875 0.5065937421875 0.065494021875 0.5068324796875 0.065401925