30 0 0.32057803906250004 0.01166129375 0.35542903593749997 0.0112877265625 0.37142153125 0.020884559375 0.38985073593749997 0.0295629296875 0.390363303125 0.0399765578125 0.38189712187499997 0.054162049999999996 0.38490715937500003 0.0560647078125 0.38439734375 0.0603879328125 0.3798334234375 0.06607666718750001 0.352767778125 0.07597532343749999 0.3047085921875 0.08578935625 0.2544017375 0.0886462953125 0.2205106515625 0.0875997734375 0.2166049765625 0.0803054359375 0.20592361406249998 0.07569251406250001 0.1935375875 0.06589393593750001 0.18594656874999999 0.036299028125 0.1643620453125 0.032577221875 0.1659268875 0 0.3017492625 0 0.32057803906250004
38 0.0323872390625 0.3788082140625 0.026850768749999997 0.3675636 0.01985038125 0.3597903921875 0.0123906296875 0.3556593015625 0.0122450890625 0.3556982984375 0.011254059375 0.371175140625 0.021276581250000003 0.3911930375 0.025109739062500004 0.3910740828125 0.0300118109375 0.38976057656249996 0.034402740625 0.3863301671875 0.0323872390625 0.3788082140625
57 0 0.230317625 0.0086834109375 0.22617062500000001 0.013943881250000002 0.2071659328125 0.0046581890625 0.193761628125 0.015654364062500002 0.18457176875 0.0214965203125 0.16912647812499998 0.0175745765625 0.1544895859375 0.0043821234375 0.1637535625 0 0.1753970125 0 0.230317625
57 0.2394309953125 0.49612535625 0.224717671875 0.5426367 0.2255066265625 0.5668314859375 0.2358975640625 0.5901561796875 0.24551527499999998 0.5956885 0.253516159375 0.5935446703125 0.260272228125 0.5864629359375 0.27118635625 0.5653757625 0.28237446718750003 0.5288903656249999 0.3031021359375 0.5125522765625 0.3153173953125 0.492940253125 0.31017886875 0.473763009375 0.3020371171875 0.45834942968750003 0.2932044640625 0.4504995890625 0.28371702656250003 0.44793347031249997 0.268685328125 0.463312915625 0.25270266406249997 0.47610923906249997 0.2394309953125 0.49612535625
57 0.2629848203125 0.5451509140625 0.26090898125 0.5374037781250001 0.25282465 0.5212989375 0.2176658578125 0.48474527343749996 0.209870875 0.5271325124999999 0.255826328125 0.576749471875 0.25877946875 0.5759581796875 0.2629848203125 0.5451509140625
52 0.591620371875 0.457493403125 0.5765814375 0.44676584999999996 0.5629191546875 0.440210103125 0.56206005 0.46598165468749997 0.5572799328125 0.490401271875 0.5573546312500001 0.490680053125 0.5666378937500001 0.503350846875 0.5897128015625 0.5266823953124999 0.60573005 0.5439588421875 0.6094993421875 0.543452596875 0.619284546875 0.5408306578125 0.6227059875000001 0.5348694671875001 0.6270887890625 0.53873951875 0.6316395781249999 0.5375201374999999 0.6325303546875001 0.517684140625 0.6324304953125 0.517311459375 0.6290469296875 0.5121697484375 0.626617153125 0.515658734375 0.6222730624999999 0.5071737749999999 0.6243916984375 0.49865989062500005 0.6186012937500001 0.4809135109375 0.591620371875 0.457493403125
57 0.628438253125 0.4977033234375 0.614054103125 0.48169205000000004 0.61569235 0.46365792656249993 0.6197824359374999 0.4459601125 0.6197292234375 0.445761525 0.6122992234375 0.45775608593749995 0.608729125 0.4763078453125 0.6142120281250001 0.5036525453125 0.6145450421875001 0.5048953671875 0.6244346109375 0.5022454656249999 0.628438253125 0.4977033234375
7 0.58765335 0.2569286671875 0.5967697953125 0.265837634375 0.6096653234375 0.271463659375 0.6175072765625 0.2659568984375 0.622466415625 0.2583846609375 0.6236047578125 0.24892893749999997 0.62076969375 0.2383483359375 0.6073928953125 0.2175843328125 0.5940020203125 0.2052800109375 0.581731353125 0.2000541421875 0.5781189421875 0.21748206875 0.5731623781249999 0.2154046609375 0.58765335 0.2569286671875
57 0.755331403125 0.4205765421875 0.747440371875 0.41266950468749997 0.747057465625 0.41277210468750003 0.7441711171875001 0.43929615 0.74439194375 0.4401202859375 0.7508629921875001 0.447340034375 0.7516368984375 0.44713266718750005 0.7555269140624999 0.4213061984375 0.755331403125 0.4205765421875
57 0.7241697 0.4160250296875 0.7276742859375 0.41796581093749996 0.7301871578125 0.41729248906249994 0.7293699234375 0.41424252656249994 0.7241697 0.4160250296875
57 0.44583521406250004 0.9043595968749999 0.4451139140625 0.90455286875 0.44265264843749996 0.9076104125000001 0.46037444218749995 0.9311985843749999 0.4609604328125 0.9310415687500001 0.4614215234375 0.929541625 0.45975510625 0.9233224703125 0.44583521406250004 0.9043595968749999
57 0.24615060781250003 0.44519700625 0.24561476249999997 0.45654660625 0.2562720203125 0.4536910015625 0.25006953906249996 0.4305430265625 0.24615060781250003 0.44519700625
57 0.760610221875 0.1794387515625 0.7617442453125001 0.1783970296875 0.763594171875 0.173709940625 0.7634004296875 0.17298688125 0.760965103125 0.17065960156249999 0.7585776375 0.1752724203125 0.7496154749999999 0.173700725 0.7491025875 0.179514009375 0.7539786046875 0.1812156875 0.760610221875 0.1794387515625