6 0.48964675937499996 0.1029300859375 0.4897010875 0.102772309375 0.471222596875 0.0878886703125 0.466012746875 0.089980103125 0.465969046875 0.0901070171875 0.481488321875 0.1036282921875 0.48599426562500003 0.1051798125 0.48964675937499996 0.1029300859375
6 0.45221160937500005 0.13486081875 0.4526479890625 0.1335934828125 0.45242127343750005 0.1323148421875 0.44398135781250003 0.120847434375 0.4385705890625 0.1221699625 0.4468385046875 0.1330107109375 0.45221160937500005 0.13486081875
6 0.49248935468750005 0.21465715 0.49359975624999997 0.21143231093749998 0.4897567921875 0.2077775765625 0.48415216406250006 0.208635153125 0.478382321875 0.218196253125 0.4830776046875 0.22100756875 0.48919253124999995 0.22072390468749997 0.49248935468750005 0.21465715
6 0.4830098828125 0.25051082187499996 0.48673452968750003 0.257169028125 0.4926897078125 0.2572690015625 0.4930909609375 0.256103678125 0.49230918125 0.25331462656250003 0.4877064984375 0.247150490625 0.4773979265625 0.23802615624999998 0.47439001718749996 0.23842562968749997 0.4742751078125 0.23875934999999998 0.4830098828125 0.25051082187499996
6 0.583606209375 0.3435773796875 0.5844359109374999 0.34116775 0.5834233906249999 0.33925119531250003 0.5799325734375 0.337053709375 0.5543996390625 0.3443891390625 0.5555679453125 0.34561768437499996 0.567615025 0.3497658265625 0.583606209375 0.3435773796875
35 0.49531495468750003 0.384073384375 0.49572132656249995 0.3931728203125 0.5012093703125 0.4121851296875 0.501730078125 0.4130115015625 0.51536375625 0.41770595312500003 0.579054603125 0.432817284375 0.5821506015625 0.43419221406249997 0.5825251765624999 0.43310437031250004 0.579474965625 0.42440071562500004 0.5727651390624999 0.3904333921875 0.573521928125 0.384123665625 0.5700510953125 0.3839240640625 0.4956527125 0.3800085765625 0.49531495468750003 0.384073384375
35 0.565086440625 0.4164747765625 0.561736853125 0.42209083124999996 0.561793959375 0.42212542812500004 0.5725012171875 0.4258122328125 0.5756201812499999 0.4228892375 0.58644305 0.41407253437499997 0.596132734375 0.40546294375 0.605095175 0.39635214687500003 0.6057305546875 0.39450686875 0.60527215 0.392283671875 0.6017500203124999 0.3932610109375 0.5976263265624999 0.39084560625 0.592858428125 0.39338499374999997 0.5850986859375 0.3994735125 0.565086440625 0.4164747765625
6 0.5007040968750001 0.4307649203125 0.4962842015625 0.4261435171875 0.4920266015625 0.4292568171875 0.48863772812499995 0.44320662187500004 0.4955951890625 0.4456022671875 0.5007040968750001 0.4307649203125
6 0.5931173265624999 0.627909740625 0.5941684359375 0.624857096875 0.5873872578125 0.62252215 0.5563975890624999 0.607670446875 0.5520986890625 0.612959625 0.5576941359375 0.6157125578125 0.5931173265624999 0.627909740625
6 0.48677261562499996 0.65211745625 0.5033995124999999 0.6631187125 0.5115974484375 0.6659414890625001 0.5241970984375001 0.6648923390625 0.5243548062500001 0.664434321875 0.5212444406250001 0.6619960546875 0.503044890625 0.6521456421875 0.4782827375 0.6356553375 0.47109724843749995 0.6297964703125001 0.4617253359375 0.6323433703125 0.48677261562499996 0.65211745625
6 0.7739930609375001 0.8356130937499999 0.8017737015625 0.8262990515625 0.803045834375 0.8245158734375 0.8043578078125 0.820705628125 0.804082703125 0.8175372921875 0.7935476296874999 0.8172944796875001 0.7604569703124999 0.8282203609375 0.760174509375 0.829040684375 0.7632204453125 0.8319037859374999 0.7739930609375001 0.8356130937499999
6 0.2997546453125 0.3732113640625 0.3092117359375 0.3764677015625 0.311234625 0.37631212812500003 0.3113008515625 0.3761197953125 0.306831778125 0.35961566718750004 0.2976550578125 0.35645586875 0.29457709374999996 0.3574988828125 0.2945077625 0.357700234375 0.2986629953125 0.368948046875 0.2997546453125 0.3732113640625
6 0.2801328703125 0.310268946875 0.29061331875 0.3138776546875 0.3092873265625 0.31441426250000004 0.3094512078125 0.31188238749999997 0.3036740390625 0.308101246875 0.28248131249999997 0.307971615625 0.27972463125 0.30980981875 0.2801328703125 0.310268946875
57 0.43857793437500003 0.5285859359375 0.4310324234375 0.525828528125 0.4291089453125 0.525166221875 0.42394914375 0.5289245484375 0.441525809375 0.5395559828125001 0.4535603390625 0.5468057703125 0.45683301875 0.5479326437500001 0.4636365390625 0.543187315625 0.43857793437500003 0.5285859359375
57 0.4974518625 0.4904517890625 0.5158774546875 0.492282940625 0.51651631875 0.4904275453125 0.5158379453124999 0.48742491250000003 0.49349204999999996 0.4855045109375 0.47391282500000004 0.4827448484375 0.475287228125 0.4865331125 0.48057127031249997 0.4883525546875 0.4974518625 0.4904517890625
35 0.4522459828125 0.6818814546875 0.451786484375 0.6832159390625 0.515415209375 0.741062521875 0.53680313125 0.73548545625 0.558742653125 0.7283064171875 0.5690339062499999 0.7230895703125 0.5795603203125 0.7161617890625 0.585891759375 0.705997659375 0.5951611609375 0.6891642484375 0.596542590625 0.685152284375 0.5681052453125 0.6743884390625 0.54899635 0.6682069171875 0.532235096875 0.6634310578125 0.5014992484375 0.6550379578125 0.4875246515625 0.6514207203125 0.4522459828125 0.6818814546875
6 0.5750397765625 0.773100903125 0.586388928125 0.78537094375 0.605996796875 0.7972990796875 0.6188368765625001 0.8072950796875 0.6291667640624999 0.8122456515625001 0.6419222796875 0.819883059375 0.6495027453125 0.8224932234375 0.6586986968749999 0.8165924953125 0.6587518578125 0.8164381046875 0.6514313875 0.8123461624999999 0.645430378125 0.80510324375 0.6331105906250001 0.7966800953125001 0.6112676671874999 0.7819913609375 0.59177105 0.774879940625 0.5750397765625 0.773100903125
57 0.58164224375 0.6653315921875 0.574062109375 0.659356746875 0.5730255984375 0.658999846875 0.5587560703125 0.659840453125 0.55015693125 0.6765904609375 0.5589014734375 0.6805770375 0.5611151703124999 0.681339275 0.5738511890625 0.6745949343750001 0.58164224375 0.6653315921875
57 0.5534407265625 0.95910755625 0.5581804906250001 0.9453422859374999 0.55809715 0.9447201937499999 0.52490973125 0.9434469625 0.5302395546875001 0.9599011031250001 0.5337474734375001 0.9611089765624999 0.5507024781250001 0.9620840312500001 0.5534407265625 0.95910755625
57 0.5230621359375001 0.6120006906250001 0.52524106875 0.6090681 0.5257874703125001 0.6074812374999999 0.5000234078125 0.60386871875 0.494470075 0.6035493562500001 0.48927315312499997 0.6073347203125 0.49086976875 0.60922840625 0.499161959375 0.6120836374999999 0.5230621359375001 0.6120006906250001
57 0.41288680468749994 0.053247817187500004 0.41211516093749995 0.0549532125 0.4341479265625 0.06253970156250001 0.4345757265625 0.0612972796875 0.41288680468749994 0.053247817187500004