45 0.2072984125 0.0080958296875 0.21569129375 0.018056135937500002 0.2235157625 0.0186032765625 0.2261689921875 0.0182259140625 0.22541505156250002 0.010341615625 0.212459996875 0.0089462359375 0.2136544265625 0.0011981812499999999 0.2064082296875 0.0021598984375 0.2072984125 0.0080958296875
45 0.7984575296875 0.4653365265625 0.7985322625 0.46426779218750003 0.798006990625 0.45498000781250003 0.7846419640625 0.46131411718750004 0.7846177812499999 0.46165995468750004 0.786001015625 0.46517809843749997 0.7963986875 0.4659051734375 0.7984575296875 0.4653365265625
45 0.49968197031250006 0.48214868437499997 0.4998203890625 0.4801692 0.4956165203125 0.466556115625 0.484986803125 0.469239128125 0.48567262031249997 0.47809760937499995 0.4888268078125 0.48198922343749995 0.49645791250000004 0.48252284218749997 0.49968197031250006 0.48214868437499997
45 0.41837585468749994 0.480113865625 0.41497119062500004 0.47467105312499996 0.396882503125 0.4738921453125 0.39643946875 0.48022781875 0.41665919218749997 0.48164171875 0.4183557015625 0.4804020609375 0.41837585468749994 0.480113865625
45 0.6894947765625 0.948407465625 0.6851620265625 0.9431705953125 0.6730971546875 0.9477111468749999 0.6776631578125001 0.9525580640625 0.686283278125 0.9531608421875 0.689278603125 0.9514988734375001 0.6894947765625 0.948407465625
29 0.567268775 0.9697037953125 0.5152032281250001 0.93963144375 0.512914253125 0.94436611875 0.5630314328125 0.9743022265624999 0.567268775 0.9697037953125
57 0.46159181406250005 0.242885871875 0.4597710359375 0.23345855000000001 0.449720353125 0.2278610015625 0.4442885828125 0.24020748906249997 0.4531448375 0.2535530921875 0.461334 0.24657278124999998 0.46159181406250005 0.242885871875
29 0.18383091875 0.11596983125 0.181799425 0.11142251249999999 0.120791546875 0.1345669453125 0.1148482109375 0.1392962578125 0.1148390265625 0.13942760625 0.183789390625 0.11656370625000001 0.18383091875 0.11596983125
6 0.43332553906250004 0.33352146718750003 0.42645655312499997 0.3314221125 0.41278622187499997 0.3402556609375 0.4165939609375 0.346934028125 0.417392790625 0.34698988750000004 0.4332135328125 0.3351232484375 0.43332553906250004 0.33352146718750003
6 0.8515405062499999 0.5536568374999999 0.8470987984375 0.5611778203125 0.8615594312500001 0.5690416359375 0.866729475 0.564171234375 0.8668438265624999 0.5625359359375001 0.8515405062499999 0.5536568374999999
6 0 0.6598353671875 0.008586568749999999 0.6629927734375001 0.01300828125 0.6633019703125 0.017314434375 0.660519403125 0.017356215624999997 0.659921903125 0 0.651531053125 0 0.6598353671875
6 0.744437425 0.991467115625 0.7585576328125 0.99113291875 0.7590683968749999 0.9838286593750001 0.7448802140625 0.9851349234375 0.744437425 0.991467115625
6 0.8933189265625 0.9833013390625001 0.89390684375 0.9832935031250001 0.8940611625000001 0.9833532406250001 0.90315818125 0.9839893671875 0.9032041640624999 0.9833317890625001 0.9014255265625 0.9784350515625 0.8844715531249999 0.9782284609375 0.8826905593750001 0.9822318140625 0.882667853125 0.98255654375 0.8933189265625 0.9833013390625001
6 0.5155618484375 0.8822377734375 0.51430151875 0.88019524375 0.4914025640625 0.890341359375 0.495641025 0.8944066875000001 0.499261584375 0.8946598625 0.5151466499999999 0.8881754015625001 0.5155618484375 0.8822377734375