12 0.24949048125 0.5741657078125 0.2544702671875 0.588902146875 0.2682963484375 0.5939894625 0.28489695625 0.592537096875 0.29262110625000004 0.58556438125 0.2937454546875 0.5702939 0.292247421875 0.545613553125 0.2871001015625 0.4867794109375 0.281212703125 0.47625712187499997 0.2708764421875 0.4706005125 0.26175584375 0.47180851874999996 0.25329648125 0.47705924531250005 0.2473651953125 0.486599421875 0.24949048125 0.5741657078125
12 0.2819328890625 0.46357325312500003 0.2964347421875 0.5699227859375 0.3023353125 0.5776076953125 0.3125065640625 0.5838476953125 0.32005483749999997 0.5831873078124999 0.327860703125 0.5811153140624999 0.335623228125 0.5714149234375 0.3370074703125 0.5552482875 0.33659554375 0.5505399546875 0.3206795359375 0.4603666765625 0.3132173296875 0.452408334375 0.30061743124999996 0.4490000546875 0.2910288296875 0.451889234375 0.2818749015625 0.4629104625 0.2819328890625 0.46357325312500003
12 0.3303274390625 0.45376129218749994 0.325133759375 0.46118665 0.3249594765625 0.48924980937500007 0.32522875625 0.4923276921875 0.34103872812499997 0.5832223390625 0.3468680921875 0.590093365625 0.357636753125 0.5936618578124999 0.37345667968749996 0.5881772234375 0.3813992234375 0.5786010671875 0.381226128125 0.5766225890625 0.3669416375 0.48910333437500003 0.3655531265625 0.4732325859375 0.3619569640625 0.456734865625 0.354942375 0.45037759218750006 0.343812521875 0.44971110000000003 0.3303274390625 0.45376129218749994
12 0.3852970609375 0.5687553859375 0.38506795 0.5872280015625 0.389188103125 0.5991692484375 0.39459930625 0.60489794375 0.4052751703125 0.6039639265625001 0.42582812812500004 0.599654175 0.426788853125 0.595431965625 0.4220973375 0.5418077 0.412303659375 0.487251590625 0.3994901421875 0.48140165625 0.386025446875 0.4821696078125 0.377672890625 0.4886411609375 0.37224521093749996 0.49690710625 0.3852970609375 0.5687553859375
12 0.42213305625 0.5830805359375 0.42571916875 0.58891765 0.43329094531249995 0.593670521875 0.45530272812500006 0.591744740625 0.46088914374999995 0.586660790625 0.46230051093749996 0.5172848015625 0.4580208328125 0.46836784062500003 0.452868728125 0.45983471875 0.444882534375 0.45643284843750004 0.43416469687500003 0.45696048125 0.4252017265625 0.46348544062499997 0.42109651875000004 0.47983682656250004 0.42213305625 0.5830805359375
12 0.4745778609375 0.44072583125 0.4646688375 0.4399525296875 0.45579745781250003 0.44400913124999997 0.4576743546875 0.4549164671875 0.462698965625 0.5545308078125 0.4705019828125 0.5628693890625 0.47636858593750003 0.5679431578125 0.49567065625 0.5662544453125 0.4966021828125 0.565916659375 0.5023350703125 0.5576240140625 0.504609040625 0.5414328390625001 0.50438020625 0.5353020015625 0.484680121875 0.447223028125 0.4745778609375 0.44072583125
12 0.504841940625 0.5553436421875 0.5081930828125001 0.5642951953125 0.5134476375 0.571626565625 0.5163361640625 0.572288790625 0.5371685171875 0.5704661953125 0.5413842437499999 0.5675422 0.5433274578125 0.561631390625 0.5449706296875 0.5487758609375 0.539147740625 0.4634134453125 0.536819775 0.43680468437500003 0.5260644171875 0.43110331874999996 0.515097359375 0.4287823546875 0.5043031499999999 0.43546752499999997 0.49846345468750003 0.442539346875 0.5034542125 0.5394818296875 0.504841940625 0.5553436421875
12 0.5433970875 0.4991530953125 0.54762321875 0.586125525 0.558405503125 0.5937036953125 0.58330258125 0.591525484375 0.5849244765625 0.590653171875 0.588790521875 0.5821137953125 0.585083934375 0.48649159218750004 0.5832959703125 0.466055059375 0.5778808343749999 0.45390027499999996 0.5694826234375 0.4493042796875 0.564324546875 0.45713658125 0.5455085390625001 0.460012940625 0.5426089359375 0.47256833593750003 0.5433970875 0.4991530953125
7 0.5890229984375 0.42553108437500003 0.5833613140625 0.434637615625 0.5817485796875 0.4548715109375 0.5862804703125 0.49261033593750003 0.5873634984375 0.5331112375 0.58790759375 0.549875978125 0.5973535046875 0.5699624796875 0.5987980046875 0.5829579328125 0.6032589671874999 0.59527941875 0.6031570484375 0.6116906203125 0.609393115625 0.615906821875 0.6146500374999999 0.6154469015624999 0.6223290828125 0.6128836843750001 0.6210321624999999 0.5945445796875 0.622492153125 0.586625759375 0.6233265140625 0.5750711640625 0.6232248703125001 0.566878915625 0.628510140625 0.5569851984375 0.628027196875 0.530373740625 0.627633084375 0.524638675 0.619637403125 0.43324761875 0.61645083125 0.429692371875 0.611837128125 0.4296859609375 0.6056669546875 0.4224346984375 0.5999036296875 0.42334898125000003 0.596093571875 0.42901306093749997 0.5890229984375 0.42553108437500003
12 0.6434222734375 0.48892325625 0.6423590781249999 0.4943470171875 0.6422063359375 0.5066620937499999 0.6724003078125 0.605714628125 0.6793861421875 0.6082147578125 0.6851293593750001 0.607712290625 0.6962064328124999 0.6036318625 0.70463019375 0.59797419375 0.7093406515625 0.588540825 0.70979239375 0.5852677109375 0.7087226140625 0.5730400625 0.6816239359375 0.489681615625 0.6741617265625 0.4817232734375 0.6721016515625 0.47575265 0.6619586234375 0.47581993593750005 0.650106384375 0.48095744218750003 0.6434222734375 0.48892325625
12 0.49512615625 0.5918435171875001 0.49311173750000004 0.596940440625 0.47921463906249995 0.5997965062499999 0.474900978125 0.60673481875 0.4744938515625 0.623172721875 0.47744399687500005 0.639316903125 0.482266153125 0.648736390625 0.493680828125 0.6526584203125 0.5152436953125 0.64954174375 0.5823739531250001 0.6399780921875 0.5869249984375 0.6330287765625 0.5832176515625 0.59065361875 0.581784478125 0.5875423515625 0.576255153125 0.5876160484375 0.523489996875 0.5926424578125 0.511266509375 0.5900213609375 0.4996126671875 0.5939113390624999 0.49512615625 0.5918435171875001
12 0.37600779218749997 0.6080211984375 0.3751427140625 0.6368008828125 0.3769076390625 0.6534588125 0.395738865625 0.6542716375000001 0.3967803734375 0.6548981171875 0.4545534625 0.6498436265625 0.45498456875000004 0.6494983671875 0.47482300625 0.6477627296875 0.4748624828125 0.6429411125 0.4719290625 0.609411965625 0.4674782125 0.6024789171875 0.4259904859375 0.602828165625 0.418807934375 0.6050967859374999 0.38728521875 0.6033440375 0.3806926984375 0.60884149375 0.37600779218749997 0.6080211984375
12 0.284285196875 0.6074295609375 0.2561145890625 0.6123545125 0.2575183203125 0.63191444375 0.262080925 0.65242818125 0.2716999625 0.6569173671875 0.3180913828125 0.6528586453125 0.36079477187500003 0.659374009375 0.369946084375 0.6409409171875 0.37043594999999996 0.6325670640625 0.368238959375 0.6074553359375 0.364157765625 0.602901959375 0.33588035 0.6066060859375 0.3287741703125 0.6027171671875 0.3167643 0.6025377234375 0.3071757 0.6054269015625 0.284285196875 0.6074295609375
57 0.2450924203125 0.6059762421875 0.2412823640625 0.6116403218750001 0.24328128593749998 0.6274576656249999 0.25337239375 0.6345068515625 0.2685391171875 0.633179934375 0.267881578125 0.625664215625 0.25756512656249997 0.6114459359375 0.25583064218749996 0.6021663703125 0.2524021609375 0.601646209375 0.25130336249999996 0.6066630265625 0.2450924203125 0.6059762421875
45 0.3297735625 0.5658937390625 0.320791428125 0.5611643046875 0.32031501093750003 0.5612059859375 0.3144724578125 0.5737933265625 0.3159221203125 0.5798173531249999 0.319514140625 0.580097675 0.321064884375 0.579962003125 0.32806435 0.5709639609375 0.3297735625 0.5658937390625
45 0.3537445015625 0.586083159375 0.353571465625 0.58966579375 0.356602725 0.5894005921875001 0.36329185937499997 0.586765084375 0.362871090625 0.58195566875 0.3537445015625 0.586083159375
45 0.4322781796875 0.5804886546875 0.4320634015625 0.58750404375 0.441591196875 0.5866704703125001 0.4431426921875 0.585152759375 0.4426224921875 0.5792068359375 0.4322781796875 0.5804886546875
45 0.4777942546875 0.5572850859375 0.484885996875 0.5603059453125 0.4841701625 0.552123928125 0.480276675 0.5505069875 0.4777942546875 0.5572850859375
45 0.5322885375 0.5642891671875 0.5321306640625 0.5624846703124999 0.5304459593749999 0.55939846875 0.5226097656250001 0.56122635 0.5228025296875 0.563429653125 0.5235560031250001 0.5653832624999999 0.5304745109375 0.564777971875 0.5322885375 0.5642891671875
57 0.430086534375 0.3492697859375 0.43166395 0.3488447390625 0.4413029046875 0.34828848125 0.4454689546875 0.3479239984375 0.44580825781250005 0.346705146875 0.44522864375 0.3400801296875 0.44318054531250006 0.33635557031249996 0.437417221875 0.337269853125 0.43106386875 0.334955296875 0.425239390625 0.345716303125 0.42330742812500005 0.34986288125 0.430086534375 0.3492697859375
57 0.41923112656250006 0.34769766406249997 0.4191715859375 0.3470171125 0.404090840625 0.3374278984375 0.3808671546875 0.3394597078125 0.38089385781249996 0.33976491875 0.38581857343750003 0.3549264796875 0.406486721875 0.3591768453125 0.406963115625 0.35913516562500003 0.41901489999999997 0.35120206249999997 0.41923112656250006 0.34769766406249997
57 0.3733040546875 0.3809015734375 0.3821554875 0.3666644859375 0.3786965703125 0.3587659609375 0.3851470015625 0.3525232203125 0.3851340015625 0.35237463125 0.3761584375 0.343815903125 0.3640365953125 0.34938705625 0.3622313828125 0.359511653125 0.3622748984375 0.36000903281249996 0.37187881875 0.38102626562499997 0.3733040546875 0.3809015734375
57 0.6421162375 0.3691534421875 0.6313323609375 0.36189576562500003 0.6282955109375 0.3658519703125 0.652244659375 0.3936137 0.6520785078125 0.3917145734375 0.6421162375 0.3691534421875
57 0.6495254625 0.9003634421875001 0.6455055984375 0.88420776875 0.643079165625 0.8881105671875 0.64735748125 0.9058889796875 0.64998874375 0.9056587734375 0.6495254625 0.9003634421875001
38 0.62580711875 0.6113338453125 0.6249205124999999 0.6011998921874999 0.6199094171875 0.6000786234375 0.611740040625 0.6016134671875 0.6067447609375 0.607791296875 0.608058925 0.6128866125 0.62580711875 0.6113338453125