42 0.6696769625 0.258654209375 0.668139546875 0.2572024953125 0.536587171875 0.250911375 0.5430777453125 0.2563077484375 0.54760263125 0.2574359296875 0.6685863109375 0.263028571875 0.6696769625 0.258654209375
42 0.57246575 0.125889525 0.580612209375 0.131636821875 0.621855290625 0.1404390453125 0.6220601515624999 0.139617390625 0.622300371875 0.1353417671875 0.5021435750000001 0.1098427 0.49985434843750004 0.1130624109375 0.4997565296875 0.1134547390625 0.560650553125 0.126907565625 0.57246575 0.125889525
42 0.48974503125 0.1257037859375 0.5135879796875 0.091018540625 0.5335678078125 0.055349465625000004 0.5342831953125 0.052480203125 0.5292844671875 0.0505859984375 0.5070950765625 0.087913215625 0.4465984234375 0.1807220703125 0.45110504531249995 0.18184569687500002 0.45324482499999996 0.1820075890625 0.48974503125 0.1257037859375
42 0.7145840437500001 0.5448927203125 0.7124069390625001 0.574822378125 0.7097544124999999 0.6212323234375 0.708325790625 0.6362362359375 0.7070918546875 0.6517841734375 0.7158281046875 0.68263869375 0.7225964390625 0.6843262296875 0.7231098625 0.6837574625 0.723211290625 0.6833506609375 0.7134280078125 0.6528684671875 0.722030303125 0.5190019921875 0.7224753171875 0.515892278125 0.71682325 0.51521080625 0.7166533312500001 0.515892315625 0.7145840437500001 0.5448927203125
42 0.4297610203125 0.4200261828125 0.3957737625 0.335586709375 0.393202434375 0.3260268328125 0.40550324375 0.2939141703125 0.3995823890625 0.29138502499999996 0.396996675 0.290740334375 0.384145725 0.325255203125 0.387007825 0.333648859375 0.42362710468750003 0.42459641562500006 0.4246868984375 0.4248606515625 0.429308309375 0.421841903125 0.4297610203125 0.4200261828125
42 0.26842500937499997 0.15540567968750002 0.23878701093750002 0.18418666875 0.222064125 0.199588934375 0.1964665171875 0.22541340937499998 0.1847347125 0.2353710125 0.18201202656249998 0.245190309375 0.1833005828125 0.2455115828125 0.194276875 0.23552044843750003 0.2194876234375 0.21257244218750002 0.2478437203125 0.184958296875 0.2756764296875 0.159443353125 0.27425548593750004 0.15586840468750002 0.26842500937499997 0.15540567968750002
42 0.34709354531250003 0.74554263125 0.41040961718749996 0.74596899375 0.42232341093750003 0.7472052312499999 0.4283351421875 0.742221175 0.42850710625 0.7415314640624999 0.42707113750000003 0.7410805328125 0.419654925 0.7392314640625 0.3120677328125 0.736314228125 0.30862910781249997 0.7381820625 0.3081840921875 0.741291775 0.310586053125 0.744244215625 0.3126075015625 0.7447482203125 0.34709354531250003 0.74554263125
42 0.4584973359375 0.51790808125 0.459101940625 0.5154831484375 0.45563085625 0.5130925375000001 0.4534635015625 0.5125521546875 0.4377063671875 0.526027453125 0.3673761953125 0.5895043484375 0.37021948125000004 0.5932481187499999 0.37579554375 0.5946383875000001 0.43555716718750004 0.5386220109375001 0.4584973359375 0.51790808125
42 0.277988246875 0.1800560234375 0.2661500046875 0.23681064062499999 0.2690498984375 0.23789018281250002 0.2834104671875 0.1802930875 0.2826815828125 0.18011135625000002 0.277988246875 0.1800560234375
42 0.20819440781249998 0.4496747421875 0.1653063390625 0.3966700671875 0.16288157187500002 0.403745559375 0.201338378125 0.451300634375 0.2074114953125 0.4528148328125 0.20819440781249998 0.4496747421875
42 0.0793547234375 0.5500850125000001 0.0997486953125 0.56235436875 0.11666192812500001 0.571361021875 0.1167092265625 0.571171315625 0.10384724062499999 0.5591646078125 0.066791203125 0.5355563671875 0.0372596375 0.5175403421875 0.031236984375 0.5204981125 0.048500815625 0.5307483171875 0.0793547234375 0.5500850125000001
42 0.40814974218750005 0.510637453125 0.4169915484375 0.5096212953125 0.43474909687499996 0.5033592312499999 0.4358060765625 0.4991199203125 0.43258928125 0.497406909375 0.40917630000000005 0.5051953 0.3562342625 0.4989321890625 0.3575977015625 0.4999224625 0.3902334328125 0.5080594640625 0.40814974218750005 0.510637453125
42 0.2935212984375 0.724257771875 0.2785626578125 0.7829595671875 0.2853923765625 0.78466240625 0.299682990625 0.7260417984374999 0.2935212984375 0.724257771875
42 0.3167180875 0.6316252125 0.3201703640625 0.6335159296875 0.323762009375 0.61911063125 0.320224259375 0.616210253125 0.3196261609375 0.6160611312500001 0.3167180875 0.6316252125
42 0.2935052484375 0.758349490625 0.2892651578125 0.7528329296875 0.182586828125 0.8057607515624999 0.186175678125 0.8114555875 0.1880331375 0.811918703125 0.2935052484375 0.758349490625
42 0.34398165937499997 0.78344449375 0.3440501734375 0.7831697 0.338913765625 0.7777537437500001 0.2945174296875 0.8246565109375 0.29418272968750003 0.8255020999999999 0.3024035171875 0.8275517718750001 0.3238696765625 0.8049707890625 0.34398165937499997 0.78344449375
42 0 0.540711746875 0.016650915625000002 0.5344511984375 0.023057828125 0.5314878828125 0.021720371875 0.53001705 0.0233334875 0.5301715015624999 0.024339209375 0.5308952203125 0.024946603125 0.5303259515625001 0.02655971875 0.5304804046875 0.026901975 0.529709896875 0.0279243890625 0.5299926687500001 0.028183357812499997 0.5291172328125 0.029289059375 0.5295049328125 0.029464739062500002 0.528524571875 0.0306537296875 0.5290172 0.030746121874999997 0.527931909375 0.0320184 0.5285294640625 0.0320275046875 0.527339246875 0.033383071874999996 0.52804173125 0.0783265421875 0.511978884375 0.078346340625 0.511899475 0.0730317390625 0.5083740406249999 0.0704689734375 0.5095593671875001 0.0702810796875 0.5093752406250001 0.06918759218750001 0.5101520296875 0.06890575156249999 0.5098758421875 0.067906209375 0.5107446921875 0.067530421875 0.5103764421875 0.06662482656249999 0.51133735625 0.0661550921875 0.5108770421875 0.06534344375 0.51193001875 0.0647797625 0.511377640625 0.0640620625 0.5125226796875 0.063404434375 0.5118782421875 0.06278068125 0.5131153421875 0.0620291046875 0.51237884375 0.061499296875 0.5137080078125 0.060653775 0.5128794421875 0.06021791562499999 0.5143006671875 0.059278445312500004 0.51338004375 0.0589365328125 0.5148933312499999 0.0579031171875 0.5138806421875 0.016643239062500002 0.528898646875 0.016881026562500002 0.5295536953125 0.015267909375 0.52939924375 0 0.5346793203125 0 0.540711746875
42 0.13549705 0.5002888750000001 0.13965375 0.49686587031249996 0.1041981296875 0.48406189218750006 0.09867864374999999 0.4836767046875 0.09947759843750001 0.487096575 0.13549705 0.5002888750000001
42 0.09271041875 0.544710053125 0.0036995140625 0.5312077000000001 0.00357095 0.5324287140624999 0.0396778921875 0.5414311859375001 0.07382700625000001 0.5467104984375 0.09257417968750001 0.545256478125 0.09271041875 0.544710053125
42 0.102053840625 0.558656790625 0.1019400390625 0.563087803125 0.10802335468749999 0.5638613109375 0.11410892343750001 0.562224471875 0.11447339062499999 0.560762671875 0.102053840625 0.558656790625
42 0.3812564546875 0.552458996875 0.38420523281249996 0.5629181484375 0.3903607484375 0.5644528906249999 0.38359783125 0.5364439421875 0.3812564546875 0.552458996875
42 0.2538963203125 0.216692109375 0.2437562421875 0.23159886406250002 0.24982947656249999 0.233113090625 0.25966864218749997 0.21738807968749999 0.2538963203125 0.216692109375
42 0.35616188437499996 0.40056176250000003 0.3654132765625 0.4018774203125 0.3770729765625 0.40654783281249995 0.3919276140625 0.410251509375 0.391536621875 0.408390703125 0.3348571078125 0.3937671265625 0.3346409375 0.394634140625 0.334944790625 0.396044096875 0.3525872359375 0.40044285156250004 0.35616188437499996 0.40056176250000003
42 0.07985948281250001 0.66172648125 0.0721377640625 0.675130378125 0.0789401140625 0.6768263937500001 0.0868205125 0.665213615625 0.086887021875 0.6649468578125 0.07985948281250001 0.66172648125
39 0.3028769515625 0.1395617953125 0.298740471875 0.1442285578125 0.2860352484375 0.151466025 0.2802452125 0.1534908171875 0.274070825 0.1623566046875 0.26533263125 0.173556084375 0.264976025 0.193534409375 0.27190375312500004 0.20814435625 0.2789783578125 0.178444809375 0.28584040625 0.181394428125 0.2795445359375 0.213270084375 0.2961661578125 0.22212145 0.2985957890625 0.222727225 0.2992960609375 0.2199185890625 0.3026212890625 0.1962313484375 0.3037616453125 0.1863581828125 0.3070562203125 0.1718195046875 0.311369828125 0.1399451015625 0.3028769515625 0.1395617953125
39 0.27386304375 0.37152431875 0.26215663125 0.3601822984375 0.2603513421875 0.36344834375 0.25599745 0.362362796875 0.2546776140625 0.36500664843749997 0.251218765625 0.365630721875 0.24822766093749998 0.3683533671875 0.2444021734375 0.3730976703125 0.24216958125 0.37675266406249996 0.234824584375 0.3783897625 0.22967424687500002 0.3778488703125 0.23109769375 0.3853883421875 0.2307335625 0.39347309375 0.22737832500000002 0.40428049218749995 0.2220610484375 0.416332903125 0.21888027499999999 0.42644056875 0.2175427265625 0.43180518437500004 0.2128825453125 0.43807558125 0.225199628125 0.441146575 0.23542603281250002 0.43824594218749996 0.2489302125 0.434428346875 0.2595064546875 0.4410291984375 0.26943296875 0.4343376421875 0.2727780171875 0.4381445796875 0.28014323281250003 0.43775124062500004 0.28367795 0.4341731578125 0.286605884375 0.4237547109375 0.287637009375 0.42168919687499995 0.28782528281249997 0.420934075 0.285629959375 0.41707004999999997 0.282229265625 0.4174608796875 0.286090178125 0.40727504843749995 0.2852659859375 0.394682371875 0.28168330625000004 0.3838793640625 0.27386304375 0.37152431875
13 0.22105464531250002 0.3426948015625 0.2207919671875 0.343895553125 0.2211929984375 0.34400758593749997 0.2205292890625 0.34509630625 0.22652843906250003 0.3466805421875 0.22228449062500003 0.3542624671875 0.2229067703125 0.35543366249999997 0.2216782109375 0.3553455984375 0.2210719328125 0.35642873124999996 0.2197782984375 0.35605752812499997 0.22046565468749998 0.3575118625 0.2195557921875 0.357612384375 0.2198593734375 0.3585949953125 0.219333284375 0.35916724218749996 0.21925309531249998 0.3596781265625 0.2181483046875 0.35994535 0.21864681875 0.360761259375 0.21804053906249998 0.361844390625 0.21696332968749998 0.36072345625 0.2157783484375 0.3615015640625 0.21522815468749998 0.36423821093750003 0.216221703125 0.3650937875 0.21495305937500003 0.3656065359375 0.21561542500000003 0.36617691875 0.2146779625 0.3669748609375 0.21500914375 0.3672600515625 0.2147679375 0.36769097500000003 0.2168361140625 0.3682066296875 0.229813440625 0.3674783421875 0.2689338109375 0.3675297046875 0.273415590625 0.34955426875 0.26803021718750003 0.3519847453125 0.26280150468749996 0.3504333375 0.254364271875 0.3458522609375 0.249041978125 0.3499756265625 0.2436640375 0.3582967578125 0.236144578125 0.3606335875 0.23072118125 0.3585381515625 0.2296828703125 0.35563667187500003 0.22759947500000002 0.354497865625 0.22916371249999998 0.35418593125000003 0.22713471875 0.3455974109375 0.2459293578125 0.3120203171875 0.24447870625 0.3114561078125 0.24544764687499998 0.310514028125 0.2465356375 0.310937184375 0.247141915625 0.309854053125 0.2464165890625 0.3095719484375 0.24738553125 0.30862986875 0.24774819531249997 0.30877092031250003 0.247989403125 0.308339996875 0.24638316875 0.30793951875 0.23061271093750002 0.30995335 0.22525750000000003 0.323482765625 0.221317325 0.34149405 0.2225204171875 0.34183014375 0.2218567078125 0.3429188640625 0.22105464531250002 0.3426948015625
39 0.2949173375 0.243939384375 0.284377184375 0.22618088749999998 0.277548815625 0.242555065625 0.277386871875 0.2432045890625 0.28044305625 0.24396658124999998 0.29485109375 0.24420507812499997 0.2949173375 0.243939384375
39 0.38897746093749996 0.300245515625 0.3767348046875 0.3321249359375 0.38604184375 0.329242821875 0.3908407484375 0.3272186546875 0.39456763906250003 0.3202200796875 0.39499243281249996 0.3158666046875 0.40097464531250004 0.3104213140625 0.4037912875 0.3083984015625 0.40858517499999997 0.2984451890625 0.41598331093749996 0.2886458 0.41898460625 0.27130881875 0.42123491093750004 0.264933059375 0.42372724531249994 0.263382840625 0.4276984828125 0.2474550734375 0.418638346875 0.246200378125 0.41094693125 0.2532014640625 0.4069847578125 0.2876409265625 0.39755890312500003 0.287025 0.39928080312500003 0.2748193953125 0.38897746093749996 0.300245515625
33 0.040478484375 0.8748460203124999 0.046994117187500004 0.883159628125 0.0491760765625 0.89163145 0.046908059375 0.9007279718750001 0.05564411406250001 0.902906115625 0.061016510937500004 0.8997862171875 0.0632564234375 0.89535663125 0.064838184375 0.8890125375 0.063709321875 0.8863362234375 0.0658028765625 0.8779394328125001 0.056278425 0.875069234375 0.0503443375 0.8644231828125 0.0345266828125 0.866920734375 0.040478484375 0.8748460203124999
57 0.0855156546875 0.88093436875 0.07505835625 0.8916432921874999 0.08520318906249999 0.8941726828125001 0.09022645 0.8905249 0.0906390890625 0.8888698937499999 0.0855156546875 0.88093436875
39 0.3217168125 0.475368503125 0.31608101718750004 0.47544980312499996 0.3044327609375 0.4638745375 0.3036438375 0.4763127640625 0.305259090625 0.4820419796875 0.3090021046875 0.48297521874999993 0.3187661484375 0.48057866562499996 0.3288139875 0.48134966874999996 0.340806153125 0.483596421875 0.35666675625 0.48755091406249995 0.3749616671875 0.491264371875 0.37531776875 0.4898361234375 0.3524595875 0.47262830312500004 0.33494291875000004 0.462067315625 0.3146121140625 0.45749376406250003 0.312126684375 0.460837975 0.32208345 0.47124827343750003 0.3217168125 0.475368503125
39 0.2525643890625 0.3269465984375 0.24614735312499997 0.3208872640625 0.24054949374999998 0.3194915625 0.2375204546875 0.3236912109375 0.22960661093749998 0.3170109375 0.230499146875 0.314756034375 0.2280087 0.3101711984375 0.225619359375 0.3118051609375 0.22476726406249997 0.31654758437499997 0.22724250625 0.327817709375 0.2274092875 0.3456968359375 0.22903243281250002 0.3617093828125 0.23238249843749997 0.37344536875 0.23578058125 0.3793713515625 0.23755564375 0.3798139234375 0.2436161515625 0.374759771875 0.25731250625 0.36752167812500003 0.2717221671875 0.362804915625 0.2741713671875 0.3529817109375 0.2746750890625 0.3495537265625 0.269502021875 0.34380455 0.26489529375 0.34240822031249996 0.255294975 0.342492028125 0.252162325 0.3365083546875 0.2525643890625 0.3269465984375
39 0.055190846875 0.641949996875 0.062887278125 0.64287795625 0.0769754859375 0.65218155 0.07868432343750001 0.6526076109375001 0.0837464828125 0.6532813578125001 0.0858857390625 0.6544031265625 0.0968838484375 0.6571452625 0.097664965625 0.65401236875 0.09147332500000001 0.64083874375 0.074778340625 0.638905909375 0.066889734375 0.6413984453125 0.0554993296875 0.6380630093749999 0.055190846875 0.641949996875
6 0.710371559375 0.46358277187499997 0.7022861406249999 0.4433484 0.697674203125 0.44139334999999996 0.6966440375 0.4411365015625 0.695439046875 0.44596945625 0.702240525 0.4634042640625 0.703314465625 0.4637339640625 0.7069005890625 0.46462808593749994 0.7103340890625 0.46373305625 0.710371559375 0.46358277187499997
29 0.7170477187500001 0.6684497734375 0.7173949234375 0.6679266546875 0.71769044375 0.666741390625 0.7158742671875 0.66057005 0.7100033515625 0.6576198046874999 0.7028125937499999 0.657313409375 0.699062975 0.659103703125 0.7000757765625 0.66421819375 0.7170477187500001 0.6684497734375
57 0.7684670140625001 0.510203046875 0.7350441265625001 0.5157434296875001 0.7501664375 0.5200093328125 0.758388765625 0.5228026203125 0.7685958625 0.529559178125 0.779935634375 0.5450214265625 0.7890403078125 0.560174146875 0.7972841515625 0.578952265625 0.798344025 0.5792165218750001 0.8202608515625001 0.5753906140625 0.8214287984374999 0.573604375 0.822652109375 0.5686979437499999 0.819416440625 0.5615541765625001 0.8137908359375 0.5470211421875 0.8007393531250001 0.5291501656250001 0.787475471875 0.5134559249999999 0.7776400296875 0.5105081874999999 0.7684670140625001 0.510203046875