6 0.4550538640625 0.222610834375 0.4781847984375 0.22301458593749998 0.49275034218749997 0.21908426875 0.5020038484375 0.20614123125 0.5020454734375 0.20375648281249997 0.3722751125 0.16012029375 0.3564033625 0.1681276484375 0.3438515390625 0.17769920156250002 0.33736560781249997 0.1849289765625 0.39990310625 0.2072964015625 0.4550538640625 0.222610834375
25 0.431292775 0.46869447031249994 0.40965690156249995 0.48093168750000004 0.39799066562499996 0.4972968421875 0.39733406875 0.5157369875 0.3955459703125 0.522295634375 0.405512321875 0.5266117953125 0.4234340109375 0.53539729375 0.4447347671875 0.5423589609375 0.47077935625 0.546014359375 0.497572040625 0.5451640546875 0.5204478328125 0.5385969312500001 0.5498292703125001 0.5236706875 0.5512659375 0.5174400703125001 0.551539684375 0.501757059375 0.550666571875 0.49487820468750005 0.5319348578125 0.47496994531250003 0.5139934562499999 0.467313790625 0.4853441796875 0.45947073125 0.461894421875 0.4605676671875 0.431292775 0.46869447031249994
57 0.0916365 0.3991077078125 0.13771698593749998 0.3948761828125 0.1378303484375 0.38838167968750004 0.1266467359375 0.3655315640625 0.1206235578125 0.3654264296875 0.10762261875000001 0.3623752734375 0.0691407 0.3809083015625 0.0781378546875 0.39887208749999997 0.0916365 0.3991077078125
29 0.97976224375 0.3208457203125 0.9797746984375 0.32013217968749996 0.9789619453125 0.3194431734375 0.9742641078125001 0.3201143 0.9635726625000001 0.31898627031250004 0.9620165359374999 0.3205359671875 0.97976224375 0.3208457203125
29 0.9066426765625 0.41645917031249996 0.913312434375 0.41133194531250006 0.916953840625 0.413654884375 0.918770540625 0.4129484453125 0.91882285 0.409951625 0.9118134609374999 0.4013268515625 0.9087525875000001 0.40409764687500005 0.9113408484375001 0.40922643281250004 0.900855890625 0.4154449921875 0.902757946875 0.4163913609375 0.9066426765625 0.41645917031249996
29 0.9258737484375 0.45365191875 0.9131607078125 0.454182209375 0.9037026109375 0.45910072343749997 0.9210068250000001 0.4667175125 0.9239084578125001 0.4667681609375 0.9256939828125 0.463950634375 0.9258737484375 0.45365191875
29 0.9825094046875 0.5520800484375 0.9930091187500001 0.555487646875 0.9944189796874999 0.55551225625 0.994503921875 0.5506459796875001 0.991268690625 0.5488438718750001 0.9561433359375 0.5476659125000001 0.9577343062500001 0.5524007234375 0.963777196875 0.5513765140625 0.9825094046875 0.5520800484375
29 0.9756439765625 0.6049615109375 0.9800499015625 0.6018376265625001 0.9840817812499999 0.6009665953125001 0.9904132984375 0.6025833656249999 0.9903574453124999 0.605783178125 0.9861147953125 0.6100631359375 0.995480453125 0.6102266140625 0.996423334375 0.603441396875 0.991778065625 0.601100934375 0.9851414984375 0.597784303125 0.9771040234375 0.598020571875 0.9719828578125 0.6037679140625001 0.9756439765625 0.6049615109375
29 0.909501484375 0.5858554703125 0.9130102984375 0.5884714984375 0.9304068531249999 0.58877515625 0.9361196953125 0.5828955687499999 0.9361840171875 0.579210578125 0.92625729375 0.578676725 0.923852521875 0.5822121 0.9184723015625 0.58362444375 0.91246555 0.5825781859375 0.9095139234375 0.585142840625 0.909501484375 0.5858554703125
29 0.902567728125 0.7160006921875001 0.9129278390625 0.7169346562500001 0.9249277156250001 0.7215122484375 0.9288554281250001 0.7215808078125 0.933728465625 0.7198890359375001 0.9337475796874999 0.718794021875 0.9306824671875 0.7161148734375 0.91539831875 0.709634790625 0.9054122546875 0.706447978125 0.8951484593749999 0.7053650703125001 0.8945472656250001 0.705354575 0.8843081312500001 0.707397575 0.8795774390625001 0.70995094375 0.8815457406249999 0.71224468125 0.88929130625 0.7095556546874999 0.8942449124999999 0.7134077546875 0.902567728125 0.7160006921875001
29 0.8480616031249999 0.9467675578125 0.8558838859375 0.9427854343750001 0.8562842171874999 0.9390267890624999 0.8505956578125 0.9389274953125 0.8424793312500001 0.9436811468749999 0.8431860468749999 0.9466824546874999 0.8480616031249999 0.9467675578125
29 0.5447770390625 0.88622244375 0.53701833125 0.8896643671875 0.5319398750000001 0.8929647921875 0.5245223593749999 0.8960361078125001 0.5338786078125 0.8969525484374999 0.5427951 0.9038863265625 0.5521414906250001 0.9053674421875 0.5605365859375 0.9038194421875 0.5618037 0.8985531968749999 0.561926346875 0.8915267640625 0.5570857375 0.8905794890625 0.5483757328125 0.8909923015625001 0.551767940625 0.8884155687499999 0.5615015203125 0.886890934375 0.5609045593750001 0.882738315625 0.5447770390625 0.88622244375
29 0.4661058734375 0.7695926 0.4664413109375 0.7760188593749999 0.4686148640625 0.7760567984375 0.46861752812499996 0.7759042390625 0.4661058734375 0.7695926
29 0.503210690625 0.853234834375 0.5032601765625 0.8503998203125 0.495518790625 0.84763569375 0.49414088125 0.8498710218750001 0.498454815625 0.8520174203125 0.49860302812499996 0.85315440625 0.503210690625 0.853234834375
29 0.32752834062499997 0.890799475 0.32756088125 0.8889352296874999 0.32200465 0.8907030593749999 0.32752834062499997 0.890799475
29 0.31184259375 0.8840158390624999 0.31042854375 0.8883216359375 0.30337193125 0.889892996875 0.30438668281250003 0.8903955359375001 0.3189233984375 0.890649275 0.31507709687499996 0.890473875 0.31512309374999997 0.8878387343749999 0.3162288078125 0.8820213015625 0.3072433203125 0.8790402343749999 0.30620003281249997 0.8812814046874999 0.31184259375 0.8840158390624999
29 0.3415348625 0.8941291453125 0.3416916671875 0.8851458578125 0.33887096875 0.8884442531250001 0.33710915625000004 0.8934971062500001 0.3308651171875 0.8986714093750001 0.3311830796875 0.8986769593749999 0.3407538484375 0.8956318218750001 0.3415348625 0.8941291453125
29 0.052746032812499996 0.23121590468750003 0.07044121406250001 0.23152477500000002 0.073427175 0.228281378125 0.073605984375 0.2180374046875 0.0663438328125 0.21529398125000002 0.06325339218750001 0.21975879687500002 0.06752461562499999 0.2243521125 0.0644308890625 0.2290051515625 0.05203676875 0.22954194062500002 0.052746032812499996 0.23121590468750003
29 0.051530374999999996 0.2387777296875 0.0461022234375 0.243601840625 0.05229155 0.2437098765625 0.0565496890625 0.2388653421875 0.054338762500000005 0.2312954828125 0.05934635781249999 0.22920800937500002 0.059368509375 0.22793898124999998 0.05677638593749999 0.22587786250000003 0.0500445421875 0.2280197375 0.046593196875 0.2339845109375 0.039539870312499996 0.23536764531249998 0.0394905890625 0.23819101250000002 0.051530374999999996 0.2387777296875
29 0.727138359375 0.500057871875 0.7253666890625 0.5056753984375 0.7313011609375 0.5108625906250001 0.7282205765625 0.5147627328125 0.734929425 0.513938428125 0.73764581875 0.5117264640625 0.7456931515624999 0.5109255203124999 0.74874088125 0.5089076218749999 0.7484851109374999 0.504384396875 0.7482194859375 0.50042584375 0.753274940625 0.4984429875 0.761282846875 0.49990074062499995 0.762558325 0.49894934375 0.762581853125 0.49760147187500003 0.752320359375 0.49560210312499997 0.7413402890625 0.49183309062499997 0.737098634375 0.4855457578125 0.7310097484375 0.48920510781250004 0.7322562390625 0.49449875312499997 0.727138359375 0.500057871875
29 0.7552559828125001 0.61542403125 0.7515390109375 0.61743025 0.75414698125 0.6214296874999999 0.7513813078125 0.62646501875 0.7513299734375 0.629406021875 0.7568763171875 0.629502834375 0.7611214562499999 0.6245639328125 0.7691950750000001 0.6222571984374999 0.769803365625 0.6210564453125 0.7699063140625 0.61515853125 0.7690181546875 0.6132165875 0.7630968265625 0.607276496875 0.752057615625 0.606895528125 0.7586481890625 0.6128473 0.7585397687500001 0.619058703125 0.7552559828125001 0.61542403125
29 0.8108857921875 0.5999392343750001 0.8082039453125001 0.6022694765625001 0.8138862265625001 0.6023686609375 0.8139909671875 0.5963680703125 0.8053976484375 0.5883582546875 0.7890669265625 0.584307565625 0.788345115625 0.587307475 0.8023334906249999 0.5913172765625 0.8108857921875 0.5999392343750001
29 0.6108598359374999 0.5949467421875 0.61082060625 0.597194203125 0.619223490625 0.6083472390625 0.635624740625 0.6086335234375 0.6356432062499999 0.60757554375 0.6324415796875 0.602110484375 0.6265301062499999 0.5956057218749999 0.62628090625 0.5907060484375 0.61633426875 0.5852605421875 0.6108598359374999 0.5949467421875
29 0.629445834375 0.6255698703125 0.62311103125 0.624141325 0.6276347421875 0.633446090625 0.63435536875 0.63674065 0.641675209375 0.63686841875 0.6445352718749999 0.6353247125 0.6445894265625001 0.6322222171874999 0.6398387999999999 0.624621590625 0.6367844984375 0.627015940625 0.641045865625 0.6321739265625 0.6389888578125 0.634962246875 0.6323292890625 0.6329631890625 0.629445834375 0.6255698703125
29 0.3879354234375 0.5636020203125 0.3879766359375 0.5612410078125001 0.38197558125 0.55441496875 0.3745843515625 0.5559804890625 0.3808468734375 0.5615499703125 0.37601104687500003 0.57012651875 0.3826870375 0.5711844578124999 0.3879354234375 0.5636020203125
29 0.4259436390625 0.45139686093750003 0.4336596359375 0.450401853125 0.4300477984375 0.44638489375 0.4236768578125 0.44702681406250006 0.4100198171875 0.4432110765625 0.406296275 0.4455937453125 0.4142779 0.448557290625 0.40027966875 0.44511216249999996 0.39618865 0.4493712296875 0.4020968359375 0.45606421875 0.40389207968749996 0.4576912421875 0.4068138125 0.457742240625 0.41013431406249995 0.45582795000000004 0.411977659375 0.4578323765625 0.4205442578125 0.45798190625 0.41581958593749996 0.45611546875000003 0.40480994531250003 0.4540404765625 0.40153601562499996 0.4498411328125 0.41088240625 0.45132224687500005 0.417246778125 0.45105677499999997 0.4259436390625 0.45139686093750003
29 0.5371037734375 0.170909928125 0.5512895828125 0.1684557015625 0.5698908015625 0.166655875 0.5699747203125 0.1618481828125 0.55403554375 0.164549715625 0.5430127625 0.1632276234375 0.540611278125 0.166574775 0.532209609375 0.168499221875 0.533202178125 0.170841825 0.5371037734375 0.170909928125
29 0.1261206203125 0.432527128125 0.111144096875 0.4322657125 0.111340025 0.436957346875 0.1153543609375 0.4370274171875 0.1244471 0.435877571875 0.12610693906249998 0.4333109484375 0.1261206203125 0.432527128125