49 0.2873371328125 0.537545425 0.28646525624999997 0.5486334828125 0.303868709375 0.553677690625 0.30576778125000004 0.55458116875 0.329980621875 0.56017114375 0.34086876093749996 0.5591409125 0.3503438546875 0.5546574343749999 0.36389599375000004 0.5398258703125001 0.36715457812499996 0.5405781734375 0.3701572046875 0.5275723640625001 0.367270259375 0.52521031875 0.3240567734375 0.5149771234375 0.30502242343749997 0.5169970984375001 0.2986397625 0.5324575625 0.291779528125 0.5329263609375 0.2873371328125 0.537545425
39 0.708390046875 0.645898171875 0.7002647875 0.6396605156249999 0.68772531875 0.6354826703125 0.6605938921875001 0.628705734375 0.6339684812499999 0.6246113828125 0.6193205453124999 0.6125060546875 0.6065281984374999 0.6021120046874999 0.592076775 0.601341390625 0.5753479140625 0.6031239015625001 0.566322725 0.605658640625 0.556847759375 0.6052672046875001 0.5504092453125 0.6063465171875 0.5458260625 0.6188869359375 0.5335676515625 0.6183660421875 0.5380945984375 0.6060692171875 0.529097590625 0.606044703125 0.5288161421875001 0.61701249375 0.5131276171875 0.6167260015625 0.49884464531250006 0.6249744390624999 0.4961171796875 0.63435121875 0.5105683453125 0.6448716625 0.52918071875 0.651991003125 0.5424947859375 0.655738309375 0.5817402453125 0.6647988375 0.5888979828124999 0.666290971875 0.6104347203125 0.660743503125 0.6174915890625 0.6667345015625 0.635963690625 0.6622755375 0.6499935265625 0.6575607234375 0.652326940625 0.664513834375 0.674791146875 0.6720092906249999 0.6978739703125 0.676825228125 0.711256878125 0.6822241 0.7212939625 0.6899294390625 0.736195159375 0.6936262281250001 0.75473769375 0.6955034906249999 0.7568403546875 0.6863958671875 0.7532054671874999 0.6808759249999999 0.7504783890625 0.6756279609375 0.7376860421875 0.665233909375 0.71865195 0.65750405625 0.7099925 0.651143071875 0.708390046875 0.645898171875
57 0.6880592484375 0.7127570765625 0.6946944 0.7181375625 0.7133911953125 0.7224540578124999 0.733090609375 0.7267537203125001 0.7332058890625001 0.726254384375 0.7262401671875 0.717979771875 0.7261840578125 0.71334845 0.7208141921875 0.7049245890625 0.7132791078125 0.7083164984375 0.7074590796875 0.7115912078125 0.6880592484375 0.7127570765625
57 0.5643156265625 0.9365632046875 0.5458718375 0.933588 0.537184075 0.9346611843750001 0.51699704375 0.9343624343749999 0.5068193 0.9297035328125001 0.49270517500000005 0.932346278125 0.47378342812499996 0.9290041531250001 0.45429930625 0.9280979531250001 0.4513752015625 0.931014934375 0.44831030937499994 0.9418532703125001 0.437207909375 0.950547353125 0.4559925640625 0.95488413125 0.45770059218750003 0.95479738125 0.473417171875 0.9573995343749999 0.4859285875 0.95926171875 0.506987240625 0.9582222437500001 0.5256558484375 0.9650979921875 0.5268928203125001 0.9694887859374999 0.528342478125 0.9715874250000001 0.5358991015625 0.9733320093750001 0.54752975625 0.967838796875 0.5559082765625 0.9656679140625 0.578569378125 0.9698733374999999 0.601202428125 0.9717631000000001 0.6212207453125 0.9727926281249999 0.63193268125 0.9775748578125001 0.643741190625 0.9800444921875 0.649126690625 0.97930611875 0.6499651875 0.9756741874999999 0.64852114375 0.9690889578125 0.637275140625 0.959308484375 0.6160481640625 0.9464539937499999 0.604267709375 0.9463000218750001 0.5903786656250001 0.9430934828125 0.5643156265625 0.9365632046875
39 0.8328038875000001 0.93844566875 0.8652771234375001 0.9513308031250001 0.8656144203125 0.9547441624999999 0.8589738562499999 0.9597216843749999 0.8706978781249999 0.9624283874999999 0.8814152921874999 0.9594183859375001 0.8728684453125 0.9476953015625 0.8567022218749999 0.9372920578124999 0.83432230625 0.931868671875 0.820377021875 0.9289057250000001 0.8328038875000001 0.93844566875
57 0.32047153281249996 0.7457092703125 0.32372548437500004 0.763987853125 0.3616623546875 0.7727462703125 0.3627147046875 0.7681880421875 0.3628975609375 0.764227675 0.344201025 0.7501613500000001 0.3420081390625 0.7450367140624999 0.32477339843749997 0.7392617296874999 0.32047153281249996 0.7457092703125
57 0.847663571875 0.7051849125 0.834842784375 0.7070999453125 0.8349830546874999 0.7186782515625 0.8293878484375 0.7258535046875 0.8544667890625 0.73420919375 0.8442041078125 0.7518527984375 0.8665709125 0.75942198125 0.893430384375 0.7656229796875 0.911821809375 0.768489878125 0.9304624968749999 0.7681750515625 0.947163559375 0.75432705 0.9538048281249999 0.743169165625 0.956773340625 0.730311121875 0.9522252171875 0.72265389375 0.935327903125 0.715417353125 0.9242784109375 0.7169715937500001 0.8949257890625001 0.712504190625 0.8751606046875 0.7079410390625 0.847663571875 0.7051849125
57 0.9027339874999999 0.9574353265625 0.8817876296874999 0.9535710249999999 0.8790034062500001 0.98269105625 0.8926093906249999 0.9915410625 0.8947461671875001 0.992034375 0.9027339874999999 0.9574353265625
57 0.7337879468749999 0.6334357953125 0.7487389359375001 0.6414866296875 0.7682791671875 0.6470241515625 0.7725998781250001 0.65273625 0.777529034375 0.6538742359375 0.7869477765624999 0.6538999 0.8051857203124999 0.660259284375 0.8130529421875 0.6620755765624999 0.8338445125 0.660365071875 0.83530669375 0.654031665625 0.8468902515625001 0.65747566875 0.8500952875 0.6630905546875 0.8802913468750001 0.668778984375 0.8973856859374999 0.667850578125 0.9098850374999999 0.6694603734375 0.9098902203125 0.6694379203125 0.8847058156250001 0.6569693437499999 0.8452908125 0.642257071875 0.839872046875 0.6410060515625 0.8040706890625 0.635787496875 0.772215809375 0.629972675 0.7600979296875 0.6312802578125 0.7462931734375 0.6301457874999999 0.7338001984375 0.633382728125 0.7337879468749999 0.6334357953125
39 0.765113978125 0.5435667828125 0.776079178125 0.5399404734375 0.782554528125 0.54028576875 0.7827735312499999 0.5393371640625 0.77700729375 0.528608825 0.7533059875 0.5215974906249999 0.7384202203125 0.523073796875 0.7380202031249999 0.5248064609374999 0.7398100875 0.5361854625 0.765113978125 0.5435667828125
57 0.9365178656250001 0.6305064312499999 0.9400192828125 0.615340121875 0.922923228125 0.6111578703125 0.8991091875 0.61438355 0.8903650546874999 0.620575240625 0.8929325406249999 0.622787628125 0.9239930187500001 0.6299585046875 0.9365178656250001 0.6305064312499999