7 0.44556575 0.585095484375 0.43835128125 0.578965465625 0.4247271140625 0.5690921359375001 0.4112457140625 0.5631651109375 0.39530926875 0.561308746875 0.3890328421875 0.55639494375 0.38009889218750004 0.5526027078125 0.36993347656250003 0.5619899562499999 0.38408638281249996 0.5714741875 0.392188675 0.584934428125 0.407720959375 0.5945951515625 0.43435750781250004 0.6097873953125 0.45530607968750003 0.6186795359375 0.4519078453125 0.6121243062499999 0.4547998765625 0.6113067953125 0.464156978125 0.6175282656250001 0.4894833515625 0.6366636078125001 0.5088457156249999 0.6467230390625 0.51106171875 0.6506750968749999 0.51653336875 0.652997675 0.526322275 0.6299364578125 0.51405356875 0.6198931359375 0.5056345125 0.6148878843750001 0.4753885578125 0.5987770671875 0.45828390625 0.591107553125 0.44556575 0.585095484375
6 0.497106153125 0.5004690734375 0.49485840625 0.503492690625 0.5080991265625 0.510227628125 0.5133791078125001 0.5124688468749999 0.5147662890625 0.50920085 0.502555165625 0.502782040625 0.497106153125 0.5004690734375
6 0.5327297546875001 0.5735875234375001 0.53366096875 0.5770934421875 0.5350854046875 0.5776980796875 0.5514546828125 0.5827249546875 0.5530417484375 0.5789860609375 0.5327297546875001 0.5735875234375001
6 0.8517508140625001 0.547089078125 0.851203946875 0.544367796875 0.8314856359375 0.5388460578125 0.831425546875 0.5389876171875 0.8322006734375 0.5420276828125 0.8516839921875 0.5472464984375 0.8517508140625001 0.547089078125
6 0.654570259375 0.47776364843749997 0.6559698640625 0.48472825156250005 0.6615023171875001 0.4870766390625 0.6589290734375 0.47777326093749994 0.654570259375 0.47776364843749997
6 0.23338815 0.5395994125 0.23649502031249997 0.5367768609375 0.217394853125 0.5286693203125 0.2085483 0.5255277140625 0.2065943109375 0.52756144375 0.214965728125 0.5317795578125 0.23338815 0.5395994125
6 0.38776715 0.7911624875000001 0.383290728125 0.7848551578125 0.3777583703125 0.7825068109375 0.3747270859375 0.784195734375 0.3855363203125 0.7976904203124999 0.38679699218749997 0.7982255453125 0.3902456796875 0.7985541109375001 0.39079160156250003 0.7972679984375 0.38776715 0.7911624875000001
6 0.9717389234375 0.5523365828125 0.9702005781249999 0.55075059375 0.9624348375 0.5527715078125001 0.963272821875 0.554062846875 0.967378415625 0.5558055671875 0.97043316875 0.5554127453125 0.9717389234375 0.5523365828125
6 0.8650340890624999 0.3731730546875 0.8597174750000001 0.37008801875 0.8589658734375 0.37059725 0.8650340890624999 0.3731730546875
6 0.8730516828124999 0.38893671093750004 0.8713565296875 0.38648621250000004 0.8656642078125 0.384478984375 0.8685780046874999 0.3882568625 0.872613203125 0.389969703125 0.8730516828124999 0.38893671093750004
6 0.48936041093749993 0.286698878125 0.5046174859375 0.293175121875 0.5051320953125 0.2919627765625 0.4903709671875 0.2859001875 0.48936041093749993 0.286698878125
6 0.534977603125 0.290785284375 0.521270346875 0.28208841093750003 0.5207770484375 0.28475750624999996 0.534977603125 0.290785284375
6 0.7121309375 0.360000478125 0.6970079609375001 0.3519450703125 0.6962126828125 0.3546751546875 0.702357728125 0.3584390546875 0.7110055984375 0.3621098578125 0.7121309375 0.360000478125
6 0.6739773609374999 0.328789053125 0.66868780625 0.3322649546875 0.675169734375 0.3350163703125 0.6776577265625 0.333396178125 0.67858185 0.331219078125 0.6739773609374999 0.328789053125
6 0.5670754734375001 0.2952786234375 0.5669265203125 0.29925448125 0.5708059671875 0.3009012078125 0.57237233125 0.2965044515625 0.5670754734375001 0.2952786234375
6 0.3410350625 0.25259495 0.340483990625 0.2523610328125 0.3279520375 0.249792203125 0.32828561093749997 0.25227544218750003 0.3289890296875 0.2525740265625 0.340633865625 0.2556114859375 0.34139889375 0.25380919375 0.3410350625 0.25259495
6 0.1173077109375 0.2778718296875 0.114239184375 0.27583158750000003 0.102864034375 0.27693393125 0.1031306 0.278918353125 0.10432498593749999 0.279425340625 0.117194446875 0.2781386625 0.1173077109375 0.2778718296875
6 0.16639345781249998 0.3261885109375 0.16642125624999998 0.32612302187500003 0.163571921875 0.3226938109375 0.158702559375 0.31960433906249996 0.156813134375 0.32076594531249997 0.156772103125 0.3208626078125 0.1618939671875 0.3275033484375 0.16639345781249998 0.3261885109375
6 0.3361034578125 0.582198628125 0.3178163828125 0.5783104453125001 0.3176368390625 0.5821506109375 0.322131665625 0.5840585515625001 0.3316335359375 0.5860160734375001 0.33606575156249996 0.582287459375 0.3361034578125 0.582198628125
6 0.42604575312500004 0.7062165968749999 0.4178188515625 0.6963154203124999 0.411091434375 0.6934598000000001 0.41098979062499996 0.6936992578125001 0.4224268203125 0.71115555625 0.42525693750000004 0.7080749296875 0.42604575312500004 0.7062165968749999
57 0.7596126812499999 0.45838859843749996 0.759611934375 0.4591267375 0.768641084375 0.46295938437500006 0.769298290625 0.461411103125 0.7596126812499999 0.45838859843749996
6 0.23940019218750003 0.430120459375 0.24029838125 0.42800445624999994 0.23963575937499998 0.4241277375 0.23171855 0.4201671828125 0.231632978125 0.42036877500000003 0.2340544015625 0.4278513046875 0.23940019218750003 0.430120459375
6 0.1115235328125 0.250792021875 0.10666801249999999 0.2485264671875 0.1075740265625 0.252387728125 0.10356480625 0.25498063593750003 0.1080248609375 0.256464796875 0.1115235328125 0.250792021875