39 0.142636903125 0.0220874796875 0.13940368281249998 0.0143162921875 0.1331481234375 0.01708525625 0.12726463593749998 0.009509437499999999 0.1262450125 0.009217064062499999 0.120294928125 0.011118303125 0.12305345000000001 0.055440467187499995 0.12352745000000001 0.055576384374999996 0.127740396875 0.0531770296875 0.1329381375 0.0540971171875 0.142636903125 0.0220874796875
7 0.23456817187499998 0.1210240609375 0.22892443906249998 0.11712438750000001 0.22124690781249998 0.12575934375 0.21963182187500002 0.1395547140625 0.2120214140625 0.1624674078125 0.22001894531250002 0.17901915468750002 0.221973953125 0.19668992968750001 0.2227148203125 0.2031761078125 0.2310765046875 0.2175509140625 0.24816617968750002 0.22416231718750002 0.25751405781250003 0.2119129515625 0.26807745 0.175074028125 0.2629704390625 0.15711492031250002 0.257841975 0.1505113 0.2535310140625 0.14014971874999999 0.2508749828125 0.12855166093749998 0.24066525625000001 0.1233427109375 0.23456817187499998 0.1210240609375
7 0.3120808828125 0.150408234375 0.30540140625 0.13651579375 0.299648553125 0.12574075625 0.2958255828125 0.11095638593749999 0.2889949890625 0.0975909515625 0.2832819796875 0.09937481249999999 0.276332753125 0.1036558890625 0.2709293359375 0.099825125 0.26417842812500003 0.111577484375 0.2632643671875 0.119300134375 0.260303946875 0.1287173609375 0.2592859703125 0.14496530937500002 0.2612409765625 0.1626360875 0.270110571875 0.178867553125 0.274208496875 0.190879065625 0.280381646875 0.202958078125 0.2910447375 0.2060156703125 0.291434571875 0.2060846765625 0.29839115625 0.19724299218750002 0.30516934375 0.18720947500000001 0.3088507109375 0.177998978125 0.3110282671875 0.1694979484375 0.3120808828125 0.150408234375
39 0.217009709375 0.1150838390625 0.2169167921875 0.115407878125 0.2350918734375 0.11891426093749999 0.23758943124999998 0.1355999328125 0.2389307 0.14718457812500002 0.2400249921875 0.1474983609375 0.24775736093749998 0.1325649953125 0.24806966875 0.131475846875 0.2512350046875 0.1161288140625 0.2468274875 0.1097319234375 0.2370784703125 0.09838134375 0.2292918203125 0.100140934375 0.22180004531250003 0.105407115625 0.217009709375 0.1150838390625
39 0.22997615468750002 0 0.224173415625 0.0107395 0.223532621875 0.0129742140625 0.2282858203125 0.03034945625 0.2288465578125 0.0305102453125 0.24067642031249997 0.021210846875 0.2411919796875 0.019412878124999998 0.2413570546875 0 0.22997615468750002 0
33 0.24319956718750002 0.29144982812500003 0.25365238749999997 0.28206700156250003 0.25506782031249997 0.2771307984375 0.2579340734375 0.261466303125 0.245588790625 0.2535013015625 0.24266337500000001 0.2637034390625 0.2379437421875 0.28311046875 0.2423339859375 0.29120162656250004 0.24319956718750002 0.29144982812500003
11 0.29077301875 0.4507845453125 0.30178025 0.45941607968750003 0.3023420515625 0.4595771734375 0.3068815109375 0.45084086562500003 0.3123888453125 0.44614633281250005 0.3150197515625 0.4360642796875 0.31852503125 0.4299620953125 0.3224275015625 0.41635255937500004 0.32250632343749996 0.4153974359375 0.3159086875 0.40666151875 0.3066875015625 0.40344704687500005 0.2964609046875 0.42732057812499996 0.2918455546875 0.4379742796875 0.29077301875 0.4507845453125
57 0.4271175828125 0.44821741406250004 0.4314509875 0.44598805625000004 0.44180374999999994 0.43652647812499995 0.44244358593750005 0.4342951015625 0.44328531250000003 0.412879759375 0.44223700624999995 0.3920469359375 0.42576220625000005 0.41412882656249994 0.4258219703125 0.43296717031250004 0.42344701406249996 0.44716489531250003 0.4271175828125 0.44821741406250004
49 0.621430528125 0.2310496421875 0.6061940984375 0.23067304375000003 0.6039667296875 0.2337924875 0.6025635015625 0.23868612812499998 0.6022104984375 0.2409375578125 0.61023010625 0.2438074828125 0.6172464546875001 0.253804140625 0.623061225 0.2634562546875 0.6323443281250001 0.265547803125 0.6267750765625 0.271365259375 0.6414763140625 0.2681663578125 0.64754611875 0.2687661671875 0.6437209937499999 0.27394306562500004 0.642592878125 0.2873148625 0.645446675 0.288133175 0.6527837015625 0.2822451515625 0.65798144375 0.2831652390625 0.6699508578125 0.2701064515625 0.6711821921875 0.26581228125 0.6708190265625 0.242930209375 0.6699344015625 0.23241043281249998 0.655604675 0.2288717890625 0.63803436875 0.2221225671875 0.627631528125 0.224842996875 0.621430528125 0.2310496421875
39 0.5856515203125 0.3908583171875 0.5805503359374999 0.3859735375 0.5799406640625 0.3726809078125 0.5772647109375 0.3548034 0.579504184375 0.34517944843750004 0.5711970609375 0.3342423234375 0.5666583484375 0.3346518859375 0.5647085453125 0.332381771875 0.5587898578125 0.3312549546875 0.558589384375 0.34374494218749996 0.5543161125 0.365903525 0.557472696875 0.3839188484375 0.5637135390625 0.3902710984375 0.5647388734375001 0.369462540625 0.5673970609375 0.36109933125000004 0.567058034375 0.3849563796875 0.56540095 0.40615412656250005 0.5697738296875 0.41539278125 0.5751612109375001 0.41752218750000003 0.5850021265625001 0.4203440234375 0.5899603250000001 0.421181165625 0.5964908390625 0.4156393453125 0.6030412734375 0.41637697500000004 0.61029551875 0.4101251796875 0.6108835609375001 0.4080744328125 0.6103693703124999 0.40079774375 0.6041631656249999 0.391603728125 0.5998374890625 0.390363359375 0.5957322046875 0.382912453125 0.5908293390625 0.3854989578125 0.5856515203125 0.3908583171875
39 0.84019069375 0.23330072500000001 0.8362910875 0.22876049375 0.8294111375 0.2273580390625 0.8267131078125001 0.22316235468749998 0.83328561875 0.2102181609375 0.8287815453125 0.207785959375 0.824262753125 0.2144749703125 0.8131515296874999 0.2278287265625 0.81310953125 0.23523109999999997 0.8189190999999999 0.22948255 0.8233140546875 0.22503938906249998 0.8190827796875 0.23979559843749998 0.8196651703125 0.2513693890625 0.81636051875 0.2692430015625 0.81129181875 0.28147772656250003 0.8096420953125 0.2981148640625 0.8136655390625 0.30040924687500004 0.8100114515625 0.3113385859375 0.8151052765625 0.3207839703125 0.82083046875 0.3254199265625 0.8267148593750001 0.3271072484375 0.835821759375 0.3147471953125 0.8404481390624999 0.3104039421875 0.8447260828125 0.295484978125 0.841688040625 0.29247506093750003 0.8380906687499999 0.2868808140625 0.8343075390625 0.284655340625 0.8387518500000001 0.2682491984375 0.8398044656250001 0.24915948437500002 0.84019069375 0.23330072500000001
57 0.406351803125 0.217121365625 0.43497312812500005 0.1769136796875 0.43580359843750005 0.174017484375 0.4085934328125 0.187536140625 0.3938229171875 0.19641857499999998 0.374668165625 0.23974710937500002 0.374811328125 0.23978816093750002 0.3885390265625 0.2302645015625 0.406351803125 0.217121365625
57 0.399976590625 0.315967153125 0.403703984375 0.30296818281250004 0.3870593296875 0.281313353125 0.379325084375 0.30647189375 0.38491935312500003 0.32558545156249996 0.3851700984375 0.3256573515625 0.399353103125 0.31734789375 0.399976590625 0.315967153125
57 0.1906895484375 0.026042253124999998 0.1851475765625 0.033578551562499996 0.18155540625 0.0433849671875 0.1684545375 0.0419097109375 0.163933509375 0.050760620312500004 0.1633447828125 0.052813753124999994 0.16778086406249998 0.061763975000000006 0.1687836328125 0.062051515625 0.1774133296875 0.058737093750000004 0.18434783906250002 0.0635772296875 0.1905414796875 0.061931190625 0.19915299375 0.051853029687499996 0.20173454375 0.053733959374999994 0.2132497625 0.050762159375000004 0.2159033515625 0.0452493265625 0.2167563359375 0.042274615625 0.2110817203125 0.034741312499999996 0.20417449062499998 0.0316200171875 0.2068053984375 0.0215379640625 0.2033665015625 0.0108561046875 0.19518105937500002 0.0176344 0.1906895484375 0.026042253124999998