35 0.5405618828125001 0.51336190625 0.543401696875 0.505174921875 0.5350219734375 0.49262232812500006 0.52077809375 0.48454778281250005 0.508414034375 0.47964759843750004 0.494604946875 0.47789970468750004 0.48250030468749994 0.48022840312500004 0.47583417031249997 0.48455055781249995 0.4760269078125 0.49426333749999996 0.46022478749999995 0.5498678 0.46340806093750003 0.5570408078125 0.4744440109375 0.56449179375 0.48812796093750005 0.5690243265625 0.500566915625 0.569257465625 0.507976578125 0.56539194375 0.5405618828125001 0.51336190625
57 0.37584847187500003 0.5507418171875 0.3840939171875 0.553280890625 0.3852302140625 0.5559986171875 0.387402328125 0.5576692609375 0.3922142265625 0.5586045984375 0.396808728125 0.5563766140624999 0.401511928125 0.5557302875000001 0.40494547187499996 0.557334021875 0.4059648546875 0.5606532359374999 0.414085165625 0.565976946875 0.4175689484375 0.5694630890625 0.4221470125 0.5716014015625 0.42385967812500003 0.57349484375 0.42235618906249994 0.5769478765625 0.42482881875 0.5749316546875 0.4287967140625 0.5716455453125 0.42921414375 0.5673571875000001 0.43105194375 0.5664659921874999 0.43192882343749994 0.561954840625 0.43182834375 0.5581900281250001 0.42741743593750003 0.557332634375 0.425880146875 0.554536959375 0.42280556875 0.5489456109375 0.4191546265625 0.544178553125 0.416873815625 0.540926246875 0.41408331093750006 0.53601433125 0.41025699062500004 0.5321494999999999 0.40252945625000003 0.5290868859375 0.40406674374999996 0.531882559375 0.40096751093750005 0.5328406640625001 0.3956961609375 0.5321281234375 0.3911683390625 0.53187221875 0.3904832734375 0.531114840625 0.38612260468750004 0.5321398562499999 0.3823300875 0.5345237328125 0.3803589328125 0.5403827140625 0.3779283234375 0.546464496875 0.37584847187500003 0.5507418171875
6 0.40209586406250003 0.528721709375 0.40363320625 0.520812775 0.4028784671875 0.5160384375 0.4009401890625 0.5131648203125 0.3965795203125 0.5141898328125001 0.39982274375000004 0.528279859375 0.40209586406250003 0.528721709375
6 0.40928291406249995 0.5116576109375 0.42206940781249996 0.4996660984375 0.422202203125 0.49898291875 0.4201099140625 0.49720489843750004 0.41807822968749997 0.4968099796875 0.416332678125 0.4967983921875 0.40435603750000004 0.508905309375 0.404202584375 0.5096947609375 0.4063177234375 0.5120331625000001 0.40727008124999997 0.51221828125 0.40928291406249995 0.5116576109375
6 0.443677109375 0.5113363671875 0.4441847734375 0.508724659375 0.42559365781249997 0.49823415937500004 0.42543254375000006 0.49820284062500003 0.422242721875 0.50190548125 0.43970319687500004 0.5105639171874999 0.443677109375 0.5113363671875
6 0.4371039453125 0.47145300937499995 0.4343450625 0.48564622812499997 0.43995306406249995 0.4867363125 0.4424784234375 0.4765589828125 0.44301551093749997 0.4737959078125 0.4371039453125 0.47145300937499995
6 0.4510927921875 0.5001609124999999 0.452769715625 0.503553321875 0.4565963234375 0.5042971390625001 0.46116168437500005 0.5032742015625 0.4624163140625 0.496819684375 0.4510927921875 0.5001609124999999
6 0.47177580781249995 0.45685808281250007 0.4645880359375 0.455460921875 0.4535283578125 0.46954069374999996 0.4552756390625 0.4706137828125 0.45885897968749995 0.4713103125 0.4717660265625 0.4569084015625 0.47177580781249995 0.45685808281250007
6 0.47197693906250004 0.488578625 0.47204173125000004 0.4882452984375 0.46788756249999996 0.4850501921875 0.46250356875 0.48818198281249997 0.46236546093750003 0.4888924890625 0.46311680156249996 0.4928306328125 0.46554403437499997 0.49330243906250004 0.47197693906250004 0.488578625
6 0.458835821875 0.486926759375 0.4581840078125 0.49028004999999997 0.4591091546875 0.4904598796875 0.47341930000000004 0.4893471375 0.47412080312500005 0.4857382125 0.458835821875 0.486926759375
6 0.47442463437500004 0.4841751375 0.454345596875 0.47668293906250003 0.45352717656249997 0.48089335 0.45645172812499996 0.4819846046875 0.47418057031250005 0.48543074218750004 0.47442463437500004 0.4841751375
6 0.44734833749999997 0.4691899109375 0.443945796875 0.49069591093750003 0.4475529171875 0.4913970640625 0.4515990875 0.47058132500000005 0.44734833749999997 0.4691899109375
6 0.40392255625000006 0.535701834375 0.3995090328125 0.5312853296875 0.3926255015625 0.5324441609375 0.39764813593750004 0.5358158828125 0.4036727546875 0.53698695 0.40392255625000006 0.535701834375
6 0.41328277187499995 0.536680603125 0.40868254375 0.536369009375 0.397889575 0.54051320625 0.4019789578125 0.5430246875 0.40490285468750004 0.5435930359375 0.41276124999999997 0.5393635984375 0.41328277187499995 0.536680603125
6 0.42388498593749996 0.5394586593749999 0.42379035624999994 0.5399454859375 0.42410126718749996 0.5409578500000001 0.43434860468750003 0.54294973125 0.4348451375 0.5403952875 0.42388498593749996 0.5394586593749999
6 0.16312591875 0.5379817265625 0.157643271875 0.5369160078124999 0.1559443390625 0.542172484375 0.1557124546875 0.5433654296875 0.159870865625 0.5453077328125 0.16018702812500002 0.5453691875 0.163007540625 0.53859073125 0.16312591875 0.5379817265625
6 0.651524590625 0.08217309843750001 0.6494376171875 0.0929096453125 0.6497985125 0.0929797953125 0.6543576609375 0.09328860781250001 0.6569134046875 0.0844221890625 0.6517351109375 0.08221401874999999 0.651524590625 0.08217309843750001