49 0.28959355625 0.5486238859375 0.289303178125 0.5597423765625 0.306946775 0.5638688453125 0.3088905265625 0.564671696875 0.3333627421875 0.5689868078125 0.344182040625 0.5673881484375001 0.353409503125 0.562414925 0.36616684374999997 0.5468944234374999 0.369460334375 0.5474751546875 0.3717781765625 0.5343300234374999 0.3687715671875 0.53212230625 0.3250817390625 0.5241647546875 0.30617919374999997 0.5271781421874999 0.3006144171875 0.5429514609375 0.2937881203125 0.5437786531250001 0.28959355625 0.5486238859375
39 0.534373190625 0.6179799734375 0.5303468078125 0.6281858484375 0.5386381765625 0.63167869375 0.5392758515625 0.6185905875000001 0.5507633078125 0.6229008453125 0.5500822171874999 0.636235153125 0.5555871796875 0.63974439375 0.564461878125 0.6430862390625001 0.5717792078125 0.6489459015625 0.5864817234374999 0.6571231984375 0.599915384375 0.66199875 0.6001536921875 0.6620407703125 0.615922128125 0.6574910593750001 0.6341355515625 0.6520714515625 0.6602441625 0.6587059562500001 0.68786673125 0.6630688484375 0.7010417875 0.6641226828125 0.7109583749999999 0.6615556812500001 0.7144827859375 0.6573538531249999 0.7249392875 0.6548820531249999 0.7454805546875 0.655203896875 0.7613172515625 0.650634490625 0.7658780843749999 0.64686926875 0.7696543234375001 0.644357009375 0.7715589421875 0.63355538125 0.755201953125 0.628486096875 0.7400408796875 0.626066646875 0.727790978125 0.6292376484375 0.7133624390625 0.6289782171875 0.6902328515625 0.6243921343750001 0.6666257328125 0.622514271875 0.6617610171874999 0.6280029078125 0.650688709375 0.6181810046875 0.63542730625 0.60685888125 0.6265905546874999 0.6096162875 0.6089334515625 0.596094740625 0.57594338125 0.5895478625 0.573855703125 0.5891797484375 0.5483759765625 0.5859245375000001 0.52846145 0.5852054921875001 0.511048415625 0.589243090625 0.5098952625 0.5989401671875 0.5198198859375001 0.6121136953125 0.534373190625 0.6179799734375
57 0.6989363656250001 0.7026232390625 0.7058440171875 0.7076490953125 0.7247410953125 0.710981159375 0.7446385390625 0.7142439421875 0.744727528125 0.7137392578124999 0.7373382921875 0.7058405421875 0.7370398765624999 0.701218503125 0.7312364984374999 0.693087225 0.723889259375 0.6968688421875 0.71824859375 0.7004436593750001 0.6989363656250001 0.7026232390625
57 0.6461151468749999 0.96414275 0.6272859203125 0.9572686562499999 0.6057136984375 0.9501647546875001 0.5832108546875 0.9451814703125001 0.576346615625 0.9399094124999999 0.5642623265625 0.9263550781250001 0.55799491875 0.930327096875 0.5551406609375 0.933885521875 0.5352695468750001 0.9329202750000001 0.5162911109375 0.9237351609375001 0.504046678125 0.9205607109375 0.4885627484375 0.91681505 0.47625593281249995 0.9108371765625 0.46599751874999995 0.909028340625 0.4748612796875 0.925061090625 0.47344765312500003 0.9362353796875 0.47499955156249996 0.9400630140624999 0.49328885937500005 0.9468419046875001 0.5120122921875 0.951158778125 0.523971809375 0.9591062671874999 0.53516085 0.9587944875 0.553859840625 0.9664071859375 0.5614376437499999 0.9707896375 0.56370515625 0.971348121875 0.6408675015624999 0.9849539249999999 0.6556246203125 0.9828279234374999 0.6697981546875 0.9782191125 0.6757237328125 0.96987125625 0.6696788546875 0.9662668140624999 0.6578441015625 0.963926171875 0.6461151468749999 0.96414275
39 0.8405145624999999 0.9328938640625 0.8778194171875 0.939471715625 0.8938050703125 0.9367214374999999 0.9049071203124999 0.930075509375 0.9051981437500001 0.9284250328124999 0.8964966171875 0.9214569171875 0.8856114625 0.920045284375 0.889881915625 0.927398553125 0.8882377265624999 0.9304087750000001 0.8533113312499999 0.9295812984375 0.8405145624999999 0.9328938640625
57 0.37611665 0.77066960625 0.3787989421875 0.755457571875 0.3614654640625 0.7541009703125 0.3574445484375 0.7579613937499999 0.3347381453125 0.7636041953125 0.3317047453125 0.77177978125 0.3708899375 0.7786891875 0.37611665 0.77066960625
57 0.8820787578125 0.6847794953124999 0.8725149359375 0.6790314296875 0.854133334375 0.67909039375 0.843261684375 0.6870738375000001 0.8464169265624999 0.710223434375 0.8563794921874999 0.7294962125 0.8734153203125 0.7370695078125 0.896082240625 0.7427798296875 0.9151586484375 0.746143515625 0.94215836875 0.7481753359375001 0.9396054265625 0.7279243640625 0.9655712671875 0.730001296875 0.9657208578124999 0.7291529265625 0.9636087203124999 0.7212409562500001 0.9682618453125 0.710637878125 0.9572085109374999 0.7038656015625 0.9308204546875001 0.6956586812500001 0.9108435421875001 0.6921362140625 0.8820787578125 0.6847794953124999
57 0.92612236875 0.9357309578124999 0.9050024750000001 0.9329682015625 0.90374609375 0.9621940390624999 0.9177966046874999 0.9703198343749999 0.9199562703125 0.9707006421875001 0.92612236875 0.9357309578124999
57 0.7539074265625 0.6205152093749999 0.7412722859375 0.6195565765625 0.7671394 0.63071791875 0.80497716875 0.64262553125 0.816539328125 0.644664253125 0.8487725921875 0.6476506203125 0.8808881375000001 0.6517903171875 0.892920978125 0.649850325 0.9067661875 0.65026075625 0.91672188125 0.6471167796875 0.9170330375000001 0.6453521265625 0.9037302453124999 0.6390634578125 0.8839269812499999 0.63455618125 0.8789993828125 0.6287053765625 0.8757353421875 0.6281298375000001 0.8649241062499999 0.6286668953125 0.8436103062500001 0.6224653265625 0.8394452359375 0.6217309125 0.8177532828125 0.62466496875 0.81662456875 0.6310662203125 0.804876640625 0.6282331734375 0.8013821374999999 0.622793721875 0.7709297515625 0.6186934281250001 0.7539074265625 0.6205152093749999
39 0.7670307578125 0.5296320828125001 0.7777911453125 0.5254368687500001 0.784275690625 0.525442796875 0.784444746875 0.52448403125 0.778124934375 0.5140721765625 0.7540891656250001 0.50831088125 0.7393010624999999 0.510564225 0.7389922734375001 0.51231545 0.7413752359375 0.52358518125 0.7670307578125 0.5296320828125001
57 0.9142173703124999 0.605753475 0.9235178140625001 0.607996303125 0.9395668328125 0.6108261781250001 0.9439968046875 0.6094080234375 0.944365640625 0.6073162562500001 0.9397535937500001 0.5998480765624999 0.9190930249999999 0.587573934375 0.9001525328125 0.584488071875 0.89749089375 0.5901113125 0.8975043984375001 0.599506390625 0.9142173703124999 0.605753475