8 0.6225006953125 0 0.6607366484375 0.1304414015625 0.8934228859375001 0.063719696875 0.8932450140625001 0.06309938281250001 0.8920831265625001 0.062055778125 0.779778190625 0 0.6225006953125 0
27 0.7852536406249999 0.198766671875 0.8115161828125 0.19123600937500002 0.8125968875 0.1908611046875 0.8139975109375 0.1905245 0.824444525 0.1875288671875 0.834451671875 0.1775723234375 0.8356431828125 0.1739953296875 0.8353699890625 0.1730425921875 0.8238387203125 0.17437374218749999 0.7995478421875 0.1771778421875 0.7935721906250001 0.18617342812499998 0.7812239140624999 0.1928351375 0.7822575546875 0.19643986875 0.7852536406249999 0.198766671875
54 0.7023738453124999 0.2080737671875 0.706454340625 0.2097236578125 0.7078784125 0.20957538750000002 0.7199619421875 0.20611049062500003 0.73057924375 0.19838468125 0.745237509375 0.19316540625 0.7449287531250001 0.192088646875 0.7416871515625 0.18739729375 0.7276850515625 0.1882914328125 0.713087034375 0.18909637343750002 0.7033456375 0.18694825312500002 0.7020114468750001 0.2068099328125 0.7023738453124999 0.2080737671875
57 0.48164724843749995 0.307183053125 0.49768846718750004 0.3054441296875 0.5215862671875 0.297291171875 0.5268767171875 0.2918730375 0.5376235953124999 0.28957164375 0.541199728125 0.280884996875 0.5404894421875001 0.2784079390625 0.521615340625 0.271535425 0.49352574843749997 0.282970959375 0.4946282984375 0.2868160046875 0.4826488359375 0.2967529328125 0.4736693328125 0.30322888593749997 0.48164724843749995 0.307183053125
41 0.4212123359375 0.411605053125 0.42403372656249994 0.41547737968750004 0.4374194703125 0.41716567031249996 0.473100403125 0.406934328125 0.483423490625 0.395846890625 0.4831682265625 0.39097866406250004 0.471618703125 0.3924699125 0.44886420468750005 0.3966539859375 0.42879327656250005 0.40422975625 0.4212123359375 0.411605053125
27 0.5634631796875 0.7697050953125 0.5768325046875 0.78251629375 0.597287815625 0.8021381640625 0.5763812781250001 0.82867893125 0.5396935890625 0.833997459375 0.5319262953125 0.8367448453125 0.5322217578124999 0.8391178296874999 0.5325416546875 0.840233440625 0.55594395 0.8366848578124999 0.5808889359375 0.8295319984375 0.5999752796875 0.8115104656250001 0.6034973296875 0.7985826031250001 0.6033252171875 0.7979823734375 0.5688671828125 0.76269395 0.5592111765625 0.7508985734375 0.55353634375 0.7291190671875001 0.5472811625 0.7311727875 0.5510993359375 0.75244438125 0.5634631796875 0.7697050953125
27 0.4232762640625 0.61790278125 0.4231464265625 0.6174499890625 0.419552625 0.6189705171875 0.4232762640625 0.61790278125
27 0.3110603953125 0.6127756765625 0.32338829687500004 0.6100209328124999 0.3599177921875 0.6081287375 0.3512867296875 0.621786875 0.338135809375 0.6276384390625 0.32301857031250003 0.6405557078124999 0.331702059375 0.6370254578125001 0.34100184218749996 0.629677440625 0.3491136828125 0.6281316328125001 0.381358209375 0.627208059375 0.40408001406249994 0.6234072171875 0.41729225625 0.61961866875 0.38470271562499997 0.6249486625 0.354772946875 0.6259887156249999 0.3682606296875 0.6093775156250001 0.3668135328125 0.6043308921875 0.322310015625 0.608249525 0.3110603953125 0.6127756765625
6 0.43994443437499997 0.5367262703125 0.43371352031250004 0.5408536296875 0.4479912578125 0.540920753125 0.4520307359375 0.53678378125 0.451704853125 0.5356472906249999 0.43994443437499997 0.5367262703125
57 0.5012167796875 0.5239843484375 0.4824157875 0.5293754453124999 0.482841303125 0.53085939375 0.4828666734375 0.5309203890624999 0.502277221875 0.525354503125 0.5012167796875 0.5239843484375
25 0.2470744453125 0.439902384375 0.2468613953125 0.439159390625 0.23823251875 0.43686333906249997 0.22498842031250002 0.4404009484375 0.22577069062500002 0.4451180578125 0.23210266875 0.4451554265625 0.238251090625 0.4433923953125 0.2470744453125 0.439902384375