20 0.2493319921875 0.6632348859375 0.249426040625 0.6635858796874999 0.2691196890625 0.6864790078125 0.27518657343749997 0.6878137390625 0.2898735203125 0.7002713140625 0.29020782343749996 0.7001817375 0.29547814843750003 0.69660285 0.29486999062499997 0.694333171875 0.284254265625 0.6790404546875 0.28252014375 0.670201159375 0.2630497546875 0.649620909375 0.25489009218750003 0.6475782171875 0.2502401484375 0.653899046875 0.2493319921875 0.6632348859375
57 0.2074339296875 0.4344247484375 0.20695903906250002 0.4326524375 0.202984703125 0.42742573593750005 0.1899423984375 0.42965169062499997 0.191401325 0.4339127484375 0.19753774531249998 0.4370764234375 0.2074339296875 0.4344247484375
7 0.3999378421875 0.39578443281250003 0.3995525578125 0.39075464375 0.39866709375 0.38745004843749997 0.3940242953125 0.3846236046875 0.376061359375 0.3876235453125 0.37288324687499996 0.38847511875 0.370096203125 0.3935725609375 0.36777123125 0.39673297500000004 0.37166085625 0.39822819531250003 0.37863678749999996 0.40058807031250004 0.393833296875 0.39742014062500003 0.3999378421875 0.39578443281250003
11 0.3649138046875 0.467272978125 0.3750812578125 0.4649715234375 0.3792600390625 0.4660297953125 0.387454621875 0.4638340625 0.38806053125 0.46256950625000004 0.387240540625 0.45950926406250003 0.378737165625 0.4525734375 0.3705775015625 0.45053074375 0.354512121875 0.4497605671875 0.3555911484375 0.46088993125 0.36108791875 0.4695668421875 0.3649138046875 0.467272978125
7 0.895505209375 0.3762308890625 0.8920930874999999 0.3634966765625 0.8806177890625 0.3559556765625 0.8747934734375 0.357516296875 0.8721794921875 0.3627471015625 0.873575184375 0.3691396375 0.8867029875 0.37788635312499996 0.8917338515625 0.3765383375 0.8942055718749999 0.3765791265625 0.895505209375 0.3762308890625
38 0.8815938609374999 0.3740297984375 0.8776197546875 0.3734030265625 0.8769014234375 0.377824571875 0.8795166875 0.37889738125 0.88180970625 0.37828296875 0.8815938609374999 0.3740297984375
7 0.8720195203125 0.484433859375 0.892682134375 0.476361140625 0.9019612796875001 0.46837701249999997 0.9124189296875 0.45746485937500003 0.9105880890625 0.45063207031249997 0.906546971875 0.45234653593749996 0.8973730453125001 0.45480468281249997 0.8918560421875 0.45670586562500004 0.8671888796875 0.4747338984375 0.8685127609375 0.48537349374999994 0.8720195203125 0.484433859375
57 0.471328603125 0.6126902703125 0.4794245265625 0.61094388125 0.48957073281249996 0.6073794 0.4891418234375 0.614525153125 0.4992280046875 0.61182256875 0.49748747812499994 0.6053268328125 0.49219062031250005 0.5922985671875 0.4858267859375 0.5792020078125 0.48157799375000004 0.5799175609375 0.4662972328125 0.6081177249999999 0.471328603125 0.6126902703125
39 0.5784448078125 0.962744021875 0.5841742812499999 0.9734731140624999 0.5894639765624999 0.9920486703125 0.590836215625 0.9916809796875 0.618038653125 0.97793220625 0.62457043125 0.9774507421875 0.6420714546874999 0.95753670625 0.6481373234375 0.9470303171875001 0.6582405265625 0.9350192187499999 0.670702746875 0.913700975 0.6670019140625 0.899889278125 0.6639866718749999 0.8937262921875 0.6580037578125 0.8856025484375 0.64064891875 0.8847549750000001 0.62202586875 0.8850930296874999 0.5994499625 0.8860673421874999 0.5849912234375 0.88655829375 0.5757328140625 0.8898848906250001 0.5579768234375 0.8946425937500001 0.5464774171875 0.89434059375 0.531256328125 0.8789653562499999 0.51343610625 0.8603640890625 0.5125924562499999 0.86059014375 0.5047897765625 0.8666033265624999 0.5135838015624999 0.8710134843749999 0.5122741109375 0.8815141828125 0.5299901484375 0.9038332296875 0.547664203125 0.9295467796875 0.5784448078125 0.962744021875
57 0.6176384125000001 0.8080837265625 0.6261039828125 0.8609095828125 0.6445351171875 0.8559709765625 0.659856440625 0.8490738671875 0.659094534375 0.84623039375 0.6176384125000001 0.8080837265625
57 0.1625930015625 0.9673131671874999 0.16311255156249999 0.9619721984374999 0.16551321875 0.9541226078125 0.1649747171875 0.9521128890625 0.160595340625 0.94192424375 0.1558811484375 0.9385354296875 0.1464054703125 0.9673300296875 0.146524346875 0.9677736796874999 0.1578341703125 0.9685882921875001 0.1625930015625 0.9673131671874999
57 0.3084774640625 0.43119106093750004 0.304842809375 0.42647475312500005 0.28419123281249997 0.435814490625 0.2996590953125 0.433977375 0.3085833234375 0.4315861359375 0.3084774640625 0.43119106093750004