39 0.2193964015625 0.5633930046875 0.24140725624999998 0.564932153125 0.25775264375 0.56450881875 0.277845525 0.5634466921875 0.2778659984375 0.5631539109375 0.26010208125 0.5466291531249999 0.2464404703125 0.5376543046875 0.2421063640625 0.5446189390625 0.2308891359375 0.547844321875 0.21164894374999998 0.555771503125 0.2193964015625 0.5633930046875
6 0.41909157812500003 0.5818753078125 0.393091859375 0.57958006875 0.3917538921875 0.5829950546875 0.4021939296875 0.5840070296875 0.418861015625 0.58517250625 0.41909157812500003 0.5818753078125
6 0.4135532765625 0.6208735984375 0.40855806875 0.63144151875 0.42164897031250004 0.6323569234375 0.4237997375 0.62654226875 0.4241443421875 0.6216141984375 0.4135532765625 0.6208735984375
6 0.2502597171875 0.5771531015625 0.24966950312499997 0.575769271875 0.240918940625 0.5751573734375001 0.24357533125000003 0.5807469140625 0.249977109375 0.5811945703125 0.2502597171875 0.5771531015625
6 0.5670011484375 0.681678825 0.5726834937499999 0.6762338156250001 0.593172359375 0.6683299421875 0.5931937734375 0.6680237078125 0.5839467421875 0.6644908953125 0.5668593140625 0.673069834375 0.556311 0.6802867984375001 0.5562841234375 0.6806711484375 0.5577154640625 0.68102950625 0.5670011484375 0.681678825
6 0.5603436875 0.6843459203125 0.5519894375 0.683761734375 0.543898275 0.69422280625 0.549946378125 0.6961493937500001 0.5524476890625001 0.6963243015625 0.5621050890625 0.6870248703125 0.5622745046875 0.6846021125 0.5603436875 0.6843459203125
6 0.587727328125 0.6764399734375 0.58690346875 0.678371584375 0.6189408875 0.6806118578125 0.6190793109375 0.6786323171875 0.587727328125 0.6764399734375
6 0.660831284375 0.8207299921875 0.6539870234375 0.8073966453124999 0.64359573125 0.8066700140625 0.6501563265625 0.820630415625 0.66078626875 0.8213737328124999 0.660831284375 0.8207299921875
6 0.746414859375 0.8287923562499999 0.742971225 0.8236121187500001 0.7336563125 0.8232113671875 0.7378576359375 0.83302835 0.7460784515625 0.83360320625 0.746414859375 0.8287923562499999
6 0.7000154140625 0.588010509375 0.66808535625 0.5887850671875 0.6710877921875 0.5930047859375 0.700228165625 0.5933186609375001 0.70040195 0.5908334125 0.7000154140625 0.588010509375
6 0.128865125 0.5212282765625 0.1259475125 0.5185463453125 0.0997893171875 0.5232330593750001 0.10557248749999999 0.5256736671875 0.11184201093749999 0.526112075 0.1287681859375 0.5226145546875001 0.128865125 0.5212282765625