7 0.507002396875 0.606713315625 0.5123496656250001 0.60162158125 0.48964740312500005 0.603209078125 0.45951594062499995 0.608901615625 0.441684653125 0.6129791906250001 0.429641559375 0.62306825 0.41317196093749997 0.62742803125 0.41927973593749995 0.638781325 0.432542771875 0.6378538828125 0.4369434640625 0.6363336765625001 0.4411391453125 0.6372527671875 0.48063245 0.634491125 0.48338895156249995 0.63365203125 0.49220610468750003 0.6302047843749999 0.5061886953125 0.6286608890625 0.5248584109375 0.62697795 0.5587016921875 0.62159199375 0.568291615625 0.6196004109375 0.583161690625 0.6140985640625 0.5814004421875001 0.5889115234375 0.5771552625 0.588031721875 0.57210245625 0.592536728125 0.5505199515625 0.5957443375 0.5203435375 0.6055917 0.5094707109375001 0.608427840625 0.507002396875 0.606713315625
6 0.51326159375 0.500638975 0.4964462453125 0.5032207265624999 0.4984231390625 0.5063755265625 0.5055956296875 0.5058739765625 0.5190747328125 0.5039891328125 0.5188133203125 0.500250759375 0.51326159375 0.500638975
6 0.5832751703125 0.5485233171874999 0.5647224328125 0.5478985562500001 0.5625955453125 0.5510666875 0.5802846875000001 0.5523396203125001 0.58352618125 0.552112953125 0.5832751703125 0.5485233171874999
6 0.81454373125 0.381384053125 0.8130451624999999 0.383942109375 0.8332735453125 0.38535829375 0.8348398453125 0.38297418906249997 0.8348117640625 0.3825726140625 0.81454373125 0.381384053125
6 0.6349178656250001 0.4078056671875 0.6294559296875 0.4157644171875 0.635451528125 0.4153451640625 0.6364909890625 0.4135708078125 0.6361165062499999 0.4082154375 0.6349178656250001 0.4078056671875
6 0.28056680625 0.65466428125 0.27935907968749996 0.65246245 0.2507787140625 0.6563481109375 0.2516974125 0.6583314 0.2806815109375 0.656304634375 0.28056680625 0.65466428125
6 0.537144015625 0.8071906156249999 0.5332097609375 0.80624189375 0.5325031015625 0.8062913078125 0.5176544375 0.8156801671875 0.5198592765625001 0.818139659375 0.5261703921875001 0.8176983421875 0.5322522125 0.8133384015624999 0.5372300765625 0.80842135625 0.537144015625 0.8071906156249999
6 0.9440827687500001 0.332467246875 0.9419920703125 0.33175251562499997 0.9359902203124999 0.3370787359375 0.9373231265624999 0.3378488890625 0.9417724140624999 0.3375377640625 0.9443158828125 0.335800928125 0.9440827687500001 0.332467246875
6 0.9307481750000001 0.1700052265625 0.93119376875 0.17224805625 0.9322633031249999 0.17217326718749998 0.9404541343749999 0.1685785859375 0.940427159375 0.16819281875 0.9307481750000001 0.1700052265625
6 0.9315996125 0.2051123015625 0.928983696875 0.2052952234375 0.9188399468749999 0.207570859375 0.9206115453124999 0.2090132921875 0.9235376234375 0.20880868125 0.932185121875 0.20712166718749997 0.9320616078124999 0.20535533906249998 0.9315996125 0.2051123015625
6 0.7639185046875 0.22153665312499998 0.7601959125 0.221315746875 0.7601584546875 0.22179958125 0.7639185046875 0.22153665312499998
6 0.7794995796874999 0.2302554625 0.775408221875 0.2332637375 0.781550259375 0.23283424375 0.7835258890625 0.23153364375000002 0.783434475 0.230226365625 0.7794995796874999 0.2302554625
6 0.39302436093750004 0.31413836562499997 0.393037934375 0.3143324890625 0.394300515625 0.316300740625 0.41032667500000003 0.3151800828125 0.41019593125 0.3133103640625 0.39302436093750004 0.31413836562499997
6 0.435734525 0.2977402390625 0.435612015625 0.2959882859375 0.42223201406250005 0.2954554796875 0.42214168750000003 0.2954617953125 0.42127578593750004 0.29740003593750003 0.42949766250000004 0.2981763625 0.435734525 0.2977402390625
6 0.6254515953124999 0.2789540828125 0.608319846875 0.27864235000000004 0.6088506812500001 0.2814359203125 0.61603473125 0.2819997890625 0.62540655 0.28134444687500004 0.6254515953124999 0.2789540828125
6 0.5827764140625 0.2725985140625 0.5796075453125 0.268497009375 0.5729698046875 0.2695273046875 0.5774672625 0.2752987953125 0.58163539375 0.27500733125 0.5829157031250001 0.27459043906249997 0.5827764140625 0.2725985140625
6 0.46689879999999995 0.286191434375 0.46694838125000004 0.29085860625 0.47115259218750005 0.29056461875 0.47230616718749996 0.286756878125 0.46689879999999995 0.286191434375
6 0.24858099375 0.35404131875 0.24720695625000003 0.35205330625000003 0.233329421875 0.3550995578125 0.23531436874999997 0.35717812968749996 0.238843321875 0.3569313609375 0.248595053125 0.3542423859375 0.24858099375 0.35404131875
6 0.0461117546875 0.48244172812499997 0.0500985046875 0.4829043984375 0.05019415625 0.482897709375 0.05830752031250001 0.4777219296875 0.058099221874999996 0.47474313125 0.0461117546875 0.48244172812499997
6 0.12403301874999999 0.4992668078125 0.123902459375 0.49739972187500003 0.1172543734375 0.494248984375 0.11379205781249999 0.4975104953125 0.11794279062499999 0.4992960875 0.12276542187499999 0.4997514484375 0.12378034375 0.499680478125 0.12403301874999999 0.4992668078125
6 0.3754918734375 0.6481085328125 0.37473861406250003 0.64816120625 0.37342681093749996 0.65264050625 0.391303771875 0.654834434375 0.39178475156250003 0.6548008015625 0.39176103125 0.654461590625 0.388999890625 0.6498531171875 0.3754918734375 0.6481085328125
6 0.527315125 0.7114296546875 0.5201330328125 0.711931875 0.5090262453125 0.7186787406249999 0.5091418187500001 0.720331528125 0.5109446359375001 0.7244632921874999 0.5273383453125 0.71176170625 0.527315125 0.7114296546875
57 0.7117046484375 0.3439305546875 0.711834325 0.34578502499999997 0.7225448703125 0.3450360703125 0.7224895390625 0.3442447796875 0.7117046484375 0.3439305546875
6 0.23607922343749999 0.556046709375 0.2359188703125 0.55375356875 0.2335684765625 0.5506002109375 0.22471613750000002 0.55066566875 0.2247314140625 0.5508841375 0.23028591562499998 0.5564518171875 0.23607922343749999 0.556046709375
6 0.0388503375 0.45746864218749994 0.04096409375 0.45411271875 0.035635515625 0.4546740390625 0.0369068953125 0.4603321125 0.040878396875 0.4600543984375 0.0388503375 0.45746864218749994