20 0.14971975937499998 0.22247649374999998 0.153811403125 0.23173428437500002 0.1734103125 0.3390465828125 0.18847505625 0.33611829375 0.180025846875 0.235574821875 0.1800738796875 0.22271982656249997 0.1810673546875 0.21079806875 0.178639575 0.18970996874999999 0.1718439828125 0.1547496796875 0.163252028125 0.1505912234375 0.158287315625 0.1381520984375 0.14386029843749998 0.12420121875000001 0.1326558046875 0.112416478125 0.1445135890625 0.2061747546875 0.14971975937499998 0.22247649374999998
9 0.1821059671875 0.2934437078125 0.18886485 0.29939050312500004 0.19467039218749999 0.31222469531249997 0.21190939375 0.318368390625 0.21628263125 0.3264544296875 0.2196946328125 0.349248496875 0.22470100781250002 0.34976936406250003 0.233303121875 0.3480972828125 0.22731516406250002 0.3172919125 0.1987489 0.2650758359375 0.181795440625 0.2538500734375 0.1555770484375 0.25391985 0.1723377296875 0.2824968015625 0.1821059671875 0.2934437078125
25 0.36935886406249996 0.5795133890625 0.3885937796875 0.5757745 0.39404279375 0.5680760671875 0.392899321875 0.5549872546875 0.39260728437500003 0.55348485625 0.38677665625 0.543797140625 0.3740234015625 0.5384570265625 0.3612622484375 0.5409375421875 0.3539560453125 0.5511730781249999 0.35787434687499997 0.5713309953125 0.36935886406249996 0.5795133890625
25 0.4342995515625 0.6496609296875 0.45355035 0.645918953125 0.45770609531249995 0.6433797890624999 0.4628313484375 0.635681453125 0.4634003265625 0.631074875 0.45931723125 0.610069171875 0.4468147875 0.5991407640624999 0.428932328125 0.605409296875 0.42208527812499996 0.6173518625 0.4212648375 0.6314740140625 0.42496632968750003 0.6452756953125001 0.4342995515625 0.6496609296875
21 0.47322665312499995 0.4404662734375 0.509724409375 0.6740883265625001 0.522437528125 0.6844628078125 0.5390331421875 0.688197340625 0.5476128390625 0.6865296171875 0.5608578359374999 0.6803456984375 0.5752723625 0.671958728125 0.5799015109375001 0.665393121875 0.5571829828125 0.5485164250000001 0.529919571875 0.4255367375 0.5158103328125 0.40929005781249994 0.498185128125 0.40377994062499994 0.483315975 0.4111382671875 0.4762958890625 0.4208804375 0.47322665312499995 0.4404662734375
21 0.47032464375 0.41663059375 0.4745661859375 0.41386530937500005 0.4952204921875 0.4048239578125 0.5230141328125 0.4054882015625 0.4985537546875 0.279650465625 0.4894972328125 0.275804325 0.46874621406249994 0.27648687031249997 0.45405404374999997 0.2821352734375 0.4432844328125 0.290930759375 0.46830055000000004 0.41702403749999994 0.47032464375 0.41663059375
20 0.606044425 0.5364525 0.620213215625 0.537119221875 0.623792059375 0.536423565625 0.632898375 0.531791128125 0.6398941203125 0.5114420546875 0.6381517 0.49830178125 0.6247603500000001 0.4294092546875 0.62127350625 0.415647296875 0.60119294375 0.342476603125 0.58225914375 0.279136125 0.5769240234375 0.25168931250000004 0.5630443953125 0.251036196875 0.5534424609374999 0.2524418578125 0.5513411484375 0.2528503109375 0.5462442249999999 0.2615624109375 0.552098446875 0.2956104046875 0.5737856390625 0.44386724062500005 0.579679996875 0.47288086875 0.5959584062500001 0.5278013921875 0.606044425 0.5364525
21 0.5720212890624999 0.374578340625 0.5722845234375 0.3745271734375 0.5672611296875 0.3438083515625 0.5618089078125 0.2934855171875 0.5549368718750001 0.26075238125 0.5598167203125 0.25310175 0.5740865 0.24921097187500002 0.5859666875 0.2513697546875 0.5914064171875 0.2793547375 0.6024962953124999 0.31487062187500003 0.588952921875 0.2451960046875 0.58214414375 0.21860236249999998 0.5700547359375 0.215367234375 0.5528400734375001 0.2198304421875 0.5409842265625 0.22827856249999998 0.55896928125 0.328664915625 0.5720212890624999 0.374578340625
20 0.6236326703125 0.30306845312499997 0.654009115625 0.4200354 0.661275253125 0.44431432656250003 0.6679054437499999 0.4466698046875 0.6734674125 0.44558866874999997 0.6790813890625 0.4442042046875 0.6808071359375 0.4360496546875 0.6761319140625 0.41461815 0.65489999375 0.30145875625 0.65628756875 0.28108278593749997 0.656272303125 0.26397150625 0.6551191000000001 0.258038790625 0.645902871875 0.22110709687500002 0.639634803125 0.21506489218749997 0.6366011078125 0.19945788281250001 0.6332779203125 0.19284325468750002 0.6317449546875 0.183646615625 0.6174258499999999 0.132254790625 0.5939095921875001 0.059751928125 0.584350671875 0.06019976406250001 0.5818590203125 0.060684092187500004 0.570873590625 0.0670222078125 0.5679168609375 0.0793255859375 0.5701419640625 0.09732379687500001 0.606179853125 0.265689928125 0.6122229046875 0.286297046875 0.6236326703125 0.30306845312499997
20 0.7087434796875 0.571335209375 0.71013565 0.581117725 0.7139818874999999 0.590423215625 0.716206990625 0.60842143125 0.7243216109375 0.6092038 0.7470284125 0.6047900453125 0.7540759593749999 0.594916871875 0.7520600765625 0.5779950046875 0.75010866875 0.566645671875 0.7470026015625 0.5532867578125 0.7314070640625 0.45397473125000004 0.7063237109375 0.3249320625 0.7039874203125 0.3175805203125 0.688324825 0.277619984375 0.676026196875 0.2733085125 0.6729105468750001 0.27378846874999996 0.6614405984375 0.2760180015625 0.6497959578125 0.2851092375 0.642100178125 0.30447736875000003 0.647660959375 0.351428059375 0.6544244359375 0.3875333390625 0.667661253125 0.4346674828125 0.7087434796875 0.571335209375
54 0.43107110625 0.462462584375 0.44645665156250003 0.4513735875 0.4634298546875 0.4430477671875 0.4617238546875 0.43165073437499996 0.46766165156249995 0.417650884375 0.44192359375 0.289170690625 0.44859394999999996 0.28467169999999997 0.4484342578125 0.28385015468749997 0.44480795000000006 0.2791154109375 0.4254813390625 0.2923667421875 0.404199371875 0.298179059375 0.394029134375 0.30350699375 0.429301653125 0.46280653125000004 0.43107110625 0.462462584375
39 0.2972520125 0.081364696875 0.2980165203125 0.087918175 0.307128809375 0.0889394609375 0.319463625 0.092126884375 0.3206788109375 0.1036193234375 0.31741615 0.1064875484375 0.3192991328125 0.1161746578125 0.3169819125 0.119976121875 0.31903793125 0.1318636265625 0.310613828125 0.1435542296875 0.30212130312499996 0.1535826140625 0.29726579375 0.17184014375 0.2980868796875 0.19178679375000002 0.29814410156250004 0.23924876093749997 0.3382783078125 0.238708053125 0.34065605468750004 0.2443894421875 0.3473507640625 0.2813598109375 0.34854841875 0.28112701093750003 0.34952358125 0.27952722812499997 0.353094834375 0.21404624062500002 0.3552620703125 0.1505136875 0.3590556796875 0.1425156921875 0.35643188124999997 0.10281320625000001 0.350609896875 0.07155148125 0.346514303125 0.0662040078125 0.3462886421875 0.046700128125000004 0.3487432828125 0.024837890625 0.34784518124999997 0.020217553125000003 0.3033146046875 0.0288734203125 0.3005541640625 0.0393933078125 0.301508146875 0.0665747140625 0.3041595890625 0.0789049859375 0.2972520125 0.081364696875
54 0.7017382453125001 0.2817706140625 0.6970676171875 0.29049759062499997 0.7026277546874999 0.303379484375 0.7087589750000001 0.30609724374999997 0.7031067203125 0.31501502812500004 0.714809925 0.3188837328125 0.7188851281249999 0.3097139875 0.728657315625 0.316750578125 0.73422070625 0.31599030625 0.7383926296875 0.31517936562500004 0.7407351328125 0.305431871875 0.7319961171875 0.26047353281249996 0.7230399578125 0.256406715625 0.7170532406250001 0.257249275 0.7125684234375 0.258121034375 0.710375515625 0.2672460375 0.7056443640625 0.2664901609375 0.7022448546875 0.2660339453125 0.7052864484375 0.27382032343749996 0.69848348125 0.27681820625000003 0.7017382453125001 0.2817706140625
54 0.7293371703125 0.33294079375 0.7223934078124999 0.33652455312499996 0.7192636453125 0.3466275359375 0.7100789828125 0.3478543453125 0.7101033218749999 0.35846124687500003 0.7193728484374999 0.377324190625 0.724562578125 0.3751983953125 0.727290340625 0.3813702546875 0.748976628125 0.3847505625 0.755015740625 0.38357667812499996 0.7619249375 0.37743050624999996 0.7769710734374999 0.3683622578125 0.773036021875 0.3428773265625 0.7568832578125 0.3370809953125 0.744403696875 0.33838976249999997 0.7293371703125 0.33294079375