35 0.40751393281250003 0.48185372656250003 0.38900475625 0.48737457968750003 0.382145259375 0.49357253593749995 0.3833268609375 0.7000943796875 0.3808954109375 0.7032478609374999 0.383307221875 0.7092947484375001 0.3972141796875 0.7090681453125 0.5008848921875 0.69833808125 0.5633054171875 0.6885302890625 0.5624091609375 0.6757132234375 0.497848609375 0.4795148546875 0.4922244796875 0.4749357015625 0.48187702187500003 0.473918915625 0.46159849687500004 0.4730993359375 0.43734291406250003 0.47703304375 0.40751393281250003 0.48185372656250003
41 0.5172421 0.4553818953125 0.5177569578125001 0.4627447078125 0.5193963828125 0.47250112031249997 0.5266848890625 0.48666012812500004 0.53435635 0.4968144109375 0.5470798484375 0.5081071515625 0.558311978125 0.512294153125 0.58244411875 0.51607634375 0.5874726765625 0.51581173125 0.6140955796875 0.5139500765625 0.6412335375 0.508236065625 0.65036760625 0.5013818109375 0.6604232875 0.48874481718749996 0.667180146875 0.4763384984375 0.6711237703124999 0.4663664953125 0.6721055765624999 0.45249668749999994 0.6716418156249999 0.4458645828125 0.67054021875 0.4390589359375 0.6565640609375001 0.43829589375 0.6407470078124999 0.4396505515625 0.6376235328125001 0.43290756406249997 0.6390134328125 0.42908105 0.6382395765625 0.3990519625 0.6165734859375 0.39261111406250004 0.5976158781249999 0.39136352812499997 0.5914243921875 0.39179647812499996 0.563861521875 0.3972915796875 0.5443961296875 0.40810034999999995 0.5335768796875 0.41929900781249996 0.5248926296875001 0.43258596718750003 0.51754520625 0.4460280671875 0.5172421 0.4553818953125
57 0.5250571296875 0.877296178125 0.5358823562499999 0.8765392046875 0.5416845078125 0.8743744828125 0.5617064546874999 0.8672582484375001 0.5612940546875 0.8613606624999999 0.55646468125 0.85345123125 0.53665210625 0.8640356578124999 0.5227797484375001 0.8647570859375 0.5178822484375 0.8705692265625 0.521960771875 0.8767481874999999 0.5250571296875 0.877296178125
4 0.8831323359375001 0.827196071875 0.8820543187500001 0.8117797171875001 0.8767600734375 0.8175476328125001 0.875256965625 0.8265698125000001 0.8753126265625 0.8273658046874999 0.8787160343749999 0.827504890625 0.8831323359375001 0.827196071875
4 0.8600998078125001 0.7890071984375 0.8558389140625 0.78365716875 0.849396975 0.7863452265624999 0.8538605296874999 0.7900850703125 0.860144453125 0.7896456546875 0.8600998078125001 0.7890071984375
4 0.8640605062500001 0.6656826203125 0.86081261875 0.6705589578125 0.8701192703125 0.669908171875 0.87055658125 0.6697537734375001 0.870492171875 0.668832659375 0.8640605062500001 0.6656826203125
4 0.7536738421875 0.7454023953125 0.7532737703125 0.7396811015625 0.7474886609375 0.7458349046875 0.7536738421875 0.7454023953125
4 0.4912012359375 0.7379493546875 0.48843053125 0.7498531749999999 0.49179548593750005 0.749617875 0.49847089375 0.7469250171875 0.49795274375 0.7395151359375001 0.4912012359375 0.7379493546875
4 0.5567488953125 0.8092948234374999 0.55588605 0.809355159375 0.5476235546875 0.8175034546875001 0.5539518578125 0.8204546203125 0.55746219375 0.820209153125 0.5644399671875 0.8167518984375001 0.5643441625000001 0.8153818234375001 0.5567488953125 0.8092948234374999
4 0.551927865625 0.8400072749999999 0.5499151390625 0.8349269671874999 0.53630229375 0.8393595703125 0.5392203203125 0.8418468499999999 0.5492180796875 0.8411477390625001 0.551927865625 0.8400072749999999
4 0.7898507312499999 0.9715643890625 0.783850771875 0.9675363828125001 0.78044580625 0.9757303703125 0.78706968125 0.9780144500000001 0.7902860359375 0.977789540625 0.7898507312499999 0.9715643890625
4 0.8421697140625 0.5841489296875 0.8419272453125 0.584165884375 0.8363773171875 0.589489109375 0.83904945625 0.5921986968749999 0.8403230328125 0.5921096390625 0.8474655249999999 0.5859291859375 0.8473833468749999 0.5847539796875 0.8421697140625 0.5841489296875
4 0.1193740640625 0.9254264671874999 0.11343218906250001 0.9288659562499999 0.1114344265625 0.9334808421874999 0.11516042500000001 0.935718940625 0.1173857375 0.9355633328125 0.1198485765625 0.9322123109374999 0.1193740640625 0.9254264671874999
4 0.9037709125 0.76395179375 0.9037149390625 0.7631513421875 0.8980372593749999 0.7599396984375 0.8974833703125 0.7636331671875001 0.8975471781250001 0.7645456796875 0.8986311875 0.765025984375 0.9036309687499999 0.764676365625 0.9037709125 0.76395179375
4 0.7384788046875 0.758081775 0.7340819515625 0.7640018640624999 0.74221114375 0.763433415625 0.7423548765625 0.7627284703125 0.7420656203125 0.75859191875 0.7384788046875 0.758081775
4 0.9738874046875001 0.7586933890625 0.9689382125 0.7579590640625 0.9630337640625 0.76359299375 0.96674829375 0.76496171875 0.9687742171875 0.7648200515625 0.9739445531250001 0.7595106453125 0.9738874046875001 0.7586933890625
4 0.9336376625 0.7654784890624999 0.9331709406250001 0.7648483234375 0.93035770625 0.7672826390624999 0.930838678125 0.77060539375 0.9339808062499999 0.770385675 0.9336376625 0.7654784890624999