39 0 0.3218540171875 0.0018497968749999999 0.323359715625 0.12936761875 0.33950450625 0.1299119484375 0.339456884375 0.1284618359375 0.3228820140625 0.012768153125 0.3062296515625 0 0.3103554765625 0 0.3218540171875
38 0.057941549999999994 0.40275750468749993 0.07191666249999999 0.40413261718750004 0.0799653453125 0.40342844843750003 0.0973763 0.397836971875 0.10744434375 0.38742149375 0.10570700468750001 0.3675636140625 0.0966511484375 0.35966899531249996 0.07915013125 0.3538479390625 0.054802584375 0.3594090984375 0.041640640625 0.37330442656249996 0.042268770312499995 0.3879538640625 0.057941549999999994 0.40275750468749993
39 0.160270334375 0.4354673390625 0.157854903125 0.42989493593750006 0.137174053125 0.41013783437500007 0.1158565453125 0.41298316718750006 0.095467953125 0.40207214531249996 0.0938335015625 0.4022151421875 0.089711409375 0.40546764218750003 0.12179064375 0.435991028125 0.14842574687500001 0.45076686875 0.150930646875 0.45054771718750003 0.161219521875 0.4463166046875 0.160270334375 0.4354673390625
42 0.245212225 0.492046078125 0.0065923265625000005 0.5075427234375 0.007273371874999999 0.5153271015625001 0.20973745625 0.5034361234375 0.24561443437500002 0.50029729375 0.2455361640625 0.495748715625 0.245212225 0.492046078125
57 0.22217729375 0.2967313609375 0.22907828437500002 0.30838126250000003 0.2601697890625 0.310807646875 0.27719460156250003 0.30931816875 0.2914681234375 0.3043932984375 0.2919141203125 0.2945513515625 0.26701334062500004 0.2937890078125 0.242676009375 0.291997078125 0.2125016015625 0.29071582500000004 0.22217729375 0.2967313609375
6 0.37023170156249996 0.45095571406249996 0.365255640625 0.4254525109375 0.3504878265625 0.42248664687500004 0.3507004421875 0.42491684531249996 0.36019648593750003 0.45726449999999996 0.3706626734375 0.455881746875 0.37023170156249996 0.45095571406249996
43 0.8944977859375 0.5137653375 0.8562188984375 0.46466864062499996 0.8448000812500001 0.4686085359375 0.8496702671874999 0.47945581718749997 0.8706490125 0.5026178812500001 0.894084128125 0.5314467984375 0.89156476875 0.5399997015625 0.8959566140625 0.5528494187499999 0.91599911875 0.565310171875 0.9216415765624999 0.5666300625 0.928673865625 0.5660148171875 0.9335825296875001 0.5616151781250001 0.9334086546875 0.5596277921875 0.9210276234375 0.5555574531249999 0.9207824984374999 0.545285825 0.9233444171875 0.53721934375 0.9155718609375001 0.5305471578125001 0.902951246875 0.52822029375 0.8944977859375 0.5137653375
43 0.6284442765625 0.6929276875 0.6273451828125001 0.692514571875 0.6267857671875 0.695105103125 0.6253203093749999 0.6945542812500001 0.6212705625 0.6986337015624999 0.62346875 0.6994599328125 0.6218102437499999 0.701637346875 0.6192456890625 0.7006734109375 0.56862385625 0.75166615625 0.56908254375 0.75402774375 0.5665989828125 0.753705865625 0.5658158906249999 0.7559065140625 0.5645741125 0.755745575 0.5625492359375001 0.7577852843749999 0.5753720062500001 0.7626049687500001 0.56542095625 0.775669459375 0.5654708859375 0.781220084375 0.5590153171875001 0.7808862703125 0.5525347843749999 0.7777771453125 0.552811521875 0.7830745234375 0.5495087140625 0.788008203125 0.541498975 0.78609485 0.534745178125 0.7895731390625 0.5348221671875 0.790453128125 0.5362960078125 0.79640199375 0.553505340625 0.794896371875 0.553513584375 0.7889648796875 0.552949890625 0.7857232140625 0.5622555859375 0.7824408328125 0.5654958515625 0.7839953953125 0.5770305140625 0.760427553125 0.5985911265625 0.7321211578125 0.5967349296875 0.7302170828125 0.6002496328125 0.7299437421875 0.5988468359375 0.7282117718750001 0.601908140625 0.7277663296875 0.6009587453125 0.726206459375 0.60356665 0.7255889140625 0.603070653125 0.724201146875 0.6052251578125001 0.7234114984375 0.6051825609375 0.7221958359375 0.6068836671875 0.7212340828125 0.6072944687499999 0.720190525 0.6102006828125 0.716879253125 0.611518284375 0.7161799 0.6118591921875 0.7147018375 0.6136301921875 0.7141745890625 0.6135177015625 0.7125244234375 0.6157421000000001 0.7121692765625001 0.6151762093750001 0.7103470078125 0.6178540078125 0.710163965625 0.6168347171875 0.7081695921875 0.619965915625 0.708158653125 0.618493225 0.7059921765625 0.620151734375 0.7038147625 0.6220778234375001 0.7061533421874999 0.634628590625 0.694236059375 0.634483378125 0.6925762734375 0.6334198015625 0.6863954421875 0.63176129375 0.6885728578125 0.631394928125 0.6884351515625 0.6301027859375 0.690750271875 0.6293700578125 0.6904748609375 0.6284442765625 0.6929276875
33 0.9772276328125 0.6503853828125 0.9643193374999999 0.6373004671875 0.9628621984375 0.6281151687500001 0.953579734375 0.61912435 0.936260846875 0.63779468125 0.917602278125 0.6560920718750001 0.9029530390625 0.6647259109375 0.8617951015624999 0.68303115625 0.84907915625 0.6870845343750001 0.8520921671874999 0.696623859375 0.880250665625 0.6941603093750001 0.893128753125 0.69009274375 0.8970933437499999 0.6681794453125 0.900023190625 0.666452678125 0.9003638546875001 0.6687102234375 0.9461510109375 0.676141115625 0.9772276328125 0.6503853828125
10 0.6176514234375 0.5039210796875 0.6406267984375 0.5096553078125 0.64267828125 0.5094758265625 0.6607734171875 0.47317015937500007 0.6606421796874999 0.471670115625 0.6556596859375 0.467755978125 0.6469627953125 0.472928175 0.6402320296874999 0.46322396718750003 0.6306108015625 0.480240546875 0.6219564671875 0.4858991671875 0.6176514234375 0.5039210796875
42 0.630784225 0.576343084375 0.6365736390625 0.579022528125 0.6455454453125 0.578237596875 0.6460810515625 0.5772454546875 0.6472281359375 0.57755121875 0.64794005 0.5750171953125001 0.6496606796875 0.5754758421874999 0.64979905 0.5727889375 0.652093221875 0.573400465625 0.6545257624999999 0.571325090625 0.65165805 0.570560678125 0.6515592781249999 0.5697874203125 0.65351705 0.5683324203125 0.65537605 0.5661041625000001 0.6778945109375 0.554576196875 0.8413286109375001 0.4393872640625 0.8412365640624999 0.43833516718750004 0.8320979390625001 0.4347233765625 0.6683890453125 0.5505063546875 0.657235046875 0.5638759046875 0.6485927921875 0.56824975 0.6456263078125 0.56671208125 0.630784225 0.576343084375
33 0.7646682890625 0.3340458953125 0.764649034375 0.3338258125 0.7327184015625 0.34533822187499996 0.7328101484375 0.3463868921875 0.7381645406249999 0.36500964687500004 0.7400927484375 0.366064875 0.7460255625000001 0.3655458203125 0.7646682890625 0.3340458953125
39 0.8811198750000001 0.3705084578125 0.8809005453125 0.36800150781249996 0.8430457671875 0.355930315625 0.8300438328125 0.3791244265625 0.8323653 0.3807593734375 0.8310348921875 0.3814884515625 0.8346867687499999 0.3823943203125 0.832025953125 0.3838524765625 0.83499913125 0.390944553125 0.845897053125 0.38852067031250004 0.8462941078125 0.3905690546875 0.8579014453125 0.39874378906249996 0.9302811312499999 0.4231435671875 0.9307062421875001 0.42310637343749996 0.9388877953125 0.40712252031249996 0.93874468125 0.4054867265625 0.9185583734374999 0.3973581671875 0.9070323203124999 0.38513261249999997 0.8950074953125 0.3896156734375 0.8833014203125 0.3902722125 0.884055109375 0.369007440625 0.8811198750000001 0.3705084578125
33 0.6804847984375 0.4747498 0.6995587171875 0.46866973125 0.7073739156250001 0.467985990625 0.7068556125 0.46206175937499994 0.691221021875 0.43312835156249996 0.683948928125 0.439646334375 0.6758052703125 0.45114203281250004 0.6813240203125 0.461932571875 0.6753065 0.467850646875 0.6804847984375 0.4747498
39 0.7836235874999999 0.5507059453125 0.78333096875 0.547361303125 0.7810999078124999 0.5475564953125 0.769738865625 0.550364 0.7620105578125 0.5740770203125 0.76217056875 0.583375803125 0.7656053203125001 0.583418403125 0.772217565625 0.58283990625 0.7836235874999999 0.5507059453125
42 0.8251497578125001 0.9424367328125 0.8281967031249999 0.970059490625 0.8343811484374999 0.969518421875 0.8319596828125 0.9418409421874999 0.8251497578125001 0.9424367328125
42 0.7240668343750001 0.9807381421875 0.7350259890624999 0.9797793406249999 0.7361251375 0.979127678125 0.73671853125 0.9793651828125001 0.7387760234375 0.9775560234375 0.7399628140625001 0.9780310312499999 0.7414269109375 0.975984365625 0.7432070937499999 0.97669688125 0.744077796875 0.974412709375 0.746451375 0.9753627281249999 0.7467286828125 0.9728410546875 0.74937956875 0.9712693984375 0.7496956546875 0.9740285765625 0.756184215625 0.9713602734375 0.7543713015625 0.969313225 0.754681340625 0.9681260875 0.7705866593749999 0.95869615 0.7938183390625 0.9540753234375 0.79348245625 0.9502361671875 0.7920561265625 0.9481258859375 0.7525583874999999 0.967266175 0.75203045625 0.9696977421874999 0.7494740453125 0.9686143421875 0.72171498125 0.98074784375 0.7240668343750001 0.9807381421875
57 0.12409998124999999 0.9722052124999999 0.103505934375 0.9833197406249999 0.10617508906249999 0.991418709375 0.13162910625 0.9985045515625 0.1518197109375 0.997718396875 0.1680821140625 0.9908760015625001 0.16765870624999998 0.9860364265625 0.149533565625 0.9939972359375 0.146258403125 0.9864414343749999 0.15245636875 0.9751159609375 0.1600689125 0.9724893640625 0.14874542500000001 0.970049015625 0.12409998124999999 0.9722052124999999
42 0.4972308 0.44307486406249996 0.4952363109375 0.4420648390625 0.49376819843749997 0.44250643125 0.49214073437500006 0.44138600781250004 0.49030559531250006 0.44193799843750003 0.4890451609375 0.440707178125 0.48684299375 0.44136956562499996 0.48594958593750004 0.440028346875 0.4833803890625 0.4408011328125 0.4828540109375 0.439349515625 0.4799177859375 0.4402327 0.47975843749999997 0.438670684375 0.47645518593749997 0.4396642671875 0.4766628625 0.43799185312500005 0.4611849890625 0.43459769843749996 0.45968784375 0.43475931562500003 0.45808941406250003 0.4339188671875 0.45597928281250005 0.43420150937499996 0.4549938390625 0.4332400359375 0.45328237343750005 0.433833471875 0.4522707203125 0.433643703125 0.45189826406250005 0.43256120468750003 0.4500796375 0.43337054999999997 0.4488026890625 0.431882375 0.44856215937500005 0.43308589687500004 0.446876903125 0.432907628125 0.44570711406249997 0.43120354375 0.4448535984375 0.432528090625 0.44367416718749997 0.4324447046875 0.442611540625 0.4305247125 0.44114503593750004 0.431970284375 0.44047143125000005 0.4319817828125 0.43951596718749997 0.42984588281249997 0.43726869687500003 0.4315188609375 0.43642039062500004 0.4291670515625 0.3590310234375 0.41219627656249996 0.3190958109375 0.40392664062500006 0.3183093625 0.40987720312500003 0.3604030484375 0.4204087296875 0.4340659609375 0.43105593750000004 0.4417672140625 0.435346875 0.442389390625 0.43872346718750005 0.455095121875 0.4420231765625 0.473031921875 0.445355375 0.505613559375 0.45245482187499997 0.5068104546875001 0.4523501078125 0.5061194062500001 0.44445140156249996 0.504523034375 0.44410133125 0.501427459375 0.44342249999999994 0.500693403125 0.44364329687500004 0.49833188437500003 0.4427436703125 0.4972308 0.44307486406249996
54 0.061621190625 0.1456478765625 0.046704212499999995 0.1469529421875 0.0341908328125 0.160791528125 0.039891715625000004 0.196073453125 0.0413284203125 0.21996493125 0.0515896859375 0.24014348281250003 0.07022122812500001 0.2521395046875 0.073492975 0.2518532625 0.080466965625 0.24153821875 0.0747354328125 0.2283155640625 0.0750537625 0.217014346875 0.08249608124999999 0.21244205625 0.10124145468750001 0.22501629531249998 0.11038434374999999 0.21000215 0.11948467656249999 0.19450158125 0.1153056125 0.18408398125 0.10956386250000001 0.1782144171875 0.12370460781249999 0.175506821875 0.144884228125 0.178555309375 0.15495314531249998 0.181595565625 0.1728576046875 0.17708825 0.1842932203125 0.17221986875 0.18394548125000001 0.16824520781250002 0.1648927 0.1532777671875 0.1383441234375 0.1560906140625 0.12135378125 0.1561066375 0.08281102812499999 0.1413432734375 0.067340815625 0.13632483906249998 0.061621190625 0.1456478765625
39 0.3255835734375 0.34115945625 0.3371350359375 0.3288754671875 0.35163755937499996 0.3280620890625 0.35149588125000003 0.326442703125 0.346873715625 0.32067124687500004 0.3313507296875 0.3225194796875 0.31181890624999997 0.315895803125 0.304100815625 0.332255734375 0.322872575 0.3413966390625 0.3255835734375 0.34115945625
6 0.353168571875 0.65033215 0.3519808265625 0.644701353125 0.3511789640625 0.6447715078125 0.3237103640625 0.6542491453125 0.3237347453125 0.654527825 0.332641859375 0.6589410421874999 0.3409401546875 0.6582150343750001 0.3535972953125 0.655232471875 0.353168571875 0.65033215
6 0.388844890625 0.6278500953124999 0.3763924578125 0.6289395421874999 0.37394424531250003 0.654739378125 0.37419699375 0.65762830625 0.388759425 0.6582466499999999 0.389267053125 0.6326754218749999 0.388844890625 0.6278500953124999
6 0.13879372343750002 0.7856933500000001 0.1370492328125 0.7858459734375 0.12641496875 0.790256390625 0.1422747578125 0.8104842953125001 0.1441166796875 0.8103231484375 0.15506075625 0.806185840625 0.1546939234375 0.8019929187500001 0.13879372343750002 0.7856933500000001
6 0.8718725953125 0.806434278125 0.8608046734375 0.804674115625 0.851747715625 0.8273933390625 0.8517609671875 0.8275447984375001 0.8617204828125 0.8300816046874999 0.8720182796874999 0.80809946875 0.8718725953125 0.806434278125
6 0.47354372187499993 0.6215182296874999 0.47325563906249996 0.621543434375 0.452531425 0.64428581875 0.4650439890625 0.648925825 0.46546065312499996 0.648889371875 0.478270575 0.62811275625 0.47806745624999997 0.6257910984375 0.47354372187499993 0.6215182296874999
6 0.688362409375 0.4120325703125 0.6843556625 0.3985854953125 0.6734151828125 0.40052295625 0.6763404625 0.41555959531250003 0.6885773203125 0.4144890078125 0.688362409375 0.4120325703125
6 0.784958865625 0.38669147812500004 0.7846494828125 0.3831552078125 0.7658987890625 0.376869540625 0.7492489015625 0.3807769484375 0.7686956125 0.386427778125 0.7784749703125 0.3925077671875 0.781393509375 0.392252428125 0.784958865625 0.38669147812500004