7 0.413914678125 0.12613225781249998 0.40158704843750004 0.12309318437500001 0.38929864062499997 0.1252210828125 0.369214134375 0.1341579125 0.35511710937499996 0.14053024218750002 0.3247063265625 0.1548096171875 0.31093255000000003 0.1654747859375 0.30831447500000003 0.19071739375000002 0.317622334375 0.20437229375000002 0.3362150515625 0.21588980000000002 0.34574823125 0.2198732015625 0.359279471875 0.22426976718749997 0.370951790625 0.2226665015625 0.38302142968749997 0.21724612968749998 0.3974971515625 0.2097082890625 0.4188320375 0.1995670375 0.44363403437500004 0.18668665 0.444830065625 0.1843854 0.45422997656249997 0.15545545 0.45414288437500006 0.15434373437499999 0.45138413593750004 0.1482931359375 0.45112614375 0.1398336921875 0.4430426328125 0.134307946875 0.4329513484375 0.132317646875 0.413914678125 0.12613225781249998
6 0.326739978125 0.9037191296874999 0.325938259375 0.903458634375 0.31622808125 0.9057960812499999 0.3269435578125 0.9218572828125 0.327745278125 0.9221177781250001 0.33374230312500003 0.9206741656249999 0.3351537109375 0.9163302984374999 0.326739978125 0.9037191296874999
6 0.180610965625 0.5372084171875 0.1806830984375 0.537217759375 0.1847064015625 0.52483530625 0.1809112125 0.525708965625 0.180610965625 0.5372084171875
6 0.20046145625 0.5218534375 0.20048709687500002 0.5217745234375 0.1989495328125 0.5187568828125 0.1796437171875 0.520191221875 0.17961058125 0.5202932046875001 0.17975496875000002 0.5208072203125 0.18802385 0.5234939437499999 0.20046145625 0.5218534375
6 0.18254302656250002 0.5567752703125 0.1828872109375 0.55180805 0.1788128265625 0.5511284812499999 0.1782163234375 0.55973711875 0.1812593984375 0.5607258734375 0.18254302656250002 0.5567752703125
6 0.178425346875 0.549222759375 0.1723792625 0.5472582671875 0.1677910828125 0.556669878125 0.1674023265625 0.557866346875 0.172053684375 0.5593776640625 0.178218246875 0.5498601468750001 0.178425346875 0.549222759375
6 0.10144596718750001 0.3260125125 0.1002959859375 0.31691090312500003 0.09370123125 0.3160566953125 0.0956022609375 0.327530465625 0.098034728125 0.3283208234375 0.100693221875 0.328329225 0.10144596718750001 0.3260125125
6 0.1049723515625 0.28785934062499996 0.102619253125 0.30023805000000003 0.10404006406249999 0.3006997 0.10624701562500001 0.3011236921875 0.108149715625 0.2952677859375 0.10887015156249999 0.28912581249999997 0.1049723515625 0.28785934062499996
6 0.10781135625 0.2551746203125 0.101798884375 0.262184571875 0.1082176890625 0.26427016875 0.1130512328125 0.25995704062499997 0.11395638749999999 0.2571712609375 0.10781135625 0.2551746203125
6 0.10920979374999999 0.2799344 0.10792543750000001 0.2855330359375 0.11098927031250001 0.2865285359375 0.1124691484375 0.28197394062500003 0.10920979374999999 0.2799344
6 0.55454649375 0.1349252640625 0.5569606890625 0.12749513437499999 0.5552290734375 0.1269324984375 0.5513996156250001 0.13390278125 0.55454649375 0.1349252640625
6 0.5841861859375 0.129149478125 0.5820249015625001 0.12522584375 0.5733277015625 0.12819845624999998 0.5750739406250001 0.1300946671875 0.57698176875 0.130714559375 0.5841861859375 0.129149478125
6 0.5822832984375 0.245411334375 0.562750096875 0.2427369984375 0.5804011078125 0.24847215937499997 0.581667209375 0.2486541734375 0.5824379640624999 0.24628203593750003 0.5822832984375 0.245411334375
6 0.764135696875 0.5163163328125 0.7635284828125 0.51565696875 0.7594540984375 0.5149774 0.755018071875 0.52371564375 0.7587642734375 0.524932859375 0.762386125 0.5217009640625 0.764135696875 0.5163163328125
6 0.6905868890625 0.8888644703124999 0.6903315046875 0.8887814890625 0.6748185640625 0.8945971187499999 0.6785575859375 0.901385009375 0.68039050625 0.9019805609375 0.6947772390625 0.8966394734375 0.6954777359375 0.8944835624999999 0.6905868890625 0.8888644703124999
6 0.033591304687500004 0.38092625625 0.0409672671875 0.3869952375 0.049513901562500004 0.3897722078125 0.049730025 0.38910705 0.033591304687500004 0.38092625625
6 0.2598484109375 0.507401325 0.26069941874999997 0.507677834375 0.26455442812499996 0.501568021875 0.26625339062500003 0.4963391515625 0.2637111234375 0.49551311875000004 0.2598484109375 0.507401325