27 0.22513177343750002 0.7018202328125 0.24594781718749997 0.7079833234375 0.24737461249999998 0.707435628125 0.249893721875 0.6951713984375 0.240216375 0.6429287765625 0.23698347812499998 0.63450679375 0.201201959375 0.6345976875 0.1871486 0.6335653953125 0.15220722343749998 0.6255552328125 0.161265725 0.6617103640625001 0.1609277390625 0.6936174078125 0.22513177343750002 0.7018202328125
33 0.1247460875 0.6423728171875001 0.140448921875 0.6363450640625 0.14529306718749999 0.6180073453125 0.14452948125 0.616018134375 0.1315393125 0.6085122562499999 0.1245741625 0.600831525 0.12001659843750001 0.61686294375 0.11302769374999999 0.636327003125 0.1225968921875 0.6326537328125 0.1247460875 0.6423728171875001
39 0.30567116875 0.6856546171875 0.31725817031250003 0.6704953328125 0.303552146875 0.6689726640625 0.24451782031249997 0.67842303125 0.254601775 0.71097109375 0.2621716375 0.7362721156250001 0.2920260578125 0.7373087671875 0.3184217734375 0.7300327890625 0.3416717453125 0.7247956 0.3491956546875 0.7219074421875 0.3487237546875 0.7206780984375001 0.31200233593750004 0.702147871875 0.3072792640625 0.6968199203125 0.297583178125 0.6841176765625 0.30400981875 0.6827218671875 0.30567116875 0.6856546171875
39 0.37762453125 0.61685659375 0.36088268437500004 0.646491328125 0.36960105625 0.6538561078125 0.3522856828125 0.6547900859375 0.3156812703125 0.6738398796875 0.30917930781249997 0.6806203296875 0.30227675781249996 0.6961237109375 0.32650954374999996 0.711814996875 0.3469307734375 0.718972053125 0.3710197546875 0.7436559078125 0.377989084375 0.7409806328124999 0.3917299125 0.730339140625 0.417201165625 0.7094931437499999 0.43469284999999996 0.6859974453125 0.447766578125 0.666339928125 0.458881271875 0.6506478484375 0.461595659375 0.6535334265625 0.46328777343749994 0.652883884375 0.4600339546875 0.6444073968749999 0.45551443750000004 0.6390865171875 0.4512581578125 0.6335793828125 0.42590804687499995 0.624743865625 0.390617421875 0.6018717375 0.38990811718749996 0.6160688984375 0.37762453125 0.61685659375
39 0.458236740625 0.6401614984374999 0.45195905468750003 0.660780740625 0.45018568124999997 0.6736011171875 0.4584833125 0.7021932578125 0.46745354375000003 0.7269567234375 0.4781769984375 0.7514042421875 0.488664071875 0.7503800703125 0.49926044375 0.7463125046875 0.527167903125 0.7297420109375 0.5249349421875 0.7134608421874999 0.5338680171875 0.657902703125 0.5292624859374999 0.6375336015624999 0.5296216359375 0.63384756875 0.52543834375 0.622949721875 0.518404940625 0.625991296875 0.5005198734375 0.6289292015625 0.48397257343750005 0.6081454374999999 0.4700736890625 0.627048559375 0.46103005 0.6230220703125 0.458236740625 0.6401614984374999
39 0.42554930312500006 0.800303884375 0.4205947515625 0.8104178687499999 0.4211332625 0.8194944109375 0.4143336171875 0.8331730468749999 0.4058985203125 0.8774715375 0.42575005312499997 0.8866325187499999 0.43795280156249994 0.8905174828125 0.447652490625 0.8885793625 0.45765729374999997 0.8958073765625001 0.5012196531249999 0.9137190421874999 0.5422734375 0.92509564375 0.5781116921875 0.943115928125 0.580116546875 0.914853615625 0.5660502390625 0.8970450218750001 0.5784919000000001 0.9015523734374999 0.5766043578125 0.8694284859374999 0.5716918734374999 0.839365253125 0.5710490453125 0.837690628125 0.5531286125 0.8305955046875001 0.531851040625 0.8337645218749999 0.515652990625 0.827842728125 0.4845653921875 0.8187102875000001 0.46242404375 0.8161410578125 0.42554930312500006 0.800303884375
57 0.5807539609375 0.1148764609375 0.5954854375 0.11279206093750001 0.5998868421875 0.10681793749999999 0.606524853125 0.1109868171875 0.60851863125 0.11022147812500001 0.62128195625 0.08860777187499999 0.6277933890625 0.074265515625 0.6276329734375 0.07384761875 0.5994749921875 0.0687718625 0.5860832015625 0.062486942187500005 0.57239564375 0.0784525546875 0.5626777171875 0.10824744374999999 0.57015739375 0.1068044578125 0.5807539609375 0.1148764609375
33 0.5580551375 0.4434827125 0.5653335828125 0.43039738749999995 0.5628130890625 0.4238312765625 0.55240760625 0.42458474687500003 0.5427520515625 0.43221869531249996 0.5339326890625 0.442031003125 0.5497473281249999 0.4557988296875 0.553949334375 0.4541858296875 0.5580551375 0.4434827125
33 0.65090375625 0.506643434375 0.6497036796875 0.5028195203125 0.6421376484375 0.5082231875 0.6530870656250001 0.516516790625 0.6597139999999999 0.5107595140625001 0.65090375625 0.506643434375
33 0.7035973421875 0.45050336875 0.6990423921875 0.44910142343750004 0.694706109375 0.4622212671875 0.6948992296875 0.4627243640625 0.7040926453125 0.4664434234375 0.704194928125 0.4520601328125 0.7035973421875 0.45050336875
57 0.7609873875 0.4168877015625 0.7540730578125 0.41954186406250005 0.7506107484375 0.425869596875 0.7591732015625 0.43900700156249994 0.7598400453124999 0.438751025 0.7617713171875 0.41892990937499996 0.7609873875 0.4168877015625
33 0.8698106890625 0.40634492343749995 0.862867690625 0.4427176828125 0.8803411531249999 0.4360102484375 0.8933344640625 0.408500065625 0.8929288453125 0.40744339375000005 0.8698106890625 0.40634492343749995
42 0.445505975 0.20107663125 0.42867936875 0.18654131875 0.42835962031249997 0.1905915921875 0.44437018124999994 0.20503178125 0.4451204515625 0.20474377968750002 0.4462167390625 0.2029282328125 0.445505975 0.20107663125
41 0.44731039531250005 0.19269717343749998 0.44260958125 0.1957548890625 0.443506459375 0.20576501406249997 0.4460448796875 0.21108358124999999 0.45213367031249996 0.20874631250000003 0.4530368171875 0.2076150140625 0.44731039531250005 0.19269717343749998
57 0.24678091562499999 0.649085284375 0.248844290625 0.6411634203125 0.2567797234375 0.6381172937499999 0.26114745625 0.62769540625 0.260351521875 0.6256219234375 0.23969583125 0.623609334375 0.235919290625 0.63469931875 0.23045933125 0.640008634375 0.235079496875 0.6471613281249999 0.245403915625 0.649613865625 0.24678091562499999 0.649085284375
39 0.1642993328125 0.7950080453124999 0.171318871875 0.7985562609375 0.17923926875 0.79551590625 0.191845471875 0.7851481687499999 0.1925547765625 0.77095100625 0.19528931562500002 0.7613321578125001 0.18796268124999999 0.7422456234375 0.177150471875 0.7315190281249999 0.1626468734375 0.7328018578125 0.1489905015625 0.737687 0.1477923390625 0.7492154296875 0.1585469796875 0.7625824765625 0.1642993328125 0.7950080453124999
39 0.325668621875 0.77397856875 0.3217960078125 0.7638900640624999 0.32112682656249997 0.762495590625 0.28678272968749996 0.7560413968749999 0.2858695296875 0.7892403875 0.2884258421875 0.7868309171875 0.3079281265625 0.781129934375 0.325668621875 0.77397856875
39 0.8411466546874999 0.8533040250000001 0.8448718578125 0.865798940625 0.8443738812499999 0.87705859375 0.839152834375 0.882990296875 0.8364936171874999 0.8872245109374999 0.823759790625 0.890327325 0.819238928125 0.895990253125 0.8096568953125001 0.9055597484375 0.81057670625 0.9079559390625 0.8134004499999999 0.9128704187500001 0.8580488781250001 0.8964567453125 0.87937060625 0.8882721015625 0.8808331687500001 0.8694900531249999 0.8780044874999999 0.85688903125 0.8768273484375 0.8538224781249999 0.8676563078124999 0.8456272609375001 0.8528053765625 0.8474004687500001 0.8470292703125001 0.8421196953125 0.8367212671875001 0.8410778890625 0.8355984265625 0.84722168125 0.8411466546874999 0.8533040250000001
39 0.9388047078125 0.542563059375 0.959205503125 0.537956521875 0.96583849375 0.5354103546875 0.9644029625 0.515159046875 0.95720155 0.496398725 0.9426160375 0.5057522421875 0.9300328546875001 0.4980857828125 0.90780155 0.514117596875 0.9048612 0.527385934375 0.9140629125 0.5367074671875 0.9388047078125 0.542563059375
53 0.642698675 0.4139381453125 0.6076166734374999 0.4001115875 0.6065226328125 0.40053155 0.6050970296875 0.40819744062499996 0.6069054203124999 0.4150012796875 0.6445681203125 0.429442521875 0.64561085 0.4290422546875 0.6462445578125 0.4231754859375 0.642698675 0.4139381453125
53 0.6544013359374999 0.33635003124999996 0.648967046875 0.32986689999999996 0.63295465625 0.3328000453125 0.613936221875 0.3324128421875 0.6136584015625 0.33251948750000004 0.6222405484375 0.33976919375 0.6483407921875 0.35100578125 0.648627065625 0.3508958921875 0.6506137609375 0.3460160578125 0.65150320625 0.3399618578125 0.6544013359374999 0.33635003124999996
53 0.70193984375 0.45909116718750004 0.7066729734375 0.449795575 0.7020018578125 0.43762690312499997 0.685826234375 0.43385635 0.677813565625 0.42693477343749997 0.67540429375 0.43321533125 0.6802192359375 0.435294578125 0.692837434375 0.46258525468749995 0.70193984375 0.45909116718750004
57 0.331941265625 0.49254414999999996 0.333297665625 0.4755697 0.33157340468749996 0.471077846875 0.329419625 0.4694783 0.3208171078125 0.47706507656249997 0.320210709375 0.4894374953125 0.32257224375 0.49210147031249996 0.32955619375 0.49345969375000004 0.331941265625 0.49254414999999996
31 0.45596178906249996 0.51607785625 0.4229630953125 0.5222410484375 0.42936598125 0.547990028125 0.46266419843750006 0.5461314890625 0.4651239109375 0.54518729375 0.46294555156249995 0.534271178125 0.45596178906249996 0.51607785625
39 0.41821675156250004 0.5941560499999999 0.42213312968750005 0.6162178828125 0.42612843125 0.6182547125 0.4347921296875 0.6304717921874999 0.45390400625 0.6231354296875 0.4548324265625 0.6218752640625 0.4606507546875 0.6174995265625001 0.460451771875 0.6106154953125 0.4530252953125 0.5912688625 0.44574082343750004 0.5814482578125 0.43868931875 0.5777282078125 0.4364563578125 0.561447040625 0.4274292703125 0.559556490625 0.4303789671875 0.5777048171875 0.41821675156250004 0.5941560499999999
39 0.4001868421875 0.63203986875 0.406304909375 0.61343954375 0.40514395625 0.6104151609375 0.391786584375 0.6026502890625001 0.383606721875 0.6043620515625 0.372106075 0.6155606546875 0.37538655625 0.6310826703125 0.3799732140625 0.639799153125 0.4001868421875 0.63203986875
39 0.44612705 0.6289324796875 0.45035736562500006 0.6378861687499999 0.45057617343749995 0.6378021765625 0.45261437656250003 0.6353684375 0.47095328593749997 0.6154750484375 0.4677591609375 0.5959923546875 0.45370922187499996 0.58973691875 0.453523565625 0.5898081859375 0.451421503125 0.6022637937499999 0.44214446875 0.5983268984375 0.43623978750000003 0.606663315625 0.44036557812500005 0.6104352984375 0.442218103125 0.6229349671875 0.44612705 0.6289324796875
39 0.43603715468750004 0.6211339890625001 0.43560022812500004 0.61999575625 0.4266112875 0.609528096875 0.40713658906249994 0.618788975 0.417483209375 0.6248146328125 0.424798075 0.6259398296875001 0.43547863593749997 0.621839946875 0.43603715468750004 0.6211339890625001
33 0.6448953828125 0.6573703609375 0.656612875 0.6439462296875 0.656013696875 0.640466896875 0.652937428125 0.6324529437499999 0.625025384375 0.6307210984375 0.6213260796875 0.6517787875 0.6269349937500001 0.6656929015624999 0.6308266515625001 0.665683015625 0.6377792734375001 0.6630141546874999 0.6448953828125 0.6573703609375
53 0.738783678125 0.8719444765625 0.7465733921875 0.8689542859375001 0.7459953640625 0.8443568484374999 0.745220015625 0.8423369953125001 0.721542878125 0.8341100828125001 0.7022960578124999 0.8425693890625 0.7038024140625 0.860881728125 0.70472966875 0.86329730625 0.7242886796875 0.871260240625 0.738783678125 0.8719444765625
53 0.3794874703125 0.5740980343750001 0.372019940625 0.5546444546875 0.3692614765625 0.557399309375 0.3709945453125 0.5695877859375 0.3572463015625 0.577721628125 0.36421511562500003 0.5889435421875 0.369021809375 0.5870984265625 0.3794874703125 0.5740980343750001
57 0.36617130000000003 0.560772440625 0.3646948125 0.568480175 0.36535357031250004 0.5690689171875001 0.364399515625 0.5700217249999999 0.36510691875 0.5718645718750001 0.3737604015625 0.568542809375 0.37887552812499997 0.5651789968750001 0.37859571718749996 0.5630548531249999 0.3745192828125 0.552435378125 0.36912427187499997 0.5453569625 0.368828975 0.5468985125 0.367736075 0.5455774250000001 0.3580186953125 0.54712065625 0.35809593125 0.5570883624999999 0.36617130000000003 0.560772440625
33 0.625358790625 0.5054365187500001 0.629121440625 0.503992171875 0.636459425 0.4962213390625 0.643134096875 0.4815195296875 0.6358933312499999 0.48358490156249995 0.6336421343749999 0.49516050468749995 0.6181241171875 0.5014743609375001 0.625358790625 0.5054365187500001
42 0.8548762906249999 0.421014003125 0.8542535906250001 0.4216780921875 0.8535489421875001 0.42054589218749994 0.8528792671875 0.42113449999999997 0.852221596875 0.42007778125 0.8515049453125 0.42059090781249997 0.85089425 0.41960966875 0.8501306203125001 0.4200473171875 0.8495669015624999 0.41914155624999994 0.848756296875 0.41950372500000005 0.84823955625 0.4186734453125 0.847381975 0.4189601328125 0.846912209375 0.4182053328125 0.8460076515624999 0.41841654375 0.8455848640625 0.41773722187500006 0.8446333296875 0.41787295 0.844257515625 0.417269109375 0.8432590046874999 0.41732935781249997 0.8429301703125001 0.41680099843749996 0.8418846828125 0.41678576562499997 0.8416028234375 0.41633288593750006 0.8405103593750001 0.4162421765625 0.8402754765625 0.415864775 0.8391360359375 0.41569858281250005 0.8389481296874999 0.41539666249999996 0.8377617125000001 0.41515499062499994 0.8376207828125001 0.4149285515625 0.8336387437500001 0.413524215625 0.831970065625 0.418682059375 0.8320403781250001 0.41886522656249997 0.8655041640625001 0.43072887968750007 0.8657042703125001 0.429699934375 0.8668473656250001 0.431205071875 0.8669474171875 0.43069060156249994 0.8681905656250001 0.431681265625 0.8681497546875001 0.425695121875 0.8854052609374999 0.43178057187499996 0.884844371875 0.43599991875 0.89299694375 0.43952046562499997 0.8960403640625 0.43835220625 0.8974672609375001 0.4367065484375 0.8970107546874999 0.43551730624999996 0.8908538359374999 0.4336335953125 0.8575309828125001 0.4219502265625 0.8570022359375 0.42276527656249996 0.8562036359375 0.42148211562500004 0.8556279124999999 0.422221684375 0.8548762906249999 0.421014003125
57 0.354709665625 0.8670732484375 0.3483931 0.8506180359375 0.3315764578125 0.8504968234374999 0.32851113593750003 0.8627419906249999 0.3343093109375 0.8708706796874999 0.33879764218749997 0.8731813015625001 0.354709665625 0.8670732484375
57 0.823531 0.8239818453125001 0.8069326374999999 0.81265715 0.80555070625 0.8207420140625 0.8061515218749999 0.8223071953125001 0.8179482578125 0.8294945031250001 0.823882865625 0.824898484375 0.823531 0.8239818453125001