28 0.7550739296875 0.4031098984375 0.767163684375 0.395901015625 0.7858633171875 0.3845822125 0.7856977546875 0.383643259375 0.779421621875 0.3833314875 0.7720798484375 0.3858953234375 0.7673263968749999 0.38419491875 0.75955050625 0.384296734375 0.7509118421875 0.3858199640625 0.7439363390625 0.387303790625 0.7418390578125 0.38488117499999996 0.7367130125 0.38527732187499997 0.7335205828125 0.3858402328125 0.6932385328125 0.4091898703125 0.688211103125 0.41540733281250003 0.6909785375 0.4184733515625 0.7282816578125 0.418496078125 0.743185865625 0.4158680640625 0.7550739296875 0.4031098984375
6 0.720094459375 0.5428697859375 0.7142856140625 0.5446556124999999 0.7134472796875 0.5493728531250001 0.7152904140625 0.549301715625 0.7190698328125 0.548635303125 0.720094459375 0.5428697859375
6 0.7427024953125 0.5565581500000001 0.7411180546875 0.5627270046875 0.741291703125 0.5637118109375 0.74670440625 0.55841645625 0.7465524640625001 0.55755475 0.7427024953125 0.5565581500000001
6 0.77149294375 0.635381240625 0.7794628640625 0.641115646875 0.7884171390625 0.6395367656250001 0.7813416765625 0.6344062125 0.77149294375 0.635381240625
6 0.8637277187500001 0.8557326562500001 0.8635161281249999 0.8608471 0.9073117500000001 0.8503323249999999 0.9086400796874999 0.84693378125 0.9084068609375 0.8456111343750001 0.8637277187500001 0.8557326562500001
6 0.8459786749999999 0.8244922156250001 0.8455309203124999 0.821952875 0.83955221875 0.811488334375 0.8329152421874999 0.81339235625 0.8331227718750001 0.8145693140624999 0.8378621468749999 0.8259705796875 0.8457572828125001 0.8245784546875001 0.8459786749999999 0.8244922156250001
6 0.8434618171875 0.82403124375 0.8503325203125 0.8348779453124999 0.861500509375 0.8329087265625 0.854912409375 0.8213775546875001 0.849022409375 0.8224161203125 0.8434618171875 0.82403124375
6 0.8612195953124999 0.83137165625 0.86721366875 0.8303147390625 0.8651081843749999 0.8183739453125 0.8541097578124999 0.8199324796875 0.8505503078125001 0.82056010625 0.8612195953124999 0.83137165625
6 0.8581199953124999 0.84937084375 0.8610532390625 0.846997759375 0.86095155 0.8464210546875 0.8468041156250001 0.8393555453125 0.842666325 0.8416992562500001 0.8428911625 0.842974375 0.8453634796875 0.8469714109375 0.8516513625 0.8505114375 0.8581199953124999 0.84937084375
6 0.85340816875 0.773410028125 0.8607155859375 0.7727561749999999 0.879122240625 0.7695105859375 0.8787616109374999 0.7674653499999999 0.85340816875 0.773410028125
6 0.85074480625 0.7075530203125 0.8461760828125 0.7052713109375001 0.841211040625 0.7086853484375 0.8376303343749999 0.71494916875 0.846712915625 0.7133476640625 0.850826 0.708013496875 0.85074480625 0.7075530203125
6 0.847896265625 0.7218653296875 0.8311209093749999 0.7309158375 0.8388344171875 0.7336174453125001 0.852097646875 0.7242234453124999 0.8520737593750001 0.7240879671875 0.847896265625 0.7218653296875
6 0.7937902421875 0.60806308125 0.7824789921875 0.6100575593750001 0.7824815390625 0.610072009375 0.7894987703125 0.6123737765625 0.8001427234375 0.610496959375 0.7937902421875 0.60806308125
57 0.58833511875 0.11916162500000001 0.58521470625 0.119579428125 0.57698571875 0.1202688515625 0.580379896875 0.12373207187499999 0.5879387296874999 0.12239924531249999 0.5887475265625 0.121500503125 0.58833511875 0.11916162500000001
57 0.80394243125 0.623979478125 0.8055432093749999 0.626743496875 0.8152427359375001 0.6280794890625 0.841528940625 0.619294940625 0.8414378499999999 0.6187783390625 0.8322975359375 0.6174565671875001 0.8206309640624999 0.6144365656249999 0.8062648093749999 0.6118925734375 0.7949944140625 0.6174338406250001 0.8040237875 0.6181264296875 0.80394243125 0.623979478125