35 0.33578013906250004 0.6477991484375 0.3412011109375 0.6552878343749999 0.35815796875 0.66453631875 0.3863328390625 0.6754534515625 0.40249549062499995 0.6817263875 0.41513109843749996 0.6853495890625 0.42924630625000004 0.6877586906250001 0.43957904843750006 0.68891548125 0.4460323375 0.6856057156250001 0.5499740203125 0.507117646875 0.553515509375 0.49476700625000003 0.4944981765625 0.47219557968750003 0.3953238234375 0.4401456421875 0.38176787968750003 0.43703257031250003 0.37815155312500004 0.44244587500000004 0.379874225 0.44603597187500005 0.33578013906250004 0.6477991484375
41 0.53519953125 0.45440167656249997 0.5315674578125 0.46360403437500003 0.5295330359375 0.4706989046875 0.52788475 0.47991134999999996 0.53227684375 0.4945873234375 0.5380088078124999 0.5093894859375 0.5462632984375 0.5225928765625001 0.56305605625 0.53721253125 0.588334378125 0.548086025 0.59538528125 0.5501078390624999 0.6136430140625 0.5527501499999999 0.6361747765625 0.550954684375 0.6431751203125 0.5217426984375 0.6426111703124999 0.5177108265625 0.6470683359375 0.5117645953125 0.6622580984375 0.5163782 0.6760874890624999 0.5185376390624999 0.6785799875 0.5121097484375 0.6804125062499999 0.5057189921874999 0.6823358500000001 0.49194814375 0.6805517 0.48137412656249995 0.6765219140625 0.4678340875 0.6693133515625 0.453382546875 0.6618039640625 0.4447789953125 0.63595148125 0.4333280484375 0.6149616984375 0.42730932499999996 0.6059293203125 0.4248870375 0.5815381625 0.42356922499999994 0.5696809546875 0.425329440625 0.554887603125 0.4337300421875 0.5452725875 0.44206744374999996 0.53519953125 0.45440167656249997
57 0.38914308750000004 0.8530418109375001 0.409617090625 0.8656209171875 0.41484238125 0.8689446703125 0.42527366562499996 0.8719357921875 0.42841629374999995 0.8720435453125001 0.43369037187500004 0.8668475828125001 0.4301083046875 0.8601442046875001 0.416689084375 0.856554315625 0.3995100875 0.8420819187499999 0.38914308750000004 0.8530418109375001
4 0.7485496640625 0.9370007390625 0.752435709375 0.923448490625 0.749038390625 0.9224743249999999 0.7447948249999999 0.9217520218749999 0.7445748828125 0.922519046875 0.744169328125 0.931656584375 0.7470735187499999 0.9365774625000001 0.7485496640625 0.9370007390625
4 0.7397830640625 0.8938806687499999 0.7373739921875 0.8897150281249999 0.730654134375 0.8867560953125 0.7335204515625 0.895305421875 0.7344344375 0.8955675031249999 0.7393647953125 0.8953393437500001 0.7397830640625 0.8938806687499999
4 0.7906444015625 0.7845302656250001 0.789386928125 0.78136485 0.7812314625 0.783412490625 0.782502578125 0.78418979375 0.7901160296875 0.786372915625 0.7906444015625 0.7845302656250001
4 0.649091503125 0.806851128125 0.6544887203124999 0.8157520625 0.654873559375 0.8158624124999999 0.6563818171875 0.8106024890624999 0.649091503125 0.806851128125
4 0.41349768750000004 0.7336452515625 0.41355636718750005 0.7334406140625 0.4133199453125 0.721158165625 0.4057113765625 0.7212985421875 0.402911959375 0.7274621125 0.4110460609375 0.732942259375 0.41349768750000004 0.7336452515625
4 0.447541459375 0.8100513296875 0.4467100125 0.809812915625 0.4361589265625 0.8146438671875 0.441096228125 0.8195814640625001 0.44447881875000006 0.8205514062500001 0.4522182328125 0.8196891875000001 0.4525967984375 0.8183689718749999 0.447541459375 0.8100513296875
4 0.43179246875 0.83641926875 0.433474225 0.8338892281250001 0.4271645421875 0.8294998484375 0.4233500109375 0.8284060500000001 0.41805544218749996 0.8312740406250001 0.422194078125 0.8336669734375001 0.43179246875 0.83641926875
4 0.7963632140625 0.7022309109375 0.7920655187500001 0.6959057234375 0.7918318734375001 0.6958387265625 0.7853669921875001 0.6952298531250001 0.785358446875 0.6952596546875001 0.791983075 0.704009421875 0.79321030625 0.704361325 0.796344984375 0.7022944875 0.7963632140625 0.7022309109375
4 0.790215296875 0.8823942890625001 0.790238371875 0.8820138906249999 0.7838090171875 0.8840404640624999 0.7837546843750001 0.88695330625 0.78563043125 0.8874911671874999 0.7889546140625 0.8867908171875 0.790215296875 0.8823942890625001
4 0.6358276078125 0.8240820937500001 0.6296711265625 0.8281413453124999 0.637504490625 0.8303875265625 0.637880659375 0.8297742546875 0.63902363125 0.8257882359375 0.6358276078125 0.8240820937500001
4 0.8560949499999999 0.9077352453125 0.8525268015625 0.9025129703125 0.8467810703125 0.9021554625 0.8502426281250001 0.9076438843749999 0.8556745203125 0.9092014546874999 0.8560949499999999 0.9077352453125
4 0.8181611265625 0.8983092062500001 0.8171693031249999 0.8969992140624999 0.8121003140624999 0.9014799515625 0.8126769359375 0.9017485000000001 0.8168331859375 0.9029402843750001 0.8181611265625 0.8983092062500001