20 0.46711899375000004 0.3349002109375 0.47377935468750004 0.34468207500000003 0.48017133906250004 0.345821390625 0.48309581718750005 0.345146221875 0.5200479437500001 0.31219955312500003 0.522929440625 0.307588190625 0.5206287015625 0.2976225921875 0.5114344984375 0.28987209375 0.5024321765625 0.28356560625 0.49958404375 0.276676796875 0.49800006249999995 0.28207339062500003 0.46606198125000003 0.3275978859375 0.46711899375000004 0.3349002109375
20 0.6056896453125 0.45410823593750005 0.6055307562500001 0.47384928593750003 0.61428178125 0.4940487734375 0.6207111328125 0.489210503125 0.6252569593749999 0.4789376953125 0.6265896468750001 0.48743410000000004 0.6250518671874999 0.4957547203125 0.6307242640624999 0.49989528906249997 0.64158521875 0.4910992125 0.6436733218749999 0.4742667015625 0.6547195968749999 0.4826167578125 0.6607310796875 0.41130983125 0.6593065359375 0.40513945468749996 0.6458923515625 0.3844558796875 0.64171306875 0.38542074375 0.635743178125 0.3922491453125 0.6207247609375 0.389847034375 0.61020699375 0.385148140625 0.6056896453125 0.45410823593750005
4 0.5022500078125 0.4221723421875 0.505598534375 0.42814906875 0.5063705406250001 0.42797083750000003 0.51225659375 0.41417003281250003 0.5120195140625 0.41314312343750004 0.5022500078125 0.4221723421875
4 0.52074300625 0.444902075 0.5267726515625 0.46976504375 0.5404013062499999 0.4666186203125 0.539108565625 0.46101914375 0.52074300625 0.444902075
4 0.720604690625 0.40581935468749997 0.7202158140625 0.42184032499999996 0.7239833765625 0.4381594296875 0.73289483125 0.4549679453125 0.739967425 0.4529158640625 0.7495891203125 0.45237149062500004 0.7582001 0.45482221093749997 0.7595955921875001 0.4545000359375 0.76423894375 0.44228144062499997 0.7638643859375 0.4273800203125 0.762968440625 0.423499253125 0.758381228125 0.42099474062500003 0.7536043921875 0.41664741406249994 0.747265396875 0.4055336328125 0.7437054859375001 0.39964763125 0.7291932421875 0.40760970937499996 0.720604690625 0.40581935468749997
4 0.8846738890625 0.47983665000000003 0.8929674796875 0.48624911718749997 0.9053357171874999 0.483393684375 0.9087102312500001 0.471316046875 0.9076483078124999 0.4667163484375 0.90274450625 0.46141049531249995 0.897554925 0.4634470890625 0.8870600046874999 0.457485196875 0.87528115625 0.47320105625000003 0.88005799375 0.47754838125 0.8846738890625 0.47983665000000003
4 0.69961811875 0.32347265625 0.7000353375 0.335151790625 0.7080374796875 0.3333043515625 0.709584534375 0.32578338906250004 0.69961811875 0.32347265625
4 0.6050087265624999 0.3435986859375 0.599770125 0.3432778796875 0.6021131093750001 0.350702553125 0.6035680078125 0.351008628125 0.6065599734375 0.350317878125 0.6050087265624999 0.3435986859375
4 0.5586351453125 0.26680647031250004 0.5574177078125 0.2628951203125 0.556359671875 0.24469274375 0.5475606234375 0.23885813906250003 0.5474401624999999 0.23888595 0.54595818125 0.2554789546875 0.5467633859375 0.27122425 0.5514026390625 0.2776995484375 0.5629141796875 0.2786106953125 0.5634957765624999 0.2784764234375 0.5586351453125 0.26680647031250004
4 0.5341104515625 0.362964421875 0.5396765578125 0.3705699328125 0.5433705453125001 0.3697171078125 0.5493349828125 0.3594495625 0.5341104515625 0.362964421875
4 0.5838785875 0.43266884375 0.5645955734375 0.42810410625 0.567627490625 0.4357889703125 0.58038219375 0.438145103125 0.5821778109375 0.43773055312500003 0.5842870296875 0.43443799843750003 0.5838785875 0.43266884375
4 0.66599798125 0.420231375 0.6550846390625 0.4145681328125 0.6488157140624999 0.416015428125 0.65699419375 0.43328663125 0.6635254671874999 0.43177876875 0.6668396203125 0.4238769140625 0.66599798125 0.420231375
4 0.560460809375 0.5118301390625 0.55639890625 0.5034292890625001 0.546777725 0.509423690625 0.558100696875 0.5298678812500001 0.5619809484375 0.523521909375 0.5622143000000001 0.5194253468750001 0.560460809375 0.5118301390625
4 0.522414159375 0.6407528984375 0.524407209375 0.6381677375 0.534119846875 0.638050428125 0.5421608984375 0.6361940046875 0.543332084375 0.6321242375 0.5416261171875 0.62473488125 0.522774978125 0.6188401984375 0.5132685296874999 0.623969628125 0.4941409046875 0.635093459375 0.5048886546875 0.6435124328125 0.513262715625 0.6428656765625 0.522414159375 0.6407528984375
4 0.3998653640625 0.670567365625 0.39951675937500003 0.669057390625 0.39410912656249997 0.6588452984375001 0.3843275203125 0.668230671875 0.3904164484375 0.677641371875 0.3919798390625 0.677280434375 0.394454875 0.6726004578125 0.3998653640625 0.670567365625
4 0.6395958609375 0.575197246875 0.65084094375 0.6062924390625 0.655070609375 0.60531594375 0.6525479921875 0.582268815625 0.6519956171875 0.5689806015625 0.655393053125 0.5564574703125 0.64439298125 0.5510314421875 0.6341280453125 0.548789628125 0.6395958609375 0.575197246875
4 0.663077290625 0.514153215625 0.656808365625 0.5156005109375 0.6645932484375 0.5179956484375 0.6665915109375 0.522565215625 0.659496071875 0.5258802921875 0.66865933125 0.534245834375 0.6716673796875 0.532293646875 0.683126909375 0.5397098109375 0.6911498265625 0.54086039375 0.6994387421875 0.538946746875 0.7033805953125001 0.5375493312499999 0.7097409 0.5310500359375 0.7099966609374999 0.520513171875 0.7067158734375 0.5063025203125 0.70245809375 0.495418878125 0.689575009375 0.490008334375 0.6754074890624999 0.5008255171875 0.6692538109374999 0.5068578671874999 0.663191515625 0.507838215625 0.663077290625 0.514153215625
4 0.6488439234375 0.655160203125 0.656375978125 0.6550982578125 0.6578622921874999 0.6489381390625 0.6577244531249999 0.64834109375 0.64764881875 0.644535825 0.6370858734375 0.6478129578125 0.640026409375 0.6605498203125 0.6439092515625 0.6624151515625 0.6458297328125 0.6619717734375 0.6488439234375 0.655160203125
4 0.5881934828125 0.516521734375 0.5954614203124999 0.5148437984374999 0.6008909390625 0.51181375625 0.6065209625 0.5122905015625 0.6126284203125001 0.510880484375 0.625495328125 0.501795459375 0.6250956171875 0.5000641234375001 0.61524173125 0.4963426015625 0.5982941 0.4910319484375 0.59627453125 0.504075459375 0.5937259421875 0.5080177828125 0.5885592046875 0.5087913765625001 0.5881934828125 0.516521734375
4 0.681185728125 0.5531609734375 0.6847608921874999 0.5712001984375 0.689195896875 0.5701762968749999 0.689295621875 0.5628202734375 0.686531040625 0.55084555625 0.681185728125 0.5531609734375
4 0.7157180953125 0.5335847625000001 0.722018434375 0.5321302140624999 0.7201251625 0.526317984375 0.7237074078125 0.5254909578125 0.7235231140625 0.5192448781250001 0.7274724109374999 0.5145599328125 0.7251984734375 0.5087962859374999 0.725776228125 0.505510525 0.7236342578125 0.496232628125 0.7197316812500001 0.49328871875 0.708869703125 0.49118474375 0.708067059375 0.5026895796875 0.7127301828125 0.5188019296874999 0.7120194296875 0.5307047921875 0.7157180953125 0.5335847625000001
4 0.7493260171875 0.5727860875 0.7447224421875 0.567214409375 0.7402446406250001 0.568248190625 0.734917990625 0.5778627828125 0.7453205078125 0.5779766234375 0.7498808140625 0.5751891812500001 0.7493260171875 0.5727860875
4 0.720024559375 0.5708947296875 0.7143226796875 0.5735043140625 0.708559415625 0.5798657703125001 0.7222683375 0.5881985249999999 0.7236736578125 0.5878740812500001 0.7237593125 0.587071725 0.720024559375 0.5708947296875
4 0.720441425 0.607863503125 0.7214503359375 0.604854265625 0.7179819265625 0.5898309390625001 0.7164524265625001 0.5843635984375 0.7125254609375 0.582335515625 0.7101835015625 0.58581089375 0.715282725 0.59972635 0.719818096875 0.6080074109375 0.720441425 0.607863503125
4 0.731560284375 0.5977763609375 0.7400008031249999 0.609762265625 0.740812565625 0.60957485625 0.743558140625 0.6033703140625 0.743423453125 0.6027869171875 0.731560284375 0.5977763609375
4 0.546044290625 0.5813584921875 0.5441390328125 0.573105915625 0.540694371875 0.573473359375 0.5361937234374999 0.5757701421875 0.5409810796875 0.5851511828125 0.5428598890624999 0.584717425 0.5458849765625 0.5823368203125 0.546044290625 0.5813584921875
4 0.6644646921875 0.5795438296875 0.6735817515625 0.5849853453125 0.67456721875 0.582376015625 0.674083909375 0.5802825765625 0.6615018234375001 0.57351999375 0.6607448687499999 0.5824988296875 0.668649459375 0.59416301875 0.6702540031249999 0.5937925796875 0.6739498296875001 0.5920274796875 0.6644646921875 0.5795438296875
4 0.5794719203125 0.8248228984375 0.584352728125 0.823696075 0.5822288796875 0.814496675 0.5790251453125 0.8111749093749999 0.5738584109375 0.8119485015624999 0.5660968828125 0.8137403921875 0.5731705015624999 0.8225883671875 0.5794719203125 0.8248228984375
4 0.6902334109375 0.5808422984375 0.6855027781249999 0.5794189984375 0.6865135875 0.5837972953125 0.6981305234375 0.5871965296874999 0.6979824390625 0.5865551046874999 0.6902334109375 0.5808422984375
4 0.7061255234375 0.5886291 0.70790209375 0.5878461203125 0.7058948078125 0.5791516046875 0.70359824375 0.5749583453125 0.7061255234375 0.5886291
4 0.6787068140625 0.6906039984375 0.676788440625 0.688499996875 0.6755098671875001 0.688795178125 0.6634222765625 0.6970254828125 0.666775228125 0.7004333296875 0.6676987421875 0.7002201203125 0.67276829375 0.6952870265625 0.67919605 0.6927231109374999 0.6787068140625 0.6906039984375
4 0.6960400859375 0.6026910359375 0.6942560234374999 0.5962692781250001 0.6939372484375 0.5963428734375 0.6889903375 0.603480115625 0.692778 0.6094393078125 0.6938514984374999 0.609191471875 0.69788290625 0.6069618453125 0.6970269109375 0.6032541250000001 0.6960400859375 0.6026910359375
4 0.6179969421875 0.5208662640624999 0.618448165625 0.520762090625 0.6220747078125 0.5148310484375 0.6159081328125 0.514934103125 0.6144416515625 0.5152726671875001 0.6179969421875 0.5208662640624999
4 0.616537678125 0.5949687703125 0.6165148953124999 0.5948700890625 0.6128919625 0.58625959375 0.6087909421875 0.5891977890625 0.6098431 0.5937551875 0.610160103125 0.5948558890625 0.6138939125 0.59557913125 0.616537678125 0.5949687703125
4 0.69103406875 0.6948327359375 0.690657496875 0.6949196734374999 0.6888059015625 0.6996181734375 0.688953784375 0.7002587218749999 0.702346765625 0.70344619375 0.7025097828125 0.703408559375 0.7024776203124999 0.7032692468749999 0.69103406875 0.6948327359375
4 0.800310753125 0.6963818703125 0.79421675 0.6966687390625 0.7939754437500001 0.6967244484374999 0.796558240625 0.7079117734375 0.803824840625 0.7152973390625 0.80385158125 0.715291165625 0.8004715750000001 0.7060673421875 0.8006981625 0.6980599171875 0.800310753125 0.6963818703125
4 0.8914908703125001 0.726799890625 0.8922070234374999 0.726292709375 0.8888011875 0.7115404109375 0.88551893125 0.7118281890625 0.8914908703125001 0.726799890625
4 0.6170844515625 0.3194988859375 0.610375671875 0.322922528125 0.6126953 0.3261601765625 0.6159527984375 0.32890617187500004 0.6162956312500001 0.32882702343750003 0.6179425859375 0.32321587812499997 0.6170844515625 0.3194988859375
4 0.6845486468749999 0.5978265140625 0.6749209875 0.5959616265625 0.6744163484375 0.6019475171875001 0.6768317703125 0.601895584375 0.6850500312500001 0.5999982484374999 0.6845486468749999 0.5978265140625
4 0.6721370734375001 0.6065796828125001 0.6711402453125 0.6043729718749999 0.6687297515624999 0.6116373484375 0.6702111859375 0.6146492671875 0.672643246875 0.6140877812500001 0.6733002703125 0.6116180375 0.6721370734375001 0.6065796828125001
4 0.6873302015625 0.662309896875 0.68675651875 0.6666347625 0.6914876640625 0.673508084375 0.6926731546875 0.674693353125 0.69084148125 0.666759503125 0.6873302015625 0.662309896875
4 0.7001963203125 0.6802450171875 0.7074128859375 0.6829704984375 0.706969125 0.6810483609375 0.7027427171875 0.674489978125 0.7024599953124999 0.6745552499999999 0.7001963203125 0.6802450171875
4 0.6558745671875 0.40416587187499997 0.65540569375 0.4038374078125 0.647621834375 0.4123423234375 0.6535919609375 0.413225296875 0.6577447546874999 0.4122665484375 0.6558745671875 0.40416587187499997
4 0.680053646875 0.446383375 0.6734951859375 0.4457593828125 0.673734615625 0.44679646249999994 0.677451475 0.4526176984375 0.6775061328125 0.4526050796875 0.68027939375 0.4473611953125 0.680053646875 0.446383375
4 0.31844394375 0.51067675625 0.326182625 0.5101478671875 0.32588227187499996 0.5029224015625 0.3256306828125 0.5018326515625 0.31534298125000004 0.5013308656250001 0.300208075 0.5097964796875 0.30030894375 0.5102333953125 0.3063634234375 0.5174433234375 0.31038340937500003 0.5165152359375 0.31844394375 0.51067675625
4 0.7742790390625001 0.8255088109375001 0.765779753125 0.8347291515625 0.774809546875 0.8326444578125001 0.7809434265624999 0.8278173765625001 0.780906534375 0.8276575796874999 0.7742790390625001 0.8255088109375001
4 0.8898488234374999 0.6466186671874999 0.886525890625 0.6446532671874999 0.8796609484375001 0.657138453125 0.8813208093749999 0.6589195796875 0.889778290625 0.6569670171875 0.890915425 0.651238625 0.8898488234374999 0.6466186671874999
4 0.5998836984375 0.3422376171875 0.599298709375 0.33970375 0.5932322921875001 0.343773215625 0.5998836984375 0.3422376171875
4 0.8245692734375 0.1636804515625 0.8288744875 0.17711891562499998 0.82984095 0.176895790625 0.8337692171875 0.174494675 0.8326436328125 0.1696192328125 0.8248025562500001 0.16362659375 0.8245692734375 0.1636804515625
4 0.8414647328125 0.1773879859375 0.8487120921875 0.162813865625 0.848688475 0.16271156874999998 0.8354699453125001 0.1636792859375 0.8414647328125 0.1773879859375
4 0.8447821359375001 0.14579135468749999 0.8442872328125001 0.143647696875 0.8376644734375001 0.143017584375 0.8365698968749999 0.14327028749999998 0.8306197296875 0.1481865859375 0.8270842 0.157387665625 0.833607490625 0.163197415625 0.8339905906249999 0.16310896875 0.8396220484375 0.154493075 0.8447821359375001 0.14579135468749999
4 0.8583741093749999 0.1421510625 0.85823928125 0.1415670578125 0.8492195109375 0.140428503125 0.8481585265625 0.146524203125 0.8483675296875001 0.1474294921875 0.8526575453125 0.1475741625 0.8563517328125 0.146721290625 0.8583741093749999 0.1421510625
4 0.69854796875 0.9292884062500001 0.6930610140625 0.9252832015625 0.692724321875 0.925360934375 0.6893166875000001 0.9301618906250001 0.6948046265625 0.9345022593750001 0.7085688984375 0.9313245265625 0.7093357109375 0.92746165625 0.7092812140625 0.9272256062500001 0.69854796875 0.9292884062500001