8 0.23452986406249998 0.3592591671875 0.1956054328125 0.35356285781249996 0.21938469375 0.38704824531250004 0.26512198593749997 0.4569689875 0.40870215468750004 0.6782948609375 0.42626826093750003 0.6776814390625 0.4289113234375 0.677027903125 0.5080414453125 0.5873526984375 0.5747749078125 0.4922450546875 0.5746353546875 0.488248775 0.507168171875 0.390147659375 0.39858557656250004 0.22877473125 0.3675213796875 0.20708923437500001 0.3564704234375 0.20747514374999998 0.23753576562499998 0.36268198906250004 0.23452986406249998 0.3592591671875
12 0.22894747343750002 0.5954552453125 0.241013615625 0.5950338859375 0.2714355671875 0.5809410765624999 0.270408 0.5515154 0.25559664843749996 0.54323136875 0.23405351093750001 0.5462286296875 0.21289120156250002 0.573907121875 0.21442796406250003 0.5834747015625 0.2268649296875 0.5952273046875 0.22894747343750002 0.5954552453125
12 0.24102437656250003 0.699784821875 0.2531638875 0.6993609015625 0.266061803125 0.697407175 0.2750827453125 0.685382578125 0.274816246875 0.6777510546875 0.2603013234375 0.5943603453125 0.2600883390625 0.5943677828125 0.2468892578125 0.5960914921875 0.237764215625 0.5951473578125 0.2342608625 0.5952696984375 0.22746352343749998 0.597731978125 0.226083871875 0.606439278125 0.22721896875 0.63205629375 0.22906461406249998 0.68490869375 0.2365572515625 0.6997203296875 0.24102437656250003 0.699784821875
12 0.2774009515625 0.671695303125 0.27813336093749996 0.6857808859375 0.27708877187500003 0.6903072796874999 0.2897878359375 0.6889016921875 0.2916367796875 0.6798572968750001 0.29287101875 0.66698586875 0.297323175 0.6498328625 0.3158435359375 0.5990191593749999 0.31560391875 0.592157421875 0.3144169390625 0.5883013796875 0.2998348625 0.5839999734375 0.279448175 0.5856740171875 0.2737724546875 0.602228334375 0.2737622890625 0.6294888875 0.2774009515625 0.671695303125
12 0.2916970203125 0.6187302171875 0.3437619453125 0.682126075 0.3499358015625 0.6819104796875 0.3546425609375 0.6803352203124999 0.354254678125 0.6692277078125 0.3477353125 0.6530133421875 0.3232625359375 0.59966826875 0.31639045 0.5957390375 0.301607540625 0.5994623531250001 0.290126696875 0.6082016828125 0.2916970203125 0.6187302171875
12 0.2563073125 0.760225775 0.280223821875 0.7585587546875 0.2867836828125 0.75182505625 0.2850911546875 0.7033574328125 0.2711204390625 0.6976213875 0.2085301328125 0.70301416875 0.20368113437500002 0.71569111875 0.20701244375 0.7559840203125 0.2140179296875 0.761702553125 0.2563073125 0.760225775
12 0.19961149843749998 0.8505607421875 0.20771375781249998 0.8510394859374999 0.24433408281250002 0.8497606765624999 0.250657634375 0.7918244859375 0.2501425421875 0.7770741546875 0.2459744046875 0.7661990015625 0.2373647265625 0.7607269109375 0.22551475468749999 0.7588957640625 0.21524044375 0.7608580921875 0.20760926249999997 0.776518571875 0.19961149843749998 0.8505607421875
12 0.262316053125 0.8656592265624999 0.270031890625 0.8730867812499999 0.27243185468750003 0.8737947187499999 0.29185790625 0.873116346875 0.298201028125 0.8669717609375001 0.317932653125 0.79315790625 0.3174669984375 0.7798233171875 0.3101534328125 0.76841766875 0.29571092499999996 0.7612250171875 0.280151371875 0.763371909375 0.2564544890625 0.8424522203125001 0.25755018281250003 0.8600529078125 0.262316053125 0.8656592265624999
12 0.325425628125 0.8045352828125001 0.3250448078125 0.81773770625 0.3251173875 0.81981613125 0.330577659375 0.8280877765625 0.3737897796875 0.88432629375 0.390312015625 0.8837493249999999 0.39965643906250004 0.8776302171875001 0.40143826718750003 0.8666639171874999 0.40452164531249996 0.85508558125 0.40448446093749996 0.8540207687500001 0.40147080468749996 0.8400440015624999 0.35753288437499997 0.7803230828125 0.34809648125 0.7787283609375 0.3398111890625 0.7825454796875 0.3312355765625 0.7918247765624999 0.325425628125 0.8045352828125001
12 0.341147703125 0.782278321875 0.34679142500000004 0.7820812390625 0.35223016875 0.7800071515625 0.3617555484375 0.7703739796875 0.3696570125 0.7521215203125 0.369549471875 0.7490419703125 0.36224567812499997 0.7293062171875 0.30497263750000003 0.6941040859375 0.295083978125 0.700222153125 0.287681846875 0.7155539265625 0.28899591562500004 0.7462960234375 0.341147703125 0.782278321875
12 0.358017990625 0.6788420921875 0.3382518546875 0.69139854375 0.333978159375 0.699886196875 0.3338502875 0.716888196875 0.3406781390625 0.7333265890625 0.3498188859375 0.747118546875 0.352022128125 0.747502625 0.361250140625 0.7471803765625 0.410452709375 0.7132510562500001 0.4149564109375 0.7061839796875 0.41405054999999996 0.6802435046875 0.4044287 0.6785042265625 0.39330478125 0.669912853125 0.3948687453125 0.6595955765625 0.3766953 0.6833211968749999 0.36636505937499997 0.6836819359375 0.358017990625 0.6788420921875
12 0.4473052953125 0.6114020734375 0.44696489375 0.6223180390625 0.4513903640625 0.638840325 0.46293349375000004 0.652548390625 0.4770367390625 0.6587105890625 0.47889519218750004 0.658645690625 0.4917333453125 0.630055228125 0.5210579046875 0.595036125 0.5224934859375 0.5879304125 0.5262270671875 0.579473646875 0.5260980109375 0.5757779843749999 0.5209114703125 0.5632911265625 0.5086028828125 0.548326959375 0.49879201406250007 0.542896815625 0.48936145781249996 0.54835746875 0.47973591875 0.568898215625 0.4473052953125 0.6114020734375
12 0.51075995 0.8262054109375001 0.5168231046875 0.8355547937500001 0.5300239140625 0.8350938109375001 0.55385206875 0.827266265625 0.554909784375 0.8188107312499999 0.554270603125 0.800506978125 0.5376572046875 0.7216773921875 0.5321594375 0.715775925 0.5130522390625 0.7196502453125 0.4969845015625 0.7279083390625 0.49274435937499994 0.7373569437499999 0.51075995 0.8262054109375001
12 0.584187065625 0.3553872828125 0.5837917578125 0.39228252656249996 0.5740825796875 0.417316109375 0.5661999734375 0.4326646625 0.565664078125 0.44487028593750005 0.57240778125 0.4520110796875 0.584378221875 0.4595305890625 0.6041897765625001 0.4588387546875 0.607376546875 0.45463844218749994 0.61286795625 0.4396941 0.6172695234375001 0.4142044484375 0.6206148046875 0.3791304359375 0.628900096875 0.37531331562500003 0.6314550390625 0.3692663234375 0.6313076890625 0.36504675937500003 0.6298658765625 0.3547542671875 0.6217755687500001 0.3434912921875 0.6081097015625 0.337875059375 0.5970028171874999 0.33665937968750004 0.5926284500000001 0.3422641734375 0.584187065625 0.3553872828125
12 0.63327725625 0.3224340328125 0.615136859375 0.3333301734375 0.61049454375 0.34503778125 0.6077906578125 0.350263534375 0.613143521875 0.3657913078125 0.612814309375 0.37702759218750004 0.6151442375 0.3817568515625 0.6204294796875 0.38157228593750003 0.6277543296875 0.39157915781249997 0.6345900328125 0.3952390578125 0.639650378125 0.39506234687499997 0.6903771734374999 0.3595664609375 0.70365535625 0.3325561578125 0.703421809375 0.3258682890625 0.70153845625 0.321012425 0.6956380015625 0.3035795234375 0.6836143953125 0.2898882375 0.6673170953125 0.284684603125 0.6453499203125 0.3030906640625 0.63327725625 0.3224340328125
12 0.8386643250000001 0.42413216406250004 0.8551324749999999 0.5168831671875 0.8637104093750001 0.532639071875 0.8885975796875 0.53176999375 0.8998060999999999 0.528792871875 0.9103036171875001 0.5194464609375 0.9094540109375 0.5088927609375 0.909807715625 0.505245709375 0.9093224687499999 0.4913500421875 0.8938179249999999 0.40552933125 0.8821352296875 0.39471251406249996 0.871771428125 0.3941123015625 0.8546196953124999 0.398880459375 0.841546671875 0.41024105781250003 0.8386643250000001 0.42413216406250004
45 0.6963823671875 0.303370690625 0.6879882234375 0.29804384375000004 0.6848038609375 0.303286375 0.685860146875 0.3128707328125 0.6961962359375 0.3195653703125 0.69689891875 0.31816278750000004 0.6963823671875 0.303370690625
45 0.5132064359374999 0.5647828921875 0.5131348421874999 0.5627327125 0.5073042640625001 0.5576327578125 0.50368950625 0.5574382796874999 0.5075056078125 0.5633984734374999 0.510428346875 0.5653008359375 0.5129408390625 0.565213096875 0.5132064359374999 0.5647828921875
45 0.3062967265625 0.773348496875 0.30172364687500003 0.7646530796875 0.29549448749999996 0.7722468953125 0.30026316406250003 0.7758887796875 0.3035852078125 0.7757727703125 0.3063026953125 0.7735194234375 0.3062967265625 0.773348496875
45 0.623704575 0.4607219953125 0.623620015625 0.45830055 0.62268130625 0.45552712968750003 0.6143513984375 0.4615105875 0.6143563249999999 0.4616516796875 0.617403015625 0.46306769531249997 0.620738884375 0.4629512046875 0.623704575 0.4607219953125