0 0.6742788461538461 0.5552884615384616 0.08653846153846154 0.1466346153846154
0 0.2644230769230769 0.5132211538461539 0.06610576923076923 0.15625
0 0.3076923076923077 0.4987980769230769 0.06610576923076923 0.14543269230769232
0 0.35096153846153844 0.5048076923076923 0.056490384615384616 0.171875
0 0.39783653846153844 0.5300480769230769 0.06009615384615385 0.14543269230769232
0 0.43990384615384615 0.5204326923076923 0.054086538461538464 0.16346153846153846
0 0.4807692307692308 0.5036057692307693 0.046875 0.15745192307692307
0 0.5216346153846154 0.5036057692307693 0.051682692307692304 0.171875
0 0.5625 0.5240384615384616 0.0625 0.15745192307692307
0 0.6069711538461539 0.5252403846153846 0.054086538461538464 0.21634615384615385
0 0.2932692307692308 0.6069711538461539 0.15144230769230768 0.09495192307692307
0 0.4110576923076923 0.6189903846153846 0.11778846153846154 0.06129807692307692
0 0.5216346153846154 0.6262019230769231 0.1346153846153846 0.08173076923076923