0 0.9338942307692307 0.5961538461538461 0.1141826923076923 0.09615384615384616
0 0.9387019230769231 0.37740384615384615 0.09014423076923077 0.04567307692307692
0 0.7283653846153846 0.5637019230769231 0.10697115384615384 0.07211538461538461
0 0.5492788461538461 0.6201923076923077 0.0889423076923077 0.15985576923076922
0 0.4326923076923077 0.39302884615384615 0.7019230769230769 0.4951923076923077
0 0.12620192307692307 0.265625 0.24639423076923078 0.21754807692307693
0 0.7836538461538461 0.5144230769230769 0.2668269230769231 0.15144230769230768
0 0.22235576923076922 0.6081730769230769 0.43990384615384615 0.3581730769230769
0 0.13581730769230768 0.7199519230769231 0.27163461538461536 0.4014423076923077
0 0.3137019230769231 0.15504807692307693 0.5372596153846154 0.3076923076923077
0 0.4519230769230769 0.6514423076923077 0.13822115384615385 0.06850961538461539
0 0.45072115384615385 0.6045673076923077 0.109375 0.06129807692307692