0 0.5444711538461539 0.23798076923076922 0.16466346153846154 0.04567307692307692
0 0.43028846153846156 0.765625 0.15384615384615385 0.055288461538461536
0 0.38221153846153844 0.4050480769230769 0.07451923076923077 0.09735576923076923
0 0.4338942307692308 0.5745192307692307 0.08774038461538461 0.11658653846153846
0 0.17908653846153846 0.5024038461538461 0.08052884615384616 0.057692307692307696
0 0.052884615384615384 0.6370192307692307 0.08774038461538461 0.07211538461538461
0 0.09615384615384616 0.6442307692307693 0.10697115384615384 0.04807692307692308
0 0.07451923076923077 0.6514423076923077 0.11177884615384616 0.027644230769230768
0 0.21514423076923078 0.2764423076923077 0.028846153846153848 0.08533653846153846
0 0.7367788461538461 0.5456730769230769 0.07692307692307693 0.18629807692307693
0 0.4699519230769231 0.11899038461538461 0.20432692307692307 0.03125
0 0.4014423076923077 0.13701923076923078 0.09254807692307693 0.1778846153846154
0 0.3173076923076923 0.8449519230769231 0.11298076923076923 0.11538461538461539