0 0.5240384615384616 0.35336538461538464 0.0733173076923077 0.17307692307692307
0 0.36177884615384615 0.33533653846153844 0.10216346153846154 0.1658653846153846
0 0.2824519230769231 0.6274038461538461 0.109375 0.23557692307692307
0 0.2776442307692308 0.4543269230769231 0.1201923076923077 0.23557692307692307
0 0.25240384615384615 0.38822115384615385 0.09735576923076923 0.2247596153846154
0 0.359375 0.33533653846153844 0.0889423076923077 0.16706730769230768
0 0.15625 0.5132211538461539 0.07451923076923077 0.1971153846153846
0 0.6081730769230769 0.33533653846153844 0.0673076923076923 0.1622596153846154
0 0.6478365384615384 0.2932692307692308 0.055288461538461536 0.15745192307692307
0 0.7211538461538461 0.36899038461538464 0.08653846153846154 0.1658653846153846
0 0.7079326923076923 0.31490384615384615 0.07932692307692307 0.14543269230769232
0 0.7644230769230769 0.3762019230769231 0.054086538461538464 0.12259615384615384
0 0.17548076923076922 0.6646634615384616 0.09735576923076923 0.36538461538461536
0 0.7836538461538461 0.20793269230769232 0.27403846153846156 0.32211538461538464