0 0.46875 0.546875 0.030048076923076924 0.030048076923076924
0 0.4807692307692308 0.5420673076923077 0.03365384615384615 0.03365384615384615
0 0.4266826923076923 0.5168269230769231 0.026442307692307692 0.037259615384615384
0 0.47475961538461536 0.5084134615384616 0.03365384615384615 0.025240384615384616
0 0.5853365384615384 0.4831730769230769 0.03245192307692308 0.020432692307692308
0 0.5432692307692307 0.48677884615384615 0.030048076923076924 0.021634615384615384
0 0.47115384615384615 0.4230769230769231 0.03245192307692308 0.027644230769230768
0 0.5276442307692307 0.47115384615384615 0.030048076923076924 0.02403846153846154
0 0.5120192307692307 0.45072115384615385 0.03125 0.02403846153846154
0 0.4855769230769231 0.44350961538461536 0.018028846153846152 0.018028846153846152
0 0.4795673076923077 0.48677884615384615 0.040865384615384616 0.026442307692307692
0 0.5024038461538461 0.5192307692307693 0.038461538461538464 0.027644230769230768
0 0.4326923076923077 0.49158653846153844 0.01201923076923077 0.021634615384615384
0 0.41225961538461536 0.6201923076923077 0.014423076923076924 0.016826923076923076
0 0.3954326923076923 0.6526442307692307 0.04447115384615385 0.025240384615384616
0 0.4338942307692308 0.6514423076923077 0.010817307692307692 0.009615384615384616
0 0.4807692307692308 0.5793269230769231 0.019230769230769232 0.014423076923076924
0 0.4495192307692308 0.5817307692307693 0.046875 0.03125
0 0.39302884615384615 0.6814903846153846 0.04807692307692308 0.026442307692307692
0 0.390625 0.7463942307692307 0.042067307692307696 0.02283653846153846
0 0.3737980769230769 0.7668269230769231 0.039663461538461536 0.03485576923076923
0 0.30408653846153844 0.84375 0.03485576923076923 0.03365384615384615
0 0.3581730769230769 0.7704326923076923 0.009615384615384616 0.006009615384615385
0 0.3485576923076923 0.7920673076923077 0.009615384615384616 0.008413461538461538
0 0.35336538461538464 0.8040865384615384 0.009615384615384616 0.008413461538461538
0 0.3641826923076923 0.8641826923076923 0.015625 0.042067307692307696
0 0.3629807692307692 0.84375 0.016826923076923076 0.015625
0 0.31850961538461536 0.9002403846153846 0.03245192307692308 0.016826923076923076
0 0.34375 0.9170673076923077 0.020432692307692308 0.019230769230769232
0 0.27884615384615385 0.9050480769230769 0.020432692307692308 0.008413461538461538
0 0.22596153846153846 0.953125 0.016826923076923076 0.014423076923076924
0 0.29447115384615385 0.9939903846153846 0.010817307692307692 0.008413461538461538
0 0.2800480769230769 0.9783653846153846 0.016826923076923076 0.01201923076923077
0 0.27283653846153844 0.9903846153846154 0.018028846153846152 0.01201923076923077
0 0.5649038461538461 0.2824519230769231 0.04567307692307692 0.015625
0 0.5829326923076923 0.31490384615384615 0.019230769230769232 0.03125
0 0.5492788461538461 0.29447115384615385 0.04807692307692308 0.021634615384615384
0 0.5552884615384616 0.3161057692307692 0.038461538461538464 0.018028846153846152
0 0.6286057692307693 0.1814903846153846 0.046875 0.018028846153846152
0 0.6274038461538461 0.2512019230769231 0.016826923076923076 0.013221153846153846
0 0.6081730769230769 0.203125 0.021634615384615384 0.014423076923076924
0 0.6274038461538461 0.17067307692307693 0.013221153846153846 0.009615384615384616
0 0.6478365384615384 0.1045673076923077 0.020432692307692308 0.014423076923076924
0 0.6274038461538461 0.12860576923076922 0.016826923076923076 0.01201923076923077
0 0.6262019230769231 0.15264423076923078 0.021634615384615384 0.009615384615384616
0 0.6622596153846154 0.12620192307692307 0.021634615384615384 0.014423076923076924