0 0.453125 0.5817307692307693 0.16105769230769232 0.08052884615384616
0 0.265625 0.38461538461538464 0.1622596153846154 0.039663461538461536
0 0.18870192307692307 0.296875 0.06850961538461539 0.0673076923076923
0 0.06009615384615385 0.3473557692307692 0.0733173076923077 0.04447115384615385
0 0.17908653846153846 0.3425480769230769 0.13581730769230768 0.03245192307692308
0 0.15264423076923078 0.359375 0.10216346153846154 0.054086538461538464
0 0.25240384615384615 0.49399038461538464 0.06009615384615385 0.09495192307692307
0 0.37259615384615385 0.8149038461538461 0.19471153846153846 0.1141826923076923
0 0.27163461538461536 0.7884615384615384 0.08052884615384616 0.04807692307692308
0 0.4651442307692308 0.6394230769230769 0.04927884615384615 0.030048076923076924
0 0.47716346153846156 0.23798076923076922 0.10096153846153846 0.03485576923076923
0 0.06009615384615385 0.12139423076923077 0.04807692307692308 0.057692307692307696
0 0.02283653846153846 0.08173076923076923 0.04326923076923077 0.026442307692307692
0 0.09615384615384616 0.27524038461538464 0.1875 0.11177884615384616
0 0.9615384615384616 0.9783653846153846 0.07692307692307693 0.042067307692307696