0 0.3918269230769231 0.9519230769230769 0.07692307692307693 0.09615384615384616
0 0.4807692307692308 0.7560096153846154 0.025240384615384616 0.040865384615384616
0 0.45552884615384615 0.7788461538461539 0.025240384615384616 0.05889423076923077
0 0.4723557692307692 0.796875 0.021634615384615384 0.04567307692307692
0 0.49759615384615385 0.7992788461538461 0.02283653846153846 0.04927884615384615
0 0.5793269230769231 0.9254807692307693 0.03125 0.08774038461538461
0 0.5793269230769231 0.8557692307692307 0.039663461538461536 0.0733173076923077
0 0.5564903846153846 0.9290865384615384 0.05889423076923077 0.11177884615384616
0 0.5540865384615384 0.8509615384615384 0.03485576923076923 0.08052884615384616
0 0.5360576923076923 0.8233173076923077 0.037259615384615384 0.08173076923076923
0 0.5240384615384616 0.7764423076923077 0.020432692307692308 0.039663461538461536
0 0.5144230769230769 0.8798076923076923 0.054086538461538464 0.055288461538461536
0 0.4675480769230769 0.8894230769230769 0.06009615384615385 0.06850961538461539
0 0.46634615384615385 0.8365384615384616 0.06009615384615385 0.0625
0 0.4098557692307692 0.9507211538461539 0.03365384615384615 0.07932692307692307