0 0.7692307692307693 0.6262019230769231 0.1622596153846154 0.13942307692307693
0 0.2848557692307692 0.5612980769230769 0.07451923076923077 0.15865384615384615
0 0.2608173076923077 0.4579326923076923 0.07932692307692307 0.04567307692307692
0 0.8040865384615384 0.453125 0.08533653846153846 0.040865384615384616
0 0.09375 0.5600961538461539 0.05048076923076923 0.026442307692307692
0 0.14783653846153846 0.6646634615384616 0.2956730769230769 0.06009615384615385
0 0.23677884615384615 0.6057692307692307 0.04807692307692308 0.027644230769230768
0 0.038461538461538464 0.19110576923076922 0.04807692307692308 0.027644230769230768
0 0.19471153846153846 0.18028846153846154 0.06009615384615385 0.021634615384615384
0 0.6971153846153846 0.16947115384615385 0.055288461538461536 0.028846153846153848
0 0.5336538461538461 0.19831730769230768 0.09975961538461539 0.026442307692307692
0 0.7740384615384616 0.22596153846153846 0.036057692307692304 0.020432692307692308