0 0.44591346153846156 0.6105769230769231 0.10576923076923077 0.06971153846153846
0 0.2824519230769231 0.9471153846153846 0.11298076923076923 0.09615384615384616
0 0.16826923076923078 0.16826923076923078 0.14903846153846154 0.15865384615384615
0 0.16466346153846154 0.08173076923076923 0.11778846153846154 0.07451923076923077
0 0.4891826923076923 0.051682692307692304 0.09134615384615384 0.10336538461538461
0 0.5360576923076923 0.007211538461538462 0.04326923076923077 0.014423076923076924
0 0.9747596153846154 0.3449519230769231 0.05048076923076923 0.08413461538461539
0 0.5721153846153846 0.12980769230769232 0.07451923076923077 0.10576923076923077
0 0.7463942307692307 0.3641826923076923 0.13942307692307693 0.16346153846153846
0 0.6454326923076923 0.008413461538461538 0.06971153846153846 0.016826923076923076
0 0.9831730769230769 0.9026442307692307 0.03365384615384615 0.09615384615384616