0 0.22956730769230768 0.8377403846153846 0.12259615384615384 0.17067307692307693
0 0.328125 0.9603365384615384 0.11778846153846154 0.07932692307692307
0 0.6201923076923077 0.6622596153846154 0.07932692307692307 0.09615384615384616
0 0.6418269230769231 0.6045673076923077 0.03365384615384615 0.03365384615384615
0 0.6442307692307693 0.5757211538461539 0.07211538461538461 0.038461538461538464
0 0.7235576923076923 0.4879807692307692 0.06490384615384616 0.040865384615384616
0 0.6826923076923077 0.421875 0.028846153846153848 0.04807692307692308
0 0.6670673076923077 0.41466346153846156 0.03125 0.055288461538461536
0 0.7572115384615384 0.3762019230769231 0.0673076923076923 0.0673076923076923
0 0.7115384615384616 0.3485576923076923 0.0673076923076923 0.06971153846153846
0 0.6887019230769231 0.375 0.026442307692307692 0.036057692307692304
0 0.6586538461538461 0.38100961538461536 0.0673076923076923 0.07932692307692307
0 0.5733173076923077 0.2548076923076923 0.04326923076923077 0.055288461538461536
0 0.6394230769230769 0.171875 0.04326923076923077 0.040865384615384616
0 0.7259615384615384 0.25600961538461536 0.038461538461538464 0.03125
0 0.6911057692307693 0.7127403846153846 0.07451923076923077 0.13221153846153846
0 0.6814903846153846 0.84375 0.07692307692307693 0.14423076923076922
0 0.7584134615384616 0.8076923076923077 0.13701923076923078 0.14182692307692307
0 0.7668269230769231 0.9074519230769231 0.20673076923076922 0.18509615384615385