0 0.6514423076923077 0.6826923076923077 0.12740384615384615 0.22596153846153846
0 0.4699519230769231 0.8233173076923077 0.18509615384615385 0.17427884615384615
0 0.28125 0.8293269230769231 0.23076923076923078 0.2800480769230769
0 0.5228365384615384 0.33052884615384615 0.18028846153846154 0.20552884615384615
0 0.46634615384615385 0.4951923076923077 0.15264423076923078 0.13581730769230768
0 0.8834134615384616 0.8413461538461539 0.12620192307692307 0.16706730769230768
0 0.9435096153846154 0.5192307692307693 0.10216346153846154 0.09254807692307693
0 0.9591346153846154 0.2920673076923077 0.04807692307692308 0.09134615384615384
0 0.8774038461538461 0.3954326923076923 0.09615384615384616 0.11057692307692307
0 0.7427884615384616 0.3786057692307692 0.052884615384615384 0.06490384615384616
0 0.8473557692307693 0.08052884615384616 0.08413461538461539 0.06610576923076923
0 0.359375 0.8173076923076923 0.057692307692307696 0.057692307692307696
0 0.8786057692307693 0.051682692307692304 0.06610576923076923 0.046875
0 0.9795673076923077 0.030048076923076924 0.040865384615384616 0.06009615384615385
0 0.8846153846153846 0.016826923076923076 0.08413461538461539 0.03365384615384615
0 0.6370192307692307 0.1778846153846154 0.05889423076923077 0.051682692307692304
0 0.43509615384615385 0.5805288461538461 0.04807692307692308 0.055288461538461536
0 0.9519230769230769 0.7944711538461539 0.09615384615384616 0.10216346153846154