0 0.03365384615384615 0.38341346153846156 0.0673076923076923 0.11298076923076923
0 0.3389423076923077 0.39903846153846156 0.03365384615384615 0.06971153846153846
0 0.32211538461538464 0.49158653846153844 0.07692307692307693 0.09134615384615384
0 0.6790865384615384 0.5973557692307693 0.0985576923076923 0.06971153846153846
0 0.5300480769230769 0.53125 0.06971153846153846 0.06490384615384616
0 0.6778846153846154 0.5120192307692307 0.09134615384615384 0.1201923076923077
0 0.828125 0.4338942307692308 0.11538461538461539 0.125
0 0.6923076923076923 0.23798076923076922 0.10336538461538461 0.125
0 0.7824519230769231 0.18389423076923078 0.038461538461538464 0.05048076923076923
0 0.8353365384615384 0.17067307692307693 0.0625 0.07692307692307693
0 0.9338942307692307 0.265625 0.038461538461538464 0.038461538461538464
0 0.90625 0.26322115384615385 0.038461538461538464 0.0673076923076923
0 0.8725961538461539 0.22596153846153846 0.04326923076923077 0.07692307692307693
0 0.8521634615384616 0.20192307692307693 0.038461538461538464 0.03125