0 0.13341346153846154 0.6670673076923077 0.12259615384615384 0.10096153846153846
0 0.3798076923076923 0.4014423076923077 0.07932692307692307 0.11538461538461539
0 0.29086538461538464 0.6682692307692307 0.06971153846153846 0.06009615384615385
0 0.7716346153846154 0.6418269230769231 0.15384615384615385 0.1778846153846154
0 0.8125 0.4723557692307692 0.04567307692307692 0.055288461538461536
0 0.8822115384615384 0.5757211538461539 0.11538461538461539 0.09134615384615384
0 0.9519230769230769 0.5096153846153846 0.09615384615384616 0.1346153846153846
0 0.9675480769230769 0.38822115384615385 0.06490384615384616 0.10336538461538461
0 0.7776442307692307 0.234375 0.11298076923076923 0.12980769230769232
0 0.7824519230769231 0.37740384615384615 0.11538461538461539 0.09615384615384616
0 0.7860576923076923 0.12259615384615384 0.036057692307692304 0.038461538461538464
0 0.8617788461538461 0.20192307692307693 0.03365384615384615 0.038461538461538464
0 0.9483173076923077 0.21394230769230768 0.057692307692307696 0.052884615384615384
0 0.9519230769230769 0.1778846153846154 0.08533653846153846 0.057692307692307696
0 0.9795673076923077 0.2091346153846154 0.040865384615384616 0.055288461538461536
0 0.9591346153846154 0.1346153846153846 0.08173076923076923 0.08413461538461539
0 0.9699519230769231 0.0985576923076923 0.05889423076923077 0.054086538461538464
0 0.9519230769230769 0.078125 0.039663461538461536 0.046875
0 0.90625 0.0733173076923077 0.0625 0.030048076923076924
0 0.9375 0.03125 0.07211538461538461 0.0625
0 0.890625 0.025240384615384616 0.046875 0.038461538461538464