0 0.7367788461538461 0.3016826923076923 0.1971153846153846 0.22115384615384615
0 0.7115384615384616 0.4951923076923077 0.1658653846153846 0.13221153846153846
0 0.9086538461538461 0.2980769230769231 0.06009615384615385 0.06610576923076923
0 0.7908653846153846 0.09014423076923077 0.06129807692307692 0.0625
0 0.7019230769230769 0.6021634615384616 0.057692307692307696 0.07932692307692307
0 0.9350961538461539 0.6538461538461539 0.12980769230769232 0.21394230769230768
0 0.7776442307692307 0.8173076923076923 0.17548076923076922 0.18028846153846154
0 0.5853365384615384 0.8689903846153846 0.23557692307692307 0.2620192307692308
0 0.021634615384615384 0.71875 0.04326923076923077 0.11538461538461539
0 0.03245192307692308 0.59375 0.06490384615384616 0.12740384615384615
0 0.9831730769230769 0.020432692307692308 0.03245192307692308 0.040865384615384616