0 0.38221153846153844 0.09254807692307693 0.08653846153846154 0.09615384615384616
0 0.10096153846153846 0.30288461538461536 0.10817307692307693 0.09615384615384616
0 0.2692307692307692 0.32572115384615385 0.09375 0.04807692307692308
0 0.7824519230769231 0.35336538461538464 0.0889423076923077 0.09375
0 0.08052884615384616 0.7584134615384616 0.09615384615384616 0.13701923076923078
0 0.09615384615384616 0.8221153846153846 0.13942307692307693 0.11057692307692307
0 0.09254807692307693 0.9182692307692307 0.07451923076923077 0.13701923076923078
0 0.7007211538461539 0.4699519230769231 0.09615384615384616 0.052884615384615384
0 0.6634615384615384 0.5180288461538461 0.057692307692307696 0.0673076923076923
0 0.5192307692307693 0.49158653846153844 0.21634615384615385 0.2091346153846154
0 0.26802884615384615 0.5709134615384616 0.07211538461538461 0.08413461538461539
0 0.33653846153846156 0.4951923076923077 0.038461538461538464 0.04567307692307692
0 0.02403846153846154 0.7632211538461539 0.04807692307692308 0.1466346153846154
0 0.4879807692307692 0.1658653846153846 0.08173076923076923 0.09375