0 0.6838942307692307 0.9206730769230769 0.10096153846153846 0.15865384615384615
0 0.6430288461538461 0.9795673076923077 0.06971153846153846 0.040865384615384616
0 0.6225961538461539 0.7199519230769231 0.055288461538461536 0.06971153846153846
0 0.734375 0.5264423076923077 0.11778846153846154 0.15625
0 0.7307692307692307 0.33533653846153844 0.23076923076923078 0.3125
0 0.6117788461538461 0.5492788461538461 0.1346153846153846 0.18028846153846154
0 0.6213942307692307 0.4362980769230769 0.13701923076923078 0.13221153846153846
0 0.5949519230769231 0.3076923076923077 0.15865384615384615 0.20432692307692307
0 0.49399038461538464 0.3762019230769231 0.12259615384615384 0.11538461538461539
0 0.4074519230769231 0.4723557692307692 0.11298076923076923 0.13221153846153846
0 0.31850961538461536 0.38221153846153844 0.06009615384615385 0.12259615384615384
0 0.3425480769230769 0.4014423076923077 0.04807692307692308 0.06490384615384616
0 0.23197115384615385 0.16706730769230768 0.05048076923076923 0.11778846153846154
0 0.12259615384615384 0.2403846153846154 0.06490384615384616 0.11538461538461539
0 0.10336538461538461 0.21995192307692307 0.0625 0.11778846153846154
0 0.052884615384615384 0.21995192307692307 0.10576923076923077 0.14182692307692307
0 0.038461538461538464 0.14423076923076922 0.07692307692307693 0.057692307692307696
0 0.06971153846153846 0.037259615384615384 0.08413461538461539 0.07451923076923077
0 0.03485576923076923 0.0733173076923077 0.06971153846153846 0.1466346153846154