0 0.4110576923076923 0.2980769230769231 0.08653846153846154 0.09375
0 0.44471153846153844 0.13701923076923078 0.06971153846153846 0.08653846153846154
0 0.7776442307692307 0.42427884615384615 0.09615384615384616 0.09134615384615384
0 0.8064903846153846 0.3389423076923077 0.13221153846153846 0.14903846153846154
0 0.6105769230769231 0.06850961538461539 0.13221153846153846 0.06490384615384616
0 0.7487980769230769 0.09375 0.10096153846153846 0.09134615384615384
0 0.8173076923076923 0.15264423076923078 0.1346153846153846 0.13701923076923078
0 0.8677884615384616 0.05889423076923077 0.09134615384615384 0.09375
0 0.7752403846153846 0.055288461538461536 0.14903846153846154 0.10096153846153846
0 0.9122596153846154 0.19110576923076922 0.07932692307692307 0.04567307692307692
0 0.8617788461538461 0.2091346153846154 0.11298076923076923 0.11298076923076923
0 0.9399038461538461 0.5492788461538461 0.1201923076923077 0.13701923076923078