0 0.53125 0.24158653846153846 0.09134615384615384 0.078125
0 0.4567307692307692 0.16466346153846154 0.06971153846153846 0.0889423076923077
0 0.15985576923076922 0.6538461538461539 0.08173076923076923 0.14903846153846154
0 0.2848557692307692 0.6887019230769231 0.10216346153846154 0.051682692307692304
0 0.42788461538461536 0.4206730769230769 0.028846153846153848 0.03125
0 0.24879807692307693 0.7800480769230769 0.0985576923076923 0.09495192307692307
0 0.3473557692307692 0.45072115384615385 0.06490384615384616 0.08052884615384616
0 0.9639423076923077 0.6526442307692307 0.07211538461538461 0.14182692307692307
0 0.27163461538461536 0.7319711538461539 0.12259615384615384 0.06610576923076923
0 0.6177884615384616 0.4338942307692308 0.08413461538461539 0.0673076923076923
0 0.2704326923076923 0.26802884615384615 0.0829326923076923 0.08533653846153846
0 0.6706730769230769 0.28365384615384615 0.1045673076923077 0.08533653846153846