0 0.12139423076923077 0.8088942307692307 0.125 0.09375
0 0.3137019230769231 0.7908653846153846 0.07932692307692307 0.07932692307692307
0 0.3473557692307692 0.4411057692307692 0.08533653846153846 0.07932692307692307
0 0.8112980769230769 0.7295673076923077 0.16346153846153846 0.19230769230769232
0 0.9254807692307693 0.6634615384615384 0.10096153846153846 0.09375
0 0.9639423076923077 0.6021634615384616 0.07211538461538461 0.11778846153846154
0 0.8377403846153846 0.5528846153846154 0.04326923076923077 0.055288461538461536
0 0.7872596153846154 0.4519230769230769 0.1201923076923077 0.09375
0 0.9639423076923077 0.4831730769230769 0.07211538461538461 0.09134615384615384
0 0.7884615384615384 0.3161057692307692 0.10336538461538461 0.11778846153846154
0 0.7824519230769231 0.22115384615384615 0.038461538461538464 0.036057692307692304
0 0.8653846153846154 0.28125 0.04567307692307692 0.03365384615384615
0 0.9567307692307693 0.31490384615384615 0.06490384615384616 0.03365384615384615
0 0.9326923076923077 0.2932692307692308 0.07091346153846154 0.037259615384615384
0 0.9375 0.2776442307692308 0.07932692307692307 0.051682692307692304
0 0.9639423076923077 0.25841346153846156 0.07211538461538461 0.06129807692307692
0 0.9362980769230769 0.22355769230769232 0.07692307692307693 0.05048076923076923
0 0.9543269230769231 0.203125 0.07572115384615384 0.06009615384615385
0 0.8990384615384616 0.171875 0.052884615384615384 0.02403846153846154
0 0.9110576923076923 0.13701923076923078 0.08774038461538461 0.06850961538461539
0 0.8701923076923077 0.13221153846153846 0.04567307692307692 0.03485576923076923
0 0.8605769230769231 0.0889423076923077 0.042067307692307696 0.039663461538461536