0 0.7175480769230769 0.43509615384615385 0.25961538461538464 0.22596153846153846
0 0.7764423076923077 0.16706730769230768 0.06129807692307692 0.06610576923076923
0 0.5877403846153846 0.23197115384615385 0.15264423076923078 0.18629807692307693
0 0.5072115384615384 0.35216346153846156 0.16826923076923078 0.1502403846153846
0 0.6286057692307693 0.5925480769230769 0.14903846153846154 0.21634615384615385
0 0.4483173076923077 0.625 0.2127403846153846 0.13581730769230768
0 0.9002403846153846 0.8269230769230769 0.17307692307692307 0.18028846153846154
0 0.03245192307692308 0.25961538461538464 0.06490384615384616 0.07211538461538461
0 0.96875 0.09735576923076923 0.0625 0.06009615384615385
0 0.8269230769230769 0.3389423076923077 0.057692307692307696 0.055288461538461536
0 0.9507211538461539 0.3701923076923077 0.0985576923076923 0.1346153846153846
0 0.2860576923076923 0.5637019230769231 0.2536057692307692 0.21754807692307693
0 0.9711538461538461 0.47716346153846156 0.057692307692307696 0.09375