0 0.3858173076923077 0.9074519230769231 0.21153846153846154 0.18509615384615385
0 0.5552884615384616 0.8185096153846154 0.1346153846153846 0.22115384615384615
0 0.453125 0.6382211538461539 0.04807692307692308 0.0625
0 0.44591346153846156 0.5264423076923077 0.16346153846153846 0.13942307692307693
0 0.42908653846153844 0.3425480769230769 0.18028846153846154 0.20673076923076922
0 0.6021634615384616 0.29086538461538464 0.04567307692307692 0.04807692307692308
0 0.7163461538461539 0.25841346153846156 0.09134615384615384 0.07451923076923077
0 0.7427884615384616 0.10216346153846154 0.028846153846153848 0.06490384615384616
0 0.765625 0.039663461538461536 0.057692307692307696 0.052884615384615384
0 0.6141826923076923 0.014423076923076924 0.06009615384615385 0.028846153846153848
0 0.8689903846153846 0.2247596153846154 0.06971153846153846 0.0889423076923077
0 0.8305288461538461 0.3605769230769231 0.08173076923076923 0.0625
0 0.9290865384615384 0.3762019230769231 0.0889423076923077 0.11057692307692307
0 0.9651442307692307 0.2920673076923077 0.06971153846153846 0.0625
0 0.9122596153846154 0.5036057692307693 0.04567307692307692 0.052884615384615384
0 0.8689903846153846 0.6213942307692307 0.09134615384615384 0.15384615384615385
0 0.4579326923076923 0.13942307692307693 0.040865384615384616 0.054086538461538464
0 0.6550480769230769 0.5985576923076923 0.13221153846153846 0.1814903846153846