0 0.24278846153846154 0.15985576923076922 0.08173076923076923 0.07451923076923077
0 0.3557692307692308 0.6310096153846154 0.0889423076923077 0.06971153846153846
0 0.5096153846153846 0.7896634615384616 0.13221153846153846 0.17067307692307693
0 0.8137019230769231 0.4675480769230769 0.16826923076923078 0.19230769230769232
0 0.9158653846153846 0.3713942307692308 0.125 0.11298076923076923
0 0.8137019230769231 0.3605769230769231 0.0889423076923077 0.10336538461538461
0 0.7620192307692307 0.3449519230769231 0.06971153846153846 0.08413461538461539
0 0.7560096153846154 0.2920673076923077 0.03365384615384615 0.04326923076923077
0 0.7403846153846154 0.27524038461538464 0.0625 0.04567307692307692
0 0.7019230769230769 0.08533653846153846 0.06009615384615385 0.04807692307692308
0 0.6646634615384616 0.15144230769230768 0.04326923076923077 0.04326923076923077
0 0.6682692307692307 0.16826923076923078 0.04807692307692308 0.038461538461538464
0 0.6322115384615384 0.12980769230769232 0.07451923076923077 0.08413461538461539
0 0.6490384615384616 0.08173076923076923 0.06009615384615385 0.06009615384615385
0 0.5973557692307693 0.010817307692307692 0.040865384615384616 0.021634615384615384
0 0.5120192307692307 0.0625 0.040865384615384616 0.04807692307692308