0 0.9350961538461539 0.6610576923076923 0.12980769230769232 0.19230769230769232
0 0.5480769230769231 0.4326923076923077 0.07572115384615384 0.06129807692307692
0 0.5997596153846154 0.2776442307692308 0.08774038461538461 0.06971153846153846
0 0.4579326923076923 0.24158653846153846 0.0829326923076923 0.07211538461538461
0 0.37740384615384615 0.16346153846153846 0.04927884615384615 0.08533653846153846
0 0.1875 0.2824519230769231 0.1045673076923077 0.0829326923076923
0 0.2644230769230769 0.45913461538461536 0.06971153846153846 0.06610576923076923
0 0.08173076923076923 0.6887019230769231 0.07932692307692307 0.15264423076923078
0 0.2091346153846154 0.7175480769230769 0.1141826923076923 0.054086538461538464
0 0.19110576923076922 0.7644230769230769 0.10817307692307693 0.06850961538461539
0 0.16947115384615385 0.8197115384615384 0.09254807692307693 0.09254807692307693
0 0.34975961538461536 0.42908653846153844 0.027644230769230768 0.030048076923076924