0 0.3016826923076923 0.5144230769230769 0.17067307692307693 0.21875
0 0.45913461538461536 0.5384615384615384 0.12980769230769232 0.19230769230769232
0 0.44591346153846156 0.29447115384615385 0.10096153846153846 0.11778846153846154
0 0.6081730769230769 0.17307692307692307 0.07692307692307693 0.09134615384615384
0 0.6682692307692307 0.18870192307692307 0.09615384615384616 0.10096153846153846
0 0.6177884615384616 0.23317307692307693 0.06490384615384616 0.0673076923076923
0 0.5420673076923077 0.3004807692307692 0.052884615384615384 0.0889423076923077
0 0.6213942307692307 0.07692307692307693 0.06009615384615385 0.04807692307692308
0 0.5697115384615384 0.05889423076923077 0.038461538461538464 0.04567307692307692
0 0.6706730769230769 0.5048076923076923 0.09615384615384616 0.06490384615384616
0 0.6899038461538461 0.5336538461538461 0.04567307692307692 0.06490384615384616
0 0.9879807692307693 0.7992788461538461 0.02403846153846154 0.07932692307692307