0 0.5360576923076923 0.24278846153846154 0.171875 0.18990384615384615
0 0.9050480769230769 0.32211538461538464 0.10697115384615384 0.1141826923076923
0 0.8894230769230769 0.7632211538461539 0.14783653846153846 0.1778846153846154
0 0.6442307692307693 0.6057692307692307 0.14783653846153846 0.21634615384615385
0 0.47716346153846156 0.39663461538461536 0.16947115384615385 0.13822115384615385
0 0.7728365384615384 0.30528846153846156 0.06370192307692307 0.05889423076923077
0 0.9555288461538461 0.43509615384615385 0.0889423076923077 0.09375
0 0.8870192307692307 0.02283653846153846 0.07932692307692307 0.04567307692307692
0 0.296875 0.6995192307692307 0.23317307692307693 0.27403846153846156
0 0.4735576923076923 0.7043269230769231 0.20192307692307693 0.1622596153846154
0 0.7127403846153846 0.07692307692307693 0.05048076923076923 0.08052884615384616
0 0.6850961538461539 0.11778846153846154 0.055288461538461536 0.05048076923076923
0 0.9651442307692307 0.7211538461538461 0.06971153846153846 0.09735576923076923