0 0.4230769230769231 0.39663461538461536 0.10096153846153846 0.14903846153846154
0 0.7692307692307693 0.3798076923076923 0.12740384615384615 0.08413461538461539
0 0.7776442307692307 0.421875 0.07451923076923077 0.08413461538461539
0 0.7608173076923077 0.5528846153846154 0.1466346153846154 0.1971153846153846
0 0.8990384615384616 0.921875 0.20192307692307693 0.15625
0 0.9471153846153846 0.6177884615384616 0.10576923076923077 0.21153846153846154
0 0.9819711538461539 0.2800480769230769 0.036057692307692304 0.09134615384615384
0 0.7932692307692307 0.08052884615384616 0.05048076923076923 0.0985576923076923
0 0.7560096153846154 0.1045673076923077 0.052884615384615384 0.0985576923076923
0 0.7079326923076923 0.030048076923076924 0.11538461538461539 0.06009615384615385
0 0.7848557692307693 0.026442307692307692 0.0625 0.052884615384615384