0 0.37740384615384615 0.5 0.1346153846153846 0.125
0 0.6598557692307693 0.4375 0.11298076923076923 0.08413461538461539
0 0.7848557692307693 0.2920673076923077 0.09375 0.07451923076923077
0 0.8461538461538461 0.18629807692307693 0.0625 0.04567307692307692
0 0.7896634615384616 0.18389423076923078 0.05048076923076923 0.03365384615384615
0 0.7752403846153846 0.140625 0.04567307692307692 0.038461538461538464
0 0.9555288461538461 0.29927884615384615 0.07692307692307693 0.0673076923076923
0 0.9086538461538461 0.2860576923076923 0.06971153846153846 0.0673076923076923
0 0.8569711538461539 0.29927884615384615 0.07211538461538461 0.08173076923076923
0 0.8918269230769231 0.3269230769230769 0.03365384615384615 0.04567307692307692
0 0.8798076923076923 0.34615384615384615 0.040865384615384616 0.02403846153846154
0 0.9110576923076923 0.45552884615384615 0.07451923076923077 0.038461538461538464
0 0.8978365384615384 0.5 0.07932692307692307 0.09615384615384616
0 0.9555288461538461 0.6310096153846154 0.0889423076923077 0.16826923076923078