0 0.1346153846153846 0.20793269230769232 0.09375 0.07211538461538461
0 0.48197115384615385 0.054086538461538464 0.05048076923076923 0.05048076923076923
0 0.6117788461538461 0.13701923076923078 0.05048076923076923 0.04567307692307692
0 0.5673076923076923 0.30408653846153844 0.06009615384615385 0.07932692307692307
0 0.5877403846153846 0.3076923076923077 0.04326923076923077 0.0673076923076923
0 0.59375 0.36658653846153844 0.03365384615384615 0.07692307692307693
0 0.5576923076923077 0.3605769230769231 0.06009615384615385 0.0625
0 0.6754807692307693 0.2800480769230769 0.09375 0.06971153846153846
0 0.6117788461538461 0.2608173076923077 0.07932692307692307 0.08653846153846154
0 0.5757211538461539 0.5901442307692307 0.09375 0.055288461538461536
0 0.5877403846153846 0.6225961538461539 0.057692307692307696 0.057692307692307696
0 0.5625 0.7295673076923077 0.09375 0.14903846153846154
0 0.6658653846153846 0.7608173076923077 0.10336538461538461 0.18269230769230768
0 0.7680288461538461 0.8774038461538461 0.1875 0.1875
0 0.7704326923076923 0.9362980769230769 0.23557692307692307 0.12740384615384615
0 0.21875 0.7920673076923077 0.055288461538461536 0.16346153846153846