0 0.41346153846153844 0.5985576923076923 0.10817307692307693 0.14903846153846154
0 0.49278846153846156 0.7367788461538461 0.10817307692307693 0.0889423076923077
0 0.09375 0.8617788461538461 0.15144230769230768 0.18028846153846154
0 0.042067307692307696 0.8461538461538461 0.07211538461538461 0.0625
0 0.6189903846153846 0.7524038461538461 0.055288461538461536 0.07451923076923077
0 0.7608173076923077 0.5360576923076923 0.08413461538461539 0.12740384615384615
0 0.8028846153846154 0.44350961538461536 0.07211538461538461 0.06009615384615385
0 0.7932692307692307 0.47596153846153844 0.04326923076923077 0.028846153846153848
0 0.8305288461538461 0.6033653846153846 0.07211538461538461 0.13701923076923078
0 0.7932692307692307 0.7283653846153846 0.09134615384615384 0.13701923076923078
0 0.8870192307692307 0.7151442307692307 0.13942307692307693 0.16826923076923078
0 0.8701923076923077 0.8557692307692307 0.22355769230769232 0.27884615384615385
0 0.8713942307692307 0.039663461538461536 0.05048076923076923 0.04567307692307692
0 0.8064903846153846 0.06490384615384616 0.06009615384615385 0.0673076923076923
0 0.8533653846153846 0.234375 0.0889423076923077 0.0985576923076923
0 0.8557692307692307 0.2704326923076923 0.055288461538461536 0.06490384615384616
0 0.875 0.28365384615384615 0.04807692307692308 0.057692307692307696
0 0.9134615384615384 0.3701923076923077 0.07451923076923077 0.052884615384615384
0 0.9302884615384616 0.21514423076923078 0.08653846153846154 0.11057692307692307
0 0.96875 0.24759615384615385 0.0625 0.0985576923076923
0 0.9723557692307693 0.09735576923076923 0.04807692307692308 0.04567307692307692