0 0.13341346153846154 0.6358173076923077 0.08653846153846154 0.06490384615384616
0 0.24639423076923078 0.5024038461538461 0.03365384615384615 0.040865384615384616
0 0.3173076923076923 0.5396634615384616 0.08173076923076923 0.07932692307692307
0 0.5649038461538461 0.36538461538461536 0.06490384615384616 0.052884615384615384
0 0.5925480769230769 0.2776442307692308 0.038461538461538464 0.04326923076923077
0 0.6814903846153846 0.2668269230769231 0.07451923076923077 0.038461538461538464
0 0.6454326923076923 0.16706730769230768 0.0625 0.055288461538461536
0 0.7175480769230769 0.1622596153846154 0.06009615384615385 0.07692307692307693
0 0.6658653846153846 0.14783653846153846 0.07211538461538461 0.07451923076923077
0 0.7788461538461539 0.2800480769230769 0.06009615384615385 0.0625
0 0.7932692307692307 0.3173076923076923 0.06490384615384616 0.06490384615384616
0 0.8257211538461539 0.30288461538461536 0.038461538461538464 0.03125
0 0.8100961538461539 0.24158653846153846 0.04567307692307692 0.04326923076923077
0 0.7644230769230769 0.23677884615384615 0.06971153846153846 0.052884615384615384
0 0.7788461538461539 0.47596153846153844 0.04807692307692308 0.06009615384615385
0 0.8028846153846154 0.4411057692307692 0.055288461538461536 0.08653846153846154
0 0.8725961538461539 0.44591346153846156 0.06490384615384616 0.07211538461538461
0 0.9362980769230769 0.6502403846153846 0.10096153846153846 0.07451923076923077
0 0.8449519230769231 0.7091346153846154 0.055288461538461536 0.0673076923076923
0 0.6850961538461539 0.9819711538461539 0.09134615384615384 0.036057692307692304