0 0.7536057692307693 0.8713942307692307 0.10096153846153846 0.08653846153846154
0 0.765625 0.8088942307692307 0.1201923076923077 0.09375
0 0.609375 0.6730769230769231 0.11057692307692307 0.125
0 0.6694711538461539 0.7211538461538461 0.21875 0.28125
0 0.6622596153846154 0.33413461538461536 0.08173076923076923 0.10576923076923077
0 0.06850961538461539 0.46875 0.08173076923076923 0.10096153846153846
0 0.4110576923076923 0.46634615384615385 0.06009615384615385 0.08413461538461539
0 0.9338942307692307 0.5288461538461539 0.06971153846153846 0.1346153846153846
0 0.9543269230769231 0.1201923076923077 0.09134615384615384 0.12740384615384615
0 0.9795673076923077 0.021634615384615384 0.040865384615384616 0.04326923076923077
0 0.9831730769230769 0.07451923076923077 0.03365384615384615 0.038461538461538464