0 0.3076923076923077 0.3557692307692308 0.10336538461538461 0.10096153846153846
0 0.27163461538461536 0.45913461538461536 0.11298076923076923 0.13942307692307693
0 0.7391826923076923 0.7163461538461539 0.2283653846153846 0.22115384615384615
0 0.84375 0.31850961538461536 0.09615384615384616 0.10096153846153846
0 0.7836538461538461 0.0673076923076923 0.04567307692307692 0.04567307692307692
0 0.8557692307692307 0.10336538461538461 0.04326923076923077 0.03125
0 0.8028846153846154 0.10336538461538461 0.05048076923076923 0.026442307692307692
0 0.9002403846153846 0.1201923076923077 0.03365384615384615 0.040865384615384616
0 0.9495192307692307 0.22355769230769232 0.03125 0.036057692307692304
0 0.953125 0.2403846153846154 0.038461538461538464 0.021634615384615384
0 0.9098557692307693 0.20793269230769232 0.07451923076923077 0.06490384615384616
0 0.9266826923076923 0.1778846153846154 0.052884615384615384 0.04807692307692308
0 0.9735576923076923 0.18509615384615385 0.052884615384615384 0.04326923076923077
0 0.9927884615384616 0.3233173076923077 0.01201923076923077 0.02403846153846154
0 0.9951923076923077 0.34975961538461536 0.009615384615384616 0.055288461538461536