0 0.3317307692307692 0.8894230769230769 0.07932692307692307 0.0985576923076923
0 0.22355769230769232 0.4543269230769231 0.0889423076923077 0.10096153846153846
0 0.7872596153846154 0.6358173076923077 0.15384615384615385 0.1778846153846154
0 0.7079326923076923 0.3473557692307692 0.10096153846153846 0.09615384615384616
0 0.7800480769230769 0.46153846153846156 0.038461538461538464 0.04807692307692308
0 0.8569711538461539 0.3858173076923077 0.06490384615384616 0.08413461538461539
0 0.8737980769230769 0.5516826923076923 0.09615384615384616 0.06971153846153846
0 0.9086538461538461 0.4879807692307692 0.09134615384615384 0.0889423076923077
0 0.9278846153846154 0.4423076923076923 0.03365384615384615 0.06009615384615385
0 0.9699519230769231 0.4831730769230769 0.06009615384615385 0.057692307692307696
0 0.7043269230769231 0.21995192307692307 0.10096153846153846 0.10576923076923077
0 0.09254807692307693 0.9783653846153846 0.0985576923076923 0.04326923076923077
0 0.08653846153846154 0.7199519230769231 0.17307692307692307 0.2692307692307692
0 0.8305288461538461 0.21754807692307693 0.04567307692307692 0.052884615384615384
0 0.9915865384615384 0.6370192307692307 0.016826923076923076 0.06009615384615385
0 0.6814903846153846 0.13822115384615385 0.03245192307692308 0.03245192307692308
0 0.8040865384615384 0.1875 0.06129807692307692 0.042067307692307696
0 0.8882211538461539 0.16947115384615385 0.07091346153846154 0.057692307692307696
0 0.8004807692307693 0.13581730769230768 0.078125 0.055288461538461536
0 0.8161057692307693 0.10697115384615384 0.07211538461538461 0.052884615384615384
0 0.7644230769230769 0.052884615384615384 0.07572115384615384 0.07932692307692307
0 0.7283653846153846 0.04567307692307692 0.04326923076923077 0.026442307692307692
0 0.7199519230769231 0.009615384615384616 0.037259615384615384 0.019230769230769232