0 0.1310096153846154 0.8990384615384616 0.1201923076923077 0.1201923076923077
0 0.7427884615384616 0.6911057692307693 0.07932692307692307 0.09615384615384616
0 0.5600961538461539 0.7487980769230769 0.06490384615384616 0.08653846153846154
0 0.4495192307692308 0.5721153846153846 0.055288461538461536 0.06971153846153846
0 0.36778846153846156 0.42788461538461536 0.04326923076923077 0.07451923076923077
0 0.7884615384615384 0.484375 0.0625 0.08653846153846154
0 0.8617788461538461 0.8629807692307693 0.10336538461538461 0.13701923076923078
0 0.9771634615384616 0.9290865384615384 0.04326923076923077 0.05048076923076923
0 0.9891826923076923 0.6850961538461539 0.021634615384615384 0.052884615384615384
0 0.9026442307692307 0.8846153846153846 0.19471153846153846 0.23076923076923078
0 0.06370192307692307 0.4675480769230769 0.06490384615384616 0.057692307692307696
0 0.9867788461538461 0.2860576923076923 0.026442307692307692 0.040865384615384616
0 0.9651442307692307 0.34615384615384615 0.06971153846153846 0.07932692307692307