0 0.2608173076923077 0.2620192307692308 0.057692307692307696 0.0625
0 0.29447115384615385 0.28966346153846156 0.06490384615384616 0.057692307692307696
0 0.22716346153846154 0.3112980769230769 0.05048076923076923 0.05048076923076923
0 0.1778846153846154 0.6466346153846154 0.03365384615384615 0.057692307692307696
0 0.6021634615384616 0.7572115384615384 0.14903846153846154 0.14182692307692307
0 0.7091346153846154 0.7644230769230769 0.09134615384615384 0.12980769230769232
0 0.7716346153846154 0.7692307692307693 0.09615384615384616 0.0985576923076923
0 0.8233173076923077 0.7584134615384616 0.09615384615384616 0.1201923076923077
0 0.90625 0.8353365384615384 0.10576923076923077 0.0889423076923077
0 0.9002403846153846 0.5997596153846154 0.052884615384615384 0.06009615384615385
0 0.5048076923076923 0.4014423076923077 0.06490384615384616 0.06971153846153846
0 0.515625 0.4891826923076923 0.05048076923076923 0.07451923076923077
0 0.6730769230769231 0.17427884615384615 0.5408653846153846 0.2776442307692308