0 0.14543269230769232 0.0985576923076923 0.052884615384615384 0.06490384615384616
0 0.06610576923076923 0.2403846153846154 0.12740384615384615 0.12259615384615384
0 0.1875 0.5048076923076923 0.08653846153846154 0.16826923076923078
0 0.04807692307692308 0.921875 0.09615384615384616 0.15625
0 0.27884615384615385 0.4326923076923077 0.07451923076923077 0.125
0 0.3293269230769231 0.41947115384615385 0.07451923076923077 0.09134615384615384
0 0.3125 0.3473557692307692 0.05048076923076923 0.09134615384615384
0 0.5168269230769231 0.4675480769230769 0.0985576923076923 0.0985576923076923
0 0.7427884615384616 0.46033653846153844 0.055288461538461536 0.052884615384615384
0 0.671875 0.5793269230769231 0.0889423076923077 0.08173076923076923
0 0.6322115384615384 0.78125 0.07211538461538461 0.15384615384615385
0 0.7872596153846154 0.7127403846153846 0.07211538461538461 0.15865384615384615
0 0.8653846153846154 0.8653846153846154 0.17548076923076922 0.22115384615384615