0 0.6177884615384616 0.3545673076923077 0.09375 0.12740384615384615
0 0.3329326923076923 0.6983173076923077 0.22596153846153846 0.23076923076923078
0 0.9615384615384616 0.2127403846153846 0.038461538461538464 0.026442307692307692
0 0.9615384615384616 0.19471153846153846 0.03365384615384615 0.040865384615384616
0 0.9795673076923077 0.15384615384615385 0.040865384615384616 0.038461538461538464
0 0.9242788461538461 0.17668269230769232 0.06971153846153846 0.0625
0 0.9362980769230769 0.1466346153846154 0.052884615384615384 0.04326923076923077
0 0.9110576923076923 0.09014423076923077 0.026442307692307692 0.040865384615384616
0 0.8653846153846154 0.06971153846153846 0.04567307692307692 0.03125
0 0.8149038461538461 0.06850961538461539 0.04567307692307692 0.02403846153846154
0 0.7920673076923077 0.03245192307692308 0.040865384615384616 0.036057692307692304