0 0.051682692307692304 0.18629807692307693 0.10336538461538461 0.11057692307692307
0 0.30408653846153844 0.03125 0.0985576923076923 0.0625
0 0.22355769230769232 0.3161057692307692 0.10817307692307693 0.06009615384615385
0 0.12139423076923077 0.6826923076923077 0.13221153846153846 0.07932692307692307
0 0.09375 0.7415865384615384 0.13942307692307693 0.07451923076923077
0 0.06971153846153846 0.8197115384615384 0.11057692307692307 0.12259615384615384
0 0.5600961538461539 0.4723557692307692 0.057692307692307696 0.07692307692307693
0 0.6033653846153846 0.3870192307692308 0.08653846153846154 0.07451923076923077
0 0.7007211538461539 0.25841346153846156 0.07692307692307693 0.11057692307692307
0 0.2980769230769231 0.38100961538461536 0.028846153846153848 0.04567307692307692
0 0.4519230769230769 0.11778846153846154 0.0985576923076923 0.0889423076923077