0 0.5096153846153846 0.27403846153846156 0.07692307692307693 0.07451923076923077
0 0.5925480769230769 0.8461538461538461 0.07932692307692307 0.13942307692307693
0 0.8497596153846154 0.9302884615384616 0.11298076923076923 0.13942307692307693
0 0.9555288461538461 0.9639423076923077 0.08413461538461539 0.07211538461538461
0 0.9002403846153846 0.8557692307692307 0.07211538461538461 0.06490384615384616
0 0.8882211538461539 0.8064903846153846 0.1201923076923077 0.08653846153846154
0 0.9471153846153846 0.5673076923076923 0.040865384615384616 0.08173076923076923
0 0.9158653846153846 0.5540865384615384 0.04567307692307692 0.08653846153846154
0 0.8930288461538461 0.5108173076923077 0.1201923076923077 0.12259615384615384
0 0.9483173076923077 0.4987980769230769 0.055288461538461536 0.07451923076923077
0 0.9639423076923077 0.45913461538461536 0.07211538461538461 0.11538461538461539
0 0.8653846153846154 0.20793269230769232 0.0625 0.0673076923076923
0 0.8245192307692307 0.33052884615384615 0.07451923076923077 0.0889423076923077