0 0.36538461538461536 0.3641826923076923 0.02403846153846154 0.040865384615384616
0 0.33052884615384615 0.3629807692307692 0.06009615384615385 0.028846153846153848
0 0.359375 0.5637019230769231 0.03365384615384615 0.06490384615384616
0 0.4170673076923077 0.5973557692307693 0.05048076923076923 0.10336538461538461
0 0.5673076923076923 0.7463942307692307 0.06490384615384616 0.08173076923076923
0 0.6646634615384616 0.5552884615384616 0.07451923076923077 0.07451923076923077
0 0.8269230769230769 0.6862980769230769 0.07932692307692307 0.11057692307692307
0 0.8653846153846154 0.71875 0.19230769230769232 0.21875
0 0.9507211538461539 0.8581730769230769 0.06009615384615385 0.052884615384615384
0 0.9411057692307693 0.6995192307692307 0.08653846153846154 0.04807692307692308
0 0.9639423076923077 0.7379807692307693 0.07211538461538461 0.06009615384615385
0 0.9411057692307693 0.5901442307692307 0.07211538461538461 0.0889423076923077
0 0.9122596153846154 0.39903846153846156 0.040865384615384616 0.055288461538461536
0 0.8930288461538461 0.38100961538461536 0.0625 0.040865384615384616
0 0.8894230769230769 0.39783653846153844 0.09615384615384616 0.08173076923076923
0 0.890625 0.34615384615384615 0.10336538461538461 0.0673076923076923
0 0.8425480769230769 0.2512019230769231 0.06009615384615385 0.07451923076923077
0 0.7836538461538461 0.24278846153846154 0.08653846153846154 0.07211538461538461
0 0.7836538461538461 0.20552884615384615 0.040865384615384616 0.04326923076923077
0 0.65625 0.36658653846153844 0.0625 0.07211538461538461
0 0.2127403846153846 0.49038461538461536 0.038461538461538464 0.04567307692307692