0 0.2800480769230769 0.09254807692307693 0.04326923076923077 0.04567307692307692
0 0.21754807692307693 0.16947115384615385 0.0673076923076923 0.04807692307692308
0 0.16947115384615385 0.2692307692307692 0.10817307692307693 0.07451923076923077
0 0.37740384615384615 0.4951923076923077 0.07211538461538461 0.1346153846153846
0 0.609375 0.46634615384615385 0.06971153846153846 0.10576923076923077
0 0.5865384615384616 0.8317307692307693 0.052884615384615384 0.1466346153846154
0 0.6983173076923077 0.7007211538461539 0.0889423076923077 0.09375
0 0.796875 0.84375 0.12980769230769232 0.1346153846153846
0 0.7391826923076923 0.9567307692307693 0.13221153846153846 0.08653846153846154
0 0.859375 0.6286057692307693 0.055288461538461536 0.08653846153846154
0 0.8533653846153846 0.765625 0.04807692307692308 0.08413461538461539
0 0.9447115384615384 0.4206730769230769 0.11057692307692307 0.07932692307692307
0 0.17668269230769232 0.6850961538461539 0.09134615384615384 0.11298076923076923