39 0.07658846909090909 0.08203572545454546 0.06759224545454547 0.07858503454545455 0.05388569818181818 0.08378282363636363 0.04824190181818182 0.08620978545454545 0.05664776545454545 0.09321033454545455 0.08795274545454546 0.09565590181818182 0.11053056909090908 0.09569563636363636 0.11436493818181818 0.09468121090909092 0.10475654000000001 0.08041428545454546 0.09608425272727272 0.08211645090909091 0.08904157454545455 0.08008491818181819 0.07658846909090909 0.08203572545454546
27 0.1481272090909091 0.37022547272727274 0.16019951999999998 0.4177545072727273 0.16946613272727273 0.42712384000000003 0.19506980363636364 0.41814079454545455 0.2743381181818182 0.40008483454545457 0.2599248563636364 0.3762475527272727 0.2557777890909091 0.3474849272727273 0.21419140909090909 0.3599675381818182 0.19650637272727273 0.36334806545454545 0.1481272090909091 0.37022547272727274
33 0.1699064290909091 0.3327588709090909 0.1566256290909091 0.3220828 0.15203628545454545 0.31432308545454546 0.13770367636363637 0.32358126000000004 0.11847960363636363 0.33429296181818186 0.1324386909090909 0.33526907636363634 0.12986040727272727 0.3427840909090909 0.15195496909090908 0.34484211454545455 0.1699064290909091 0.3327588709090909
39 0.3314067509090909 0.45486448545454544 0.33054732363636363 0.45736948909090913 0.3216416709090909 0.45751627636363634 0.3285911345454545 0.44620276 0.3323527836363636 0.44133559636363634 0.3753340818181818 0.41869012 0.3284225563636364 0.4192574 0.2911690145454545 0.41870446 0.25309306545454546 0.42501978727272727 0.25440666727272726 0.4453759509090909 0.2556501909090909 0.47162694727272725 0.33597956727272726 0.4677532472727273 0.3530015218181818 0.46406984363636367 0.3314067509090909 0.45486448545454544
39 0.4042187818181818 0.4166057727272727 0.3970842109090909 0.40610297636363635 0.3615574563636364 0.4297827454545454 0.3327110981818182 0.4411041418181818 0.32963038181818183 0.4460189218181818 0.3213012054545455 0.45749246909090907 0.32811051636363636 0.4579686218181818 0.33034965636363633 0.4553035854545454 0.35156826181818185 0.4649956618181818 0.3770522727272727 0.47729459636363636 0.40991942727272723 0.49164887090909093 0.45192428181818184 0.5025379527272728 0.4832127327272727 0.5101125690909091 0.5047625509090908 0.4857119490909091 0.5279829636363637 0.4765622490909091 0.5523840963636364 0.46031282727272727 0.5366843381818182 0.4499806254545454 0.5253227072727272 0.4461080218181818 0.4697362527272727 0.43862989454545454 0.44697993090909094 0.44114278181818184 0.45500566363636363 0.4340086872727273 0.4204170072727273 0.4149168509090909 0.4042187818181818 0.4166057727272727
39 0.51289604 0.5455345545454546 0.5324288454545455 0.5499785454545455 0.5858984636363636 0.5485873018181817 0.5918622309090908 0.5366918381818182 0.6329408890909091 0.5021138454545455 0.6381331545454545 0.4865732927272728 0.6410710745454545 0.48370060909090906 0.6416601127272727 0.47527696181818185 0.6307473654545455 0.4747703781818182 0.6067706581818182 0.47027215090909086 0.5972323345454545 0.4501103909090909 0.5696572709090909 0.4579295418181818 0.5604990763636364 0.4519024236363636 0.5477795472727273 0.46255594909090914 0.5288245418181818 0.4743125054545454 0.5197060145454545 0.48239622363636364 0.51471274 0.5048764672727273 0.5126216854545455 0.5249945527272727 0.51289604 0.5455345545454546
39 0.42192562909090914 0.5596941 0.41027972363636367 0.5647794745454545 0.4060705109090909 0.5711544036363637 0.3901962218181818 0.5779961818181818 0.35579928363636365 0.6050895872727273 0.3757287490909091 0.6185391709090909 0.3889189781818182 0.6256177672727272 0.40210788545454546 0.6278225763636364 0.41074711636363637 0.6363785072727273 0.45565947818181823 0.6644005745454545 0.5009466854545455 0.68706214 0.5361283436363636 0.7123516909090909 0.5538451145454546 0.6938392818181818 0.5458127727272727 0.6766044418181819 0.5589673018181818 0.6841935636363636 0.5738876272727272 0.6616379527272727 0.5844176 0.6382623218181819 0.5653845836363637 0.6266709945454545 0.5370353745454546 0.6210974818181818 0.5199380545454546 0.6111805745454545 0.48592323272727267 0.5936679236363637 0.45957979454545456 0.5838739945454545 0.42192562909090914 0.5596941
57 1 0.11998248363636363 0.9941722054545454 0.12131794 0.9659724018181818 0.13807126181818183 0.9761149690909091 0.13980654 0.9850411163636363 0.14915206363636363 1 0.1521589509090909 1 0.11998248363636363
33 0.7793205836363637 0.37075607636363633 0.7956437599999999 0.36728032 0.7811425727272727 0.34959313454545454 0.7662182818181819 0.35752738363636366 0.7482833490909091 0.3644815781818182 0.748320370909091 0.36884484 0.7631223581818182 0.372445 0.7793205836363637 0.37075607636363633
33 0.8700291981818181 0.4484088781818182 0.8607804345454545 0.43878428545454545 0.8493844236363636 0.44029598909090906 0.8582021527272727 0.4462993 0.857647489090909 0.4493386381818182 0.8700291981818181 0.4484088781818182
33 0.9514487254545454 0.43383797999999996 0.9574151345454545 0.43169009090909094 0.9503698127272727 0.41991098363636364 0.9397810018181818 0.4245572563636364 0.9514487254545454 0.43383797999999996
42 0.7522737472727273 0.14595740545454544 0.7648392381818182 0.16197017272727274 0.7690497727272727 0.1604690309090909 0.7548533527272727 0.14331617636363636 0.7522737472727273 0.14595740545454544
41 0.7736529981818181 0.15335212363636364 0.7649450145454546 0.15556481454545454 0.7633524290909091 0.16366177636363635 0.7665428890909091 0.1669629981818182 0.7751259254545454 0.16653714181818183 0.7793886872727273 0.15939642545454547 0.7790468981818182 0.15449883090909092 0.7736529981818181 0.15335212363636364
57 0.2844588690909091 0.38745401636363636 0.2960346981818182 0.3882634763636364 0.30914956363636364 0.3817417618181818 0.2824478090909091 0.3721792872727273 0.2717519018181818 0.3783571327272727 0.26205822 0.3799878745454546 0.2639952381818182 0.38653608 0.27691640181818183 0.39256982 0.2844588690909091 0.38745401636363636
39 0.14972309636363634 0.44036435454545453 0.15774750727272727 0.42835647454545456 0.1511510709090909 0.4199433909090909 0.1313862181818182 0.4188178090909091 0.11210595272727272 0.4205477236363636 0.10099950363636363 0.43259659636363634 0.10141268909090909 0.4364731418181818 0.09756179272727272 0.44261661636363636 0.10949858181818183 0.4529421945454546 0.11663315090909092 0.4634449909090909 0.14620142727272728 0.47115583090909097 0.15650332 0.46571996363636364 0.14972309636363634 0.44036435454545453
39 0.2848066018181818 0.48033502727272726 0.2571396454545455 0.4796829181818182 0.2527849909090909 0.47835236909090906 0.26850656545454543 0.5030506672727273 0.3100036981818182 0.4918443690909091 0.31202599636363637 0.4824949036363637 0.2848066018181818 0.48033502727272726
39 0.8937295545454546 0.7553133181818182 0.8930638272727273 0.7452628672727273 0.8975599563636364 0.7396775345454546 0.8934194999999999 0.73528384 0.88057238 0.7379766254545455 0.8754310181818181 0.7430038218181818 0.8554876690909091 0.7444308581818182 0.84669176 0.7527936454545454 0.8489348654545454 0.7647499690909091 0.8592420454545454 0.7788092472727273 0.9549664127272728 0.7847334181818182 0.9570971327272727 0.7787261672727273 0.9400368345454546 0.7731725218181819 0.9317215418181819 0.7697694454545455 0.9139280854545454 0.7698077581818182 0.9086412836363637 0.7671294763636364 0.8993045927272727 0.76365498 0.8937295545454546 0.7553133181818182
53 0.90441556 0.3823251818181818 0.9058118 0.3770361018181818 0.8654160581818182 0.35292100909090907 0.8558856672727273 0.36200196727272727 0.8978944872727272 0.3875124072727273 0.90441556 0.3823251818181818
53 0.9075161109090909 0.3184144418181818 0.9108328418181818 0.32480261454545456 0.932461990909091 0.32862366363636364 0.9565828163636363 0.33595358000000003 0.9496280636363637 0.3277719509090909 0.9227808690909091 0.310504 0.917459689090909 0.31321002909090906 0.9130885072727273 0.3170085290909091 0.9075161109090909 0.3184144418181818
53 0.9506567290909091 0.4207005781818182 0.9569662490909092 0.42832406727272726 0.9633623745454545 0.42492367636363637 0.9584517363636363 0.42175868 0.9573344836363635 0.39859463272727275 0.9440563272727274 0.3976661345454546 0.9310128581818181 0.4031668018181818 0.9304416690909091 0.4113351872727273 0.9506567290909091 0.4207005781818182
57 0.46994913090909085 0.29859020545454545 0.4587864890909091 0.3016572909090909 0.45690566363636365 0.3040908727272727 0.4631080872727273 0.3132459363636364 0.47753390909090904 0.31733280909090905 0.48151107454545455 0.3142762872727273 0.46994913090909085 0.29859020545454545
31 0.6152432945454545 0.39314202181818186 0.6122273672727273 0.37266681999999995 0.5625028690909091 0.3743199490909091 0.5680104763636363 0.39830402 0.6152432945454545 0.39314202181818186
39 0.5420564218181818 0.43676123818181817 0.5661375854545455 0.42998031999999997 0.5731035763636364 0.4135377563636363 0.5691964854545455 0.4106994418181818 0.5648748872727273 0.3991107981818182 0.543926670909091 0.3953373636363636 0.5352008363636364 0.39780531636363636 0.5255607036363636 0.39867027454545456 0.5172315272727274 0.4101438218181818 0.5248341545454546 0.42863116363636367 0.5316626381818181 0.43372584000000003 0.525698870909091 0.4456213036363636 0.5359855581818181 0.45018827272727274 0.5420564218181818 0.43676123818181817
39 0.49583839090909093 0.41762572545454546 0.4760900672727273 0.4113710945454545 0.46478330363636366 0.4116064890909091 0.4490709854545455 0.42102469454545455 0.4691624181818182 0.43705070727272727 0.49568303090909094 0.4394182290909091 0.49840411090909087 0.4298611181818182 0.49583839090909093 0.41762572545454546
39 0.5835039709090909 0.4409420836363636 0.58183602 0.43543873454545456 0.5813501127272728 0.4277094490909091 0.57717528 0.4287000690909091 0.5435075327272727 0.43558015818181817 0.5370248036363637 0.45000443272727275 0.551416249090909 0.4594756181818182 0.5608573927272728 0.4516709690909091 0.5703560490909091 0.45772189454545453 0.5822353236363637 0.4541919018181818 0.5790984127272727 0.45012489454545457 0.5835039709090909 0.4409420836363636
39 0.5323435690909092 0.43377345636363634 0.5233651945454546 0.4300675054545455 0.5063075418181818 0.4342614327272727 0.4955937836363636 0.44069454 0.5247845727272726 0.4440183090909091 0.5323435690909092 0.43377345636363634
33 0.7552308218181818 0.5440115200000001 0.77280876 0.5421625654545454 0.7947043327272727 0.5372808981818182 0.7983754109090909 0.5288162563636364 0.762265569090909 0.5168003327272728 0.7463033527272727 0.5297922090909091 0.7458405836363636 0.5413028072727273 0.7552308218181818 0.5440115200000001
53 0.7364047236363637 0.7007053581818182 0.7485239745454545 0.7230996781818181 0.776924089090909 0.718159830909091 0.7995171181818183 0.708196729090909 0.7927395418181818 0.6925886927272727 0.7641939854545454 0.6898230618181819 0.7364047236363637 0.7007053581818182
53 0.4560991218181818 0.36944457818181814 0.45866616363636364 0.38655375636363637 0.4846155909090909 0.39708966363636367 0.48954010909090906 0.38537804 0.46823357818181816 0.38183606181818186 0.4651310436363636 0.3723847418181818 0.4560991218181818 0.36944457818181814
57 0.4686275927272728 0.38109408181818183 0.4892174945454545 0.3850989709090909 0.48943169090909094 0.38203582545454545 0.48778300727272733 0.3814991290909091 0.4883752963636363 0.38093591454545456 0.4830933290909091 0.37543636 0.49190155272727276 0.37117859636363637 0.4876348254545455 0.3636979509090909 0.4744175745454545 0.36434483636363635 0.4735857872727272 0.36553715999999997 0.47252939272727273 0.3644372490909091 0.4663501090909091 0.37452206909090907 0.46799879454545457 0.37505876727272724 0.46680560545454547 0.3758364727272727 0.4686275927272728 0.38109408181818183
33 0.8231646127272727 0.42384144 0.8459579527272728 0.42569181636363634 0.8539341018181817 0.4339448690909091 0.8641837672727273 0.43414857636363635 0.8491292418181817 0.42437451454545455 0.8324272581818182 0.41858941272727274 0.8231646127272727 0.42384144
57 0.26968794545454544 0.5644392181818182 0.26576565090909093 0.5716037399999999 0.2750858127272727 0.5802072854545455 0.29859446181818183 0.5767209672727273 0.2976226490909091 0.5612623981818182 0.2785744272727273 0.5596739072727273 0.26968794545454544 0.5644392181818182
57 0.9081957054545454 0.7098965436363637 0.89776622 0.7073716709090909 0.8848847236363636 0.7154487654545455 0.8909251763636363 0.7220274 0.9081957054545454 0.7098965436363637