7 0.2679036236363636 0.7970018345454545 0.2659305581818182 0.7799474581818181 0.2610534527272727 0.77969186 0.2570399527272727 0.7822645163636364 0.24962120000000002 0.7758037254545455 0.2422082309090909 0.7756682272727273 0.23370314727272729 0.7802824872727273 0.22896405090909092 0.7838291163636364 0.22186098545454547 0.7842158581818182 0.21241668 0.7842269018181818 0.19505115454545455 0.7873648072727273 0.1900814890909091 0.7888753563636364 0.1813288909090909 0.79499464 0.18003843454545457 0.8035289963636364 0.17945496909090908 0.8275333781818182 0.18236313636363635 0.8299627836363637 0.18534485454545455 0.8245530600000001 0.19639530545454548 0.8228551927272727 0.21240963818181818 0.8133214854545454 0.21810490181818182 0.8108369654545454 0.21914990363636364 0.8134217272727273 0.21596034 0.81957956 0.22739631454545453 0.8201788945454546 0.24295157090909092 0.8161871181818182 0.2522314218181818 0.81287846 0.2592700309090909 0.80085036 0.2679036236363636 0.7970018345454545
6 0.2341015490909091 0.656839569090909 0.24540529272727274 0.6599619709090909 0.2462007236363636 0.6544376672727272 0.23537506000000002 0.65184632 0.2341015490909091 0.656839569090909
6 0.2619898127272727 0.7296470145454546 0.2741683236363636 0.725731270909091 0.27320265636363633 0.7216326690909091 0.2621125381818182 0.7240874563636364 0.2619898127272727 0.7296470145454546
6 0.40449373454545456 0.5364866618181818 0.41493759454545454 0.5334920072727273 0.41411365636363634 0.529906830909091 0.4038247509090909 0.5331626072727274 0.40449373454545456 0.5364866618181818
6 0.3088945090909091 0.5522224818181819 0.31079361454545457 0.5545990072727273 0.3149467872727273 0.5429256854545454 0.3119328381818182 0.5425147327272727 0.3088945090909091 0.5522224818181819
6 0.10662356727272727 0.8335834290909091 0.11137216545454545 0.8330732945454545 0.11206181454545454 0.8295674436363636 0.09773090181818181 0.8262863945454545 0.09619665090909091 0.8330369781818182 0.10662356727272727 0.8335834290909091
6 0.4723282236363637 0.48741780181818184 0.47586736363636367 0.48102529090909096 0.4743442763636363 0.47790947454545457 0.4697960818181819 0.4842491036363637 0.4723282236363637 0.48741780181818184
6 0.4906987981818182 0.2591629418181818 0.4848882509090909 0.26062942181818183 0.48487130727272726 0.2641705272727273 0.4906987981818182 0.2591629418181818
6 0.4752067363636363 0.3102159527272727 0.48129702181818185 0.31306512545454546 0.4831242345454545 0.3103778909090909 0.47634802000000004 0.3077457672727273 0.4752067363636363 0.3102159527272727
6 0.3947185709090909 0.31434673090909093 0.4013964436363636 0.3124197072727273 0.40086919090909096 0.3096090818181818 0.3947090690909091 0.3113102381818182 0.3947185709090909 0.31434673090909093
6 0.4002535 0.32779278363636366 0.40325422363636365 0.32845604363636366 0.4061830509090909 0.32405554545454546 0.40388147636363636 0.32292292545454543 0.4002535 0.32779278363636366
6 0.20278210181818182 0.3920786218181818 0.21086777454545455 0.39224937454545455 0.21171237636363635 0.3890046436363636 0.2029407763636364 0.3890509436363636 0.20278210181818182 0.3920786218181818
6 0.21853363818181817 0.37468815454545457 0.22638874363636363 0.37282282909090914 0.2269366618181818 0.3688035509090909 0.21816134 0.3721386490909091 0.21853363818181817 0.37468815454545457
6 0.31331305090909095 0.3745953418181818 0.32172557454545453 0.37174722909090907 0.32209209272727274 0.36797144363636364 0.3134093309090909 0.3695403963636364 0.31331305090909095 0.3745953418181818
6 0.30186923454545456 0.35805662363636365 0.3002742527272727 0.3498770472727273 0.29687106181818185 0.35045769272727273 0.29873628181818185 0.3599164290909091 0.30186923454545456 0.35805662363636365
6 0.24447986545454542 0.3687109509090909 0.24504472727272725 0.36115056727272726 0.24323445818181819 0.36029669636363637 0.24185516181818184 0.3673084 0.24447986545454542 0.3687109509090909
6 0.12634006545454546 0.4219744090909091 0.11913121818181818 0.42437960545454545 0.12011010909090908 0.4282259 0.12685409454545454 0.42503734363636364 0.12634006545454546 0.4219744090909091
6 0.018075085454545455 0.56354624 0.012646341818181818 0.5705987181818182 0.013160372727272726 0.5736616527272728 0.02004030727272727 0.5646612309090909 0.018075085454545455 0.56354624
6 0.04651830727272727 0.6032398218181818 0.04931118727272727 0.6046511890909091 0.05011611818181818 0.6021633781818182 0.046707147272727276 0.5964187290909091 0.04464564727272727 0.6003586836363636 0.04651830727272727 0.6032398218181818
6 0.15784371636363637 0.8441107527272728 0.16510545272727273 0.8406963272727273 0.1668211018181818 0.8337022527272727 0.15732018363636363 0.8380113236363637 0.15784371636363637 0.8441107527272728
6 0.22102497272727273 0.9514047672727272 0.22751566363636364 0.9433959454545454 0.22690329272727275 0.9357738654545454 0.21715692181818183 0.9512020527272727 0.22102497272727273 0.9514047672727272
57 0.35753752 0.47355888909090904 0.3633348436363636 0.4723447163636364 0.36277164181818183 0.4670022090909091 0.35773586181818184 0.4697742909090909 0.35753752 0.47355888909090904
6 0.09825574909090909 0.6939951218181818 0.10091806 0.6850266618181818 0.09758098545454545 0.6843457745454545 0.09367532545454545 0.6945140690909091 0.09825574909090909 0.6939951218181818
6 0.011595154545454546 0.5391716799999999 0.013218241818181818 0.5339437509090909 0.010837332727272726 0.5343249727272728 0.009870005454545454 0.5431292618181818 0.0125476 0.5435225872727273 0.011595154545454546 0.5391716799999999