6 0.9341781745454546 0.22308722545454546 0.924098830909091 0.20974971454545455 0.92094738 0.21471155090909091 0.9309511072727272 0.22967538 0.9341781745454546 0.22308722545454546
6 0.9259459109090908 0.28540374545454544 0.9345899218181818 0.27448562363636364 0.9327797400000001 0.26983013818181817 0.9247526472727272 0.2802998709090909 0.9231900618181818 0.2844211654545455 0.9259459109090908 0.28540374545454544
6 0.8765241636363635 0.37915028181818183 0.879777510909091 0.3758428763636364 0.8834670345454545 0.36059040545454546 0.88087994 0.3585423581818182 0.8773559418181819 0.3612607981818182 0.8742323872727272 0.37523766545454545 0.8765241636363635 0.37915028181818183
6 0.8653735181818182 0.4035968818181818 0.8615366781818181 0.4059927218181818 0.8620198854545454 0.4109841345454545 0.86442232 0.41764476727272726 0.8699865818181818 0.42617142545454545 0.8719217145454545 0.42429353090909094 0.8672521709090909 0.4112667509090909 0.8653735181818182 0.4035968818181818
6 0.791618049090909 0.5027729945454545 0.7964706381818182 0.505452910909091 0.7992845818181818 0.502622010909091 0.7911634236363636 0.4792187890909091 0.7888223145454546 0.48021323636363633 0.78659186 0.4839557018181818 0.791618049090909 0.5027729945454545
35 0.7962744690909092 0.6192832109090909 0.8059381472727273 0.5973315854545455 0.8096117636363637 0.5856262309090909 0.8110302618181818 0.5801168727272727 0.7776407818181819 0.5450661763636364 0.7760765836363637 0.5434531854545455 0.773974310909091 0.552130830909091 0.7580356272727273 0.5930211581818181 0.7525868690909091 0.6044453581818182 0.7549789309090909 0.6042781254545454 0.7946099872727272 0.6217500709090908 0.7962744690909092 0.6192832109090909
35 0.7511739036363636 0.5995797363636363 0.7534481581818181 0.6013051854545455 0.7562867690909091 0.5960207527272727 0.7609832836363636 0.5847504563636363 0.7731464490909091 0.5539110527272727 0.7752909090909091 0.5449670418181818 0.7731941690909091 0.5432697054545454 0.7733032127272728 0.54028344 0.7708602036363637 0.5396234563636363 0.76734658 0.5491697581818181 0.7607834018181818 0.5653323327272727 0.7548793327272727 0.580780149090909 0.7488574581818181 0.598120650909091 0.7491122036363637 0.6022567309090909 0.7511739036363636 0.5995797363636363
6 0.7852305654545454 0.6625870872727272 0.7885627581818182 0.6691219309090909 0.7911307181818181 0.663248530909091 0.7936269781818183 0.6428921890909092 0.7913017727272728 0.6403395199999999 0.7886478218181818 0.641011370909091 0.7852305654545454 0.6625870872727272
6 0.6734635836363636 0.85240206 0.6899318181818181 0.861017449090909 0.6958319727272727 0.8616788909090909 0.6979764327272727 0.85273488 0.6933610672727273 0.8520038781818181 0.6761405872727273 0.8435423945454545 0.6734635836363636 0.85240206
6 0.7250782327272727 0.92173996 0.7197456654545454 0.9255371945454546 0.70279192 0.9337739381818181 0.6912041690909091 0.9368534981818181 0.68855898 0.9386189327272727 0.6952058472727273 0.949501450909091 0.7097762927272727 0.9425255218181818 0.7281151072727272 0.9301393709090909 0.7250782327272727 0.92173996
6 0.5193795363636364 1 0.5156987781818182 0.9879672927272728 0.5083045109090909 0.9944415236363637 0.5100276745454545 1 0.5193795363636364 1
6 0.8974568072727273 0.6628868527272727 0.8912645654545455 0.6755585399999999 0.8922206072727273 0.6787134981818181 0.8973685145454545 0.6795288472727272 0.9057227381818183 0.6601003145454546 0.9038369381818182 0.6570711436363637 0.9003710345454545 0.6559761018181818 0.8974568072727273 0.6628868527272727
6 0.91614488 0.6000419781818181 0.9144891581818182 0.6036024236363636 0.9161130672727272 0.6071362109090909 0.9186316927272727 0.6061698781818182 0.9312916709090909 0.5986183109090909 0.9314850927272729 0.5950993127272727 0.9283145072727272 0.5921397018181818 0.91614488 0.6000419781818181
57 0.7617316436363636 0.8109534309090909 0.7714121563636364 0.8187667981818182 0.7794862818181818 0.8252335418181818 0.7839718527272728 0.8152950818181818 0.7701488072727273 0.8049142618181818 0.7648655727272727 0.8038044290909091 0.7617316436363636 0.8109534309090909
57 0.7588058745454546 0.7168342818181818 0.7679116545454545 0.7248296690909091 0.7782600363636364 0.7330218618181817 0.7809633218181818 0.7274429472727273 0.771511270909091 0.7204849127272728 0.76119632 0.7109327654545454 0.7588058745454546 0.7168342818181818
35 0.7103716418181818 1 0.7161024872727272 0.9853039672727273 0.6815324181818182 0.9301337163636364 0.6690269 0.945901210909091 0.6561416854545454 0.9640660090909091 0.6500250599999999 0.9751113799999999 0.6437062527272727 0.9885821672727273 0.6408774927272727 1 0.7103716418181818 1
57 0.6646708818181818 0.9056192036363636 0.6619143454545454 0.9322144472727273 0.6679267727272727 0.9413581872727271 0.6738340727272728 0.9373789309090909 0.674057690909091 0.9210314181818181 0.6711370054545455 0.9050050436363636 0.6646708818181818 0.9056192036363636
57 0.7097728236363636 0.8701670272727272 0.7224902109090909 0.8863798054545454 0.7260476381818183 0.8823014145454545 0.7252762563636364 0.8745338727272727 0.7227735381818181 0.8719530909090909 0.7100665272727272 0.8625681781818182 0.7097728236363636 0.8701670272727272
57 0.971912130909091 0.1973900309090909 0.9591820654545453 0.19619293272727273 0.9586336163636363 0.19965570363636365 0.9712880636363637 0.20247911636363636 0.971912130909091 0.1973900309090909