6 0.8506131545454546 0.027670187272727274 0.83648998 0.017813745454545456 0.8349812909090909 0.023677503636363638 0.8495480963636364 0.035151125454545455 0.8506131545454546 0.027670187272727274
6 0.8623840872727272 0.0913348490909091 0.8673790563636363 0.07788791090909092 0.8641231181818182 0.07390375454545454 0.8595899563636363 0.0867150709090909 0.8593706945454546 0.09124964181818182 0.8623840872727272 0.0913348490909091
6 0.8437969854545455 0.1989001527272727 0.8459322054545455 0.1946246018181818 0.8446922090909091 0.17850906 0.8415050036363636 0.1773264218181818 0.8389170618181818 0.18111119636363637 0.8403055981818182 0.1957970109090909 0.8437969854545455 0.1989001527272727
6 0.8406523618181818 0.22639728363636363 0.8376551545454545 0.22996563636363637 0.8397176636363637 0.23470129272727272 0.8441923072727273 0.2404611054545455 0.8523594181818183 0.24704229272727274 0.8536579345454546 0.24458670545454544 0.8449350072727272 0.23331246727272725 0.8406523618181818 0.22639728363636363
6 0.7999479181818182 0.34702779818181817 0.8055563490909091 0.34810819454545455 0.8074126690909091 0.34443929636363635 0.792004050909091 0.32409931636363637 0.7900264581818182 0.3258187381818182 0.78903212 0.3301948309090909 0.7999479181818182 0.34702779818181817
35 0.8416013872727273 0.4596764309090909 0.8440831200000001 0.43509669636363635 0.8439567436363636 0.4224608981818182 0.8435929236363636 0.4166124745454546 0.7997147127272728 0.3929069072727273 0.7976683890909091 0.39182481090909094 0.7983707509090908 0.4009944981818182 0.7957688690909092 0.44612380545454544 0.7940661945454546 0.45904929818181817 0.7963570545454545 0.45812398 0.8407555909090909 0.4626227945454545 0.8416013872727273 0.4596764309090909
35 0.7911326109090909 0.45473284545454545 0.7939105545454546 0.45569906363636364 0.79500998 0.4496188854545455 0.7960244854545454 0.4370836309090909 0.7981262127272728 0.4030019109090909 0.7973803981818182 0.39355786545454546 0.79478536 0.39256267818181817 0.7939415545454545 0.38960268 0.7913374272727273 0.38973389454545454 0.7909332690909091 0.40020379636363634 0.7896469563636364 0.4181256672727273 0.7887789981818182 0.4351375581818182 0.7883981218181818 0.45404098363636364 0.78996446 0.45801150545454544 0.7911326109090909 0.45473284545454545
6 0.8445644781818182 0.5056117745454546 0.8499101945454546 0.5109523836363636 0.8505569 0.5043814290909091 0.8465227727272728 0.4836461090909091 0.8434315618181818 0.4818857836363636 0.8410447036363636 0.48338878545454544 0.8445644781818182 0.5056117745454546
6 0.7954650781818181 0.7271309945454546 0.81434578 0.7303278709090909 0.8203382 0.7290975254545455 0.8195923836363636 0.7196534781818182 0.8148368472727272 0.7204066818181818 0.7952679781818182 0.71760004 0.7954650781818181 0.7271309945454546
6 0.8681181818181818 0.7786217018181818 0.8641013654545454 0.7840389890909091 0.8501096745454545 0.7975046672727273 0.8397346272727273 0.80421024 0.8377044909090908 0.8067817036363637 0.8476824763636364 0.8153259963636363 0.8597400290909091 0.8038540981818182 0.8737680745454546 0.7858828163636363 0.8681181818181818 0.7786217018181818
6 0.6788350381818181 0.918847410909091 0.6993791963636364 0.947936170909091 0.7056050709090909 0.9517311745454545 0.7056596072727273 0.944972769090909 0.7038850890909091 0.9385040581818181 0.6840200090909091 0.9101514618181819 0.6788350381818181 0.918847410909091
6 0.9546359618181817 0.4701787854545455 0.95260184 0.48456297454545455 0.9545430763636363 0.4873491545454545 0.9598473290909091 0.4865090436363636 0.9618490763636363 0.46481773454545455 0.9590367690909092 0.46245075636363636 0.9552917563636364 0.4624814290909091 0.9546359618181817 0.4701787854545455
6 0.9529429945454546 0.4026680090909091 0.95245392 0.4066828345454545 0.9551702309090908 0.4096274963636363 0.957330729090909 0.40787910727272725 0.9673328690909092 0.39645151090909087 0.9664021563636362 0.39294279818181815 0.9623529654545454 0.3910529636363636 0.9529429945454546 0.4026680090909091
57 0.8687683672727273 0.658429110909091 0.8807421254545454 0.66300118 0.8907130145454545 0.6667655109090909 0.891944790909091 0.6556020454545455 0.8750942236363637 0.6498337036363637 0.8695636127272728 0.6504284272727273 0.8687683672727273 0.658429110909091
57 0.8359389254545455 0.5671633545454545 0.8474074218181817 0.5720966927272727 0.8601562527272727 0.5768272418181818 0.8610293181818182 0.5705016745454545 0.8495517327272727 0.5666947418181819 0.8364027254545454 0.5606213690909091 0.8359389254545455 0.5671633545454545
35 0.8312649618181818 0.9200165109090909 0.8421523672727274 0.9177296327272728 0.8514461709090909 0.9148514381818182 0.8683441745454545 0.9090814145454545 0.8759483763636364 0.9061895854545454 0.8795576709090909 0.8437450599999999 0.828117589090909 0.8007066309090909 0.8208823127272727 0.8201332072727273 0.8140381218181818 0.8420290018181819 0.811560370909091 0.8547960145454545 0.8096566145454546 0.8700032763636364 0.8108875218181818 0.8872452181818182 0.8140375036363636 0.9213388690909091 0.8312649618181818 0.9200165109090909
6 0.7843392436363636 0.9457294327272728 0.7778162872727273 0.9447938872727272 0.7650674563636364 0.9400633345454547 0.7630242454545455 0.9555739254545454 0.767944509090909 0.9570445545454546 0.7730394618181817 0.9629873600000001 0.8075891236363636 0.9575152309090909 0.8073540545454546 0.9572712218181819 0.7939695981818182 0.9520788636363636 0.7843392436363636 0.9457294327272728
57 0.8037900690909091 0.7820605072727274 0.80955526 0.8089901818181818 0.8183579963636364 0.8160331745454545 0.8228800763636364 0.81025462 0.8178950672727273 0.7941697509090909 0.8099310290909091 0.7794004309090908 0.8037900690909091 0.7820605072727274
57 0.8367016818181818 0.7329743309090909 0.8543253327272727 0.7448075145454546 0.8565130981818182 0.7396799218181819 0.8532844272727274 0.7323165636363637 0.850010310909091 0.7305852109090909 0.8345704436363636 0.7254371563636364 0.8367016818181818 0.7329743309090909