6 0.1051426890909091 0.19885880909090908 0.11487055636363637 0.18431051636363635 0.11180627818181818 0.17948664545454543 0.10200492727272728 0.19245381454545454 0.1051426890909091 0.19885880909090908
6 0.11000810909090909 0.25303846 0.11268787454545454 0.2520831036363636 0.11116855818181819 0.24807637636363636 0.10336344181818181 0.23789779818181817 0.10160312363636363 0.24242396909090907 0.11000810909090909 0.25303846
6 0.1602909618181818 0.34037464181818183 0.1572540581818182 0.3267862490909091 0.15382745636363637 0.3241434490909091 0.15131175272727274 0.3261346581818182 0.1548989581818182 0.34096318909090906 0.15806236727272727 0.3441785981818182 0.1602909618181818 0.34037464181818183
6 0.16982892545454545 0.3816030654545455 0.17216519636363636 0.3751274527272727 0.1726351981818182 0.3702747272727273 0.16890438727272727 0.3679455690909091 0.16707740363636364 0.37540236 0.1625364581818182 0.38806728181818184 0.16441809636363636 0.3898929418181818 0.16982892545454545 0.3816030654545455
6 0.2455080909090909 0.4460691945454545 0.24333934 0.4424307872727273 0.2410629127272727 0.4414640381818182 0.23316538727272726 0.4642171581818182 0.23590154 0.46696931636363637 0.2406201890909091 0.46436373454545454 0.2455080909090909 0.4460691945454545
35 0.27857061818181816 0.5632097472727272 0.27327265636363635 0.5521031545454546 0.2577752890909091 0.5123495272727273 0.25573131636363633 0.5039130763636364 0.25421027090909093 0.5054812872727272 0.2217419381818182 0.5395589254545454 0.2231211090909091 0.5449151490909091 0.2266929472727273 0.5562951327272728 0.2360891327272727 0.5776364981818182 0.2377075781818182 0.5800347636363636 0.2762446254545454 0.5630472290909091 0.27857061818181816 0.5632097472727272
35 0.2704066363636364 0.5440623618181819 0.2749731327272727 0.5550193472727273 0.27773320363636367 0.5601568581818182 0.27994469818181816 0.5584792927272727 0.2819493836363636 0.5610818436363636 0.28219720727272724 0.5570606872727273 0.27634212181818185 0.5402022109090909 0.2706015363636364 0.5251838200000001 0.2642200618181818 0.5094705545454545 0.26080374 0.50018962 0.25842818 0.5008313309090908 0.2585341309090909 0.5037346127272727 0.2564952490909091 0.50538484 0.2585802381818182 0.5140802563636364 0.2704066363636364 0.5440623618181819
6 0.2435045490909091 0.5987606672727274 0.24092391272727273 0.59810756 0.23866285454545452 0.6005893581818181 0.2410896090909091 0.6203799709090909 0.24358648545454545 0.6260900890909091 0.24682683454545457 0.6197367454545455 0.2435045490909091 0.5987606672727274
6 0.35289904 0.7956606472727273 0.33615390363636366 0.8038874818181818 0.33166598 0.8045982981818182 0.33375096909090907 0.8132937145454545 0.33948819636363636 0.8126504854545454 0.3555018654545455 0.8042740472727273 0.35289904 0.7956606472727273
6 0.30235750181818183 0.8798527127272727 0.32018950727272727 0.8918941709090908 0.3343573672727273 0.8986758490909091 0.3408209690909091 0.8880955472727273 0.33824888 0.8863792454545454 0.32698123636363635 0.8833855818181818 0.3104959327272727 0.875378190909091 0.3053107381818182 0.87168662 0.30235750181818183 0.8798527127272727
6 0.5089058981818182 0.93606782 0.4993454563636363 0.9673135854545455 0.49963938727272733 0.9736380763636364 0.5016594418181818 0.9796891763636363 0.5061405436363636 0.9744666145454546 0.51609578 0.9423619400000001 0.5089058981818182 0.93606782
6 0.13778534 0.6362108399999999 0.1427911018181818 0.6354180054545454 0.14372082727272725 0.6323506890909092 0.1376999490909091 0.6200312927272726 0.13486639636363637 0.61331266 0.13149618000000002 0.6143773690909091 0.12966237636363637 0.6173224163636364 0.13778534 0.6362108399999999
6 0.11711142727272729 0.5648909545454546 0.11956046909090909 0.5658303672727273 0.12113962727272727 0.562394729090909 0.11952973090909091 0.5589332690909091 0.10769641454545455 0.5512509163636363 0.10461330727272726 0.5541283745454545 0.10480128909090909 0.5575495818181818 0.11711142727272729 0.5648909545454546
57 0.2666254836363636 0.7570293818181818 0.26148812727272724 0.75810852 0.24804654727272726 0.76820126 0.2524079618181818 0.7778634272727273 0.26025928363636364 0.7715761563636364 0.2696726636363636 0.7639796418181818 0.2666254836363636 0.7570293818181818
57 0.27019598181818183 0.666738329090909 0.2601656327272727 0.6760253254545454 0.25097442909090906 0.6827902727272728 0.2536029018181818 0.6882140872727273 0.26366571636363634 0.6802492490909091 0.27252024545454545 0.6724757854545454 0.27019598181818183 0.666738329090909
35 0.3691871309090909 0.9889904799999999 0.3796259109090909 0.98786806 0.39547378727272725 0.9840307018181819 0.3883574872727273 0.9525062109090909 0.3844336054545454 0.9366691618181818 0.3782896781818182 0.9235728763636364 0.3723422836363636 0.9128346018181819 0.3598134272727273 0.8951749254545455 0.34765371272727275 0.8798459218181818 0.31403683818181816 0.9334840654545455 0.33548842181818184 0.9884877072727272 0.3431568509090909 0.9888659090909091 0.36000620727272725 0.9891172945454545 0.3691871309090909 0.9889904799999999
6 0.45107857090909087 1 0.4512446036363636 0.9998852690909091 0.44488704727272727 0.9865573563636363 0.4348242327272727 0.9945221963636364 0.4292425218181818 0.9972644727272727 0.42705896909090907 1 0.45107857090909087 1
57 0.35776272909090906 0.8554152345454545 0.35492226 0.8709963527272727 0.3551392509090909 0.8868895963636364 0.36088329636363636 0.890758110909091 0.3667299309090909 0.8818682890909091 0.36405026181818184 0.856012150909091 0.35776272909090906 0.8554152345454545
57 0.31990950727272727 0.8141586854545455 0.3075531672727273 0.8232831618181818 0.30511949454545456 0.8257922981818182 0.3043692 0.83334402 0.30782826909090905 0.8373089800000001 0.3201948890909091 0.8215463709090909 0.31990950727272727 0.8141586854545455
57 0.06592047636363636 0.17241939272727272 0.07822552363636363 0.16967408545454546 0.07769231818181818 0.16630755454545454 0.06531378727272728 0.16747174181818184 0.06592047636363636 0.17241939272727272