4 0.6940464618181817 1 0.74223722 0.948720430909091 0.8174827836363636 0.9118079909090909 0.8306506927272728 0.887078470909091 0.8644142127272727 0.8540836090909091 0.8606608690909091 0.8482751381818182 0.8406748927272727 0.8441045745454545 0.8361761781818182 0.8340844727272727 0.8299738963636363 0.8298378818181819 0.8214740145454545 0.8212711181818182 0.8113561654545454 0.8098182072727272 0.7985458072727273 0.8182813181818183 0.7940972290909091 0.8335684054545455 0.7942745854545454 0.85333848 0.8013688581818182 0.8857241345454546 0.7432746163636363 0.9476152327272727 0.6827365927272727 0.961312009090909 0.6727067127272728 0.9262946963636364 0.6646868763636364 0.9257338945454545 0.6489905 0.9546772036363635 0.6452859418181818 0.9503741854545453 0.65172328 0.9140819909090909 0.6413027436363636 0.9143931927272727 0.6249230218181818 0.9330054836363636 0.6169230490909091 0.9210074181818182 0.5858671763636364 0.9524584872727273 0.5929221927272728 0.9668168545454546 0.569465229090909 0.9974127854545455 0.5693727327272727 1 0.6940464618181817 1
4 0.8952686054545455 0.8032074072727272 0.9004516781818181 0.7848520490909091 0.8867469672727273 0.7800808381818182 0.8642245509090909 0.7601347490909092 0.8567613818181817 0.7776374163636364 0.8550313272727272 0.7986606145454545 0.86057148 0.8049406581818181 0.8570503563636364 0.81439996 0.8611347654545455 0.8191917072727273 0.8812895854545455 0.8209476945454546 0.8893160418181818 0.8176960745454546 0.8952686054545455 0.8032074072727272
4 0.8701586781818181 0.8239822290909091 0.8528079836363637 0.8193026909090909 0.8394669745454546 0.8353544636363637 0.8415957290909091 0.842089210909091 0.8603846654545455 0.8447895636363636 0.8701586781818181 0.8239822290909091
4 0.7944490363636364 1 0.7985481818181819 0.9929809018181819 0.7979125363636363 0.9797646727272729 0.79219266 0.9686192981818182 0.7933613236363636 0.9593421218181817 0.7694905236363636 0.94380788 0.7611155018181818 0.9446087454545454 0.7581316527272728 0.9426669654545454 0.7671049581818182 0.9630521109090909 0.7815635545454546 0.9942196018181818 0.7830225654545455 1 0.7944490363636364 1
4 0.8466321963636364 0.9894107472727274 0.8597778781818182 0.9910232345454545 0.8650068272727273 0.9868827418181819 0.8590041290909091 0.9760642181818182 0.8316055854545455 0.973801698181818 0.8404956527272727 0.9879417618181818 0.8466321963636364 0.9894107472727274
4 0.8005695763636363 0.9938155036363636 0.8100409 0.9847722781818182 0.8159892072727273 0.9591912890909091 0.7938238709090909 0.9638806018181818 0.7935036836363637 0.9721772327272729 0.8025077309090909 0.9884050181818181 0.8005695763636363 0.9938155036363636
4 0.4637345945454545 0.9442647690909092 0.4759357909090909 0.9073357454545454 0.4632791381818182 0.8950120527272727 0.4603633927272727 0.8809431327272728 0.4508636927272727 0.8792389690909092 0.44307182 0.88285362 0.4402520854545454 0.9083067563636363 0.42931367090909095 0.9494835927272727 0.4232953654545455 0.9611946545454545 0.42222744363636366 0.9801844 0.4403391127272727 0.9665459799999999 0.45221775636363637 0.9528183309090908 0.4637345945454545 0.9442647690909092
4 0.44203038 0.88659368 0.44067111818181814 0.8837256236363636 0.43490726 0.8843624527272727 0.42180982 0.8820600872727272 0.4203933327272727 0.8985990763636363 0.4233331981818182 0.9123230600000001 0.4223792563636364 0.933400529090909 0.4220500854545454 0.9604143254545455 0.42877214 0.949792350909091 0.4341722981818182 0.9283325381818182 0.43970629818181817 0.8975231909090909 0.44203038 0.88659368
4 0.42964331272727274 0.88156798 0.43781023454545454 0.8651544018181818 0.4456219727272727 0.8501024890909091 0.4485490654545455 0.8305494981818182 0.4427677090909091 0.8277188472727273 0.42804331636363635 0.8412475018181819 0.42265829454545456 0.88107954 0.42964331272727274 0.88156798
4 0.43446221454545453 0.8832914545454545 0.4421093636363636 0.8817464399999999 0.44394252 0.8555310636363637 0.4328683690909091 0.8800603690909091 0.43446221454545453 0.8832914545454545
4 0.4498667072727273 0.8302950127272728 0.44279561636363635 0.8793680472727272 0.44858359454545454 0.8783862800000001 0.4609531636363636 0.8799444945454545 0.46706132909090914 0.8706660963636363 0.4498667072727273 0.8302950127272728
4 0.4659394854545455 0.8123545090909091 0.45022851454545454 0.8251209236363636 0.4684030909090909 0.8700666690909091 0.47387986727272735 0.8586643654545455 0.4649131818181818 0.8344667963636363 0.4659394854545455 0.8123545090909091
4 0.5150214236363636 0.7759246818181819 0.5171549072727273 0.75284994 0.5075104818181818 0.7532154145454546 0.49935680181818176 0.7620041509090909 0.49016168363636364 0.7745329454545454 0.48133925090909085 0.7891675581818182 0.4787805836363636 0.79973404 0.4724926963636364 0.8041471090909091 0.47339982 0.8506584018181819 0.48347179272727275 0.8478964454545455 0.4957316363636364 0.8584592600000001 0.5087084745454545 0.8624863218181819 0.5160467854545455 0.8356160254545455 0.5165665581818182 0.8207474600000001 0.5241479672727273 0.8164248436363636 0.5257905254545455 0.7780642363636364 0.5150214236363636 0.7759246818181819
4 0.48410696909090906 0.9020144909090909 0.49295115818181817 0.9019396836363637 0.5180237254545454 0.8891346436363636 0.5190741490909091 0.8666774181818182 0.5161626618181818 0.86370082 0.5005197945454546 0.8643400927272727 0.47906483272727274 0.8663060763636363 0.4706567054545455 0.8861690454545454 0.48410696909090906 0.9020144909090909
4 0.5169515454545455 0.8970320654545455 0.5068861963636364 0.8959815999999999 0.4992258036363636 0.9051514581818182 0.49864691272727274 0.9134299963636364 0.49653329272727276 0.9250674763636363 0.4984757036363636 0.9307493163636363 0.5138182454545455 0.9269694090909091 0.5142765345454546 0.9204155672727273 0.5181570981818182 0.9206869218181819 0.5169515454545455 0.8970320654545455
4 0.4962178327272727 0.9035546145454546 0.4878428109090909 0.9043554818181818 0.4803952454545454 0.89932856 0.4778015818181818 0.9029600781818181 0.48589141636363636 0.9173908072727274 0.4957770436363636 0.9135759418181818 0.4962178327272727 0.9035546145454546
4 0.5561592054545454 0.8307951909090909 0.5682109509090909 0.8257452927272728 0.5574617127272727 0.8121684763636363 0.5518534563636364 0.8180155727272728 0.5411193527272726 0.8228109854545455 0.5347766036363637 0.8317263545454545 0.5256604672727272 0.839407910909091 0.51985452 0.8778240145454546 0.5183415490909091 0.8957427600000001 0.5200536345454545 0.9121538945454546 0.5357972381818182 0.9212271890909092 0.5445624436363636 0.9259996218181819 0.5528651054545455 0.9262335745454545 0.5555859945454545 0.91706494 0.5569234981818182 0.9053731890909091 0.5573401690909091 0.8956968018181818 0.5610585109090909 0.8945703109090909 0.56149268 0.8883614054545454 0.5595502690909091 0.8826795672727273 0.5609293945454545 0.8741103581818181 0.5585419363636364 0.86735752 0.5447823636363636 0.8670886090909091 0.5509628909090909 0.8567753927272728 0.5607477799999999 0.84324796 0.5561592054545454 0.8307951909090909
4 0.5486685981818181 0.7557468436363636 0.5500411018181818 0.7509900563636364 0.5447246563636364 0.73779314 0.5418964072727273 0.7410616272727273 0.53672894 0.7368873981818181 0.5319450381818182 0.742098889090909 0.5372591218181818 0.7702005527272727 0.5502142036363636 0.7596678072727273 0.5486685981818181 0.7557468436363636
4 0.5441169163636363 0.7762261072727272 0.539219030909091 0.7793498727272727 0.5405844454545454 0.8193073218181819 0.5511497036363636 0.8169264854545455 0.548861090909091 0.7938891454545455 0.5441169163636363 0.7762261072727272
4 0.5649272472727273 0.7797610636363637 0.56189752 0.7636044163636364 0.55616866 0.7711762109090908 0.557222870909091 0.8007131218181819 0.5675228036363636 0.8021266163636364 0.5639624272727273 0.7935586309090908 0.5649272472727273 0.7797610636363637
4 0.5550156036363636 0.7579237981818182 0.5550439836363635 0.7686711836363637 0.5608627018181819 0.7635320545454546 0.5660585454545455 0.7784536690909091 0.5710836545454545 0.7697927872727273 0.5630661818181818 0.75432724 0.5584818636363637 0.7529667963636363 0.5550156036363636 0.7579237981818182
4 0.5767869800000001 0.8852713781818181 0.5696946018181818 0.8788827909090909 0.5656470854545455 0.9070230781818182 0.5593218345454545 0.919405930909091 0.5648619872727273 0.9256859745454546 0.5767869800000001 0.8852713781818181
4 0.8994835309090908 0.5161493327272727 0.8799028745454545 0.5359242945454545 0.8759234636363636 0.5519374418181818 0.8822198654545454 0.56970902 0.8878739981818181 0.5780767890909091 0.9206353345454545 0.5668492781818182 0.9306065672727273 0.5543747509090909 0.9305365690909091 0.5405048236363637 0.92159164 0.5308670618181818 0.9131225018181818 0.5181429381818181 0.8994835309090908 0.5161493327272727