8 0.4252733818181818 0.3455547654545455 0.3795648636363636 0.22968958363636366 0.32341840363636365 0.12126114000000002 0.30847586 0.11470925636363637 0.15458275999999999 0.3587079345454546 0.10633761818181818 0.4346577018181818 0.08162638727272728 0.4708804109090909 0.11570557818181817 0.46750820727272724 0.11872422181818182 0.4638515909090909 0.20046483272727272 0.6500745254545455 0.20988036181818184 0.6513977927272727 0.23930088363636365 0.6291924745454546 0.3532376709090909 0.45414676000000004 0.4252733818181818 0.3455547654545455
12 0.12333735454545454 0.53201962 0.13551452727272728 0.519633490909091 0.13807182545454547 0.5088632763636364 0.12353560181818182 0.4756574054545455 0.10547181636363637 0.47052179454545456 0.0904287090909091 0.4795372436363636 0.08444526181818181 0.5102302490909091 0.11366618181818182 0.5325153636363636 0.12333735454545454 0.53201962
12 0.13075868545454544 0.5460471781818181 0.1307063690909091 0.5360231672727273 0.12436078363636364 0.5321634545454546 0.11428023818181819 0.5326016636363636 0.1030223709090909 0.5295355218181818 0.07796035454545454 0.63063172 0.0847166690909091 0.6464207527272727 0.09853318727272727 0.6505884599999999 0.10968845818181817 0.6514142581818182 0.11802739818181819 0.6351498127272728 0.12646368 0.5751225436363637 0.13075868545454544 0.5460471781818181
12 0.15635402363636364 0.6342294854545454 0.14657330181818184 0.5716419818181818 0.14498474545454546 0.5517563945454546 0.14559710727272726 0.5370029618181819 0.1451865509090909 0.5265576163636364 0.13449161090909093 0.5239415781818182 0.1347992309090909 0.5291786327272727 0.13234487090909092 0.54515714 0.12375367454545455 0.5929200563636363 0.12022645272727273 0.6239582636363636 0.12294069454545456 0.64326008 0.1401855690909091 0.6467966509090909 0.15323363090909092 0.6430656272727273 0.15635402363636364 0.6342294854545454
12 0.1458536 0.54260382 0.14467780181818182 0.5524552309090909 0.1474435127272727 0.5743611927272727 0.15804314363636363 0.6385477345454545 0.1631096581818182 0.6440826236363637 0.17631144545454544 0.6422281400000001 0.18767038545454545 0.6341788636363637 0.18833421272727272 0.6220295763636363 0.15557573454545454 0.5402603036363637 0.1458536 0.54260382
12 0.048085943636363634 0.7110182618181818 0.10099754909090909 0.7221643763636364 0.11409656727272728 0.7165855763636364 0.12325018181818181 0.6648208418181818 0.11669906000000001 0.6535124963636364 0.06199658545454545 0.6432276545454546 0.05365662909090909 0.6505882581818181 0.04557689272727273 0.6961971309090909 0.048085943636363634 0.7110182618181818
12 0.02747536909090909 0.8086592072727272 0.033719036363636365 0.8162144690909091 0.04339071818181818 0.8201706472727273 0.05244783818181818 0.8195886054545455 0.061861332727272726 0.8031041945454546 0.08262715818181819 0.720695549090909 0.04562971818181818 0.7106730618181818 0.02542648 0.7905638618181817 0.02747536909090909 0.8086592072727272
12 0.13318920363636363 0.7693521636363636 0.13559192545454546 0.74928554 0.13262322545454547 0.7421905436363636 0.12750507272727274 0.7325675381818182 0.11752610727272728 0.726342250909091 0.10995308727272728 0.7282458309090909 0.10253412909090909 0.7349939 0.07081788727272727 0.8180894872727272 0.06902803454545454 0.8278545963636363 0.0737887909090909 0.8444761345454546 0.08463813636363636 0.8549046072727273 0.09819833272727273 0.8549554327272727 0.13318920363636363 0.7693521636363636
12 0.13949552363636364 0.8774538054545455 0.1486041090909091 0.8794759072727273 0.19511086363636362 0.8158953963636363 0.2009944272727273 0.8067056181818182 0.2025787472727273 0.7894918745454546 0.19925095636363635 0.7745556763636364 0.1931092072727273 0.7633048654545455 0.18650763636363638 0.7582962127272728 0.1782181309090909 0.7593571236363637 0.13283723090909091 0.82383784 0.12823375818181817 0.8402562818181819 0.12941226727272728 0.85414844 0.1295160509090909 0.8667765963636364 0.13949552363636364 0.8774538054545455
12 0.1178310181818182 0.7078357345454546 0.15641938727272728 0.7585194345454546 0.1649134090909091 0.7560033181818182 0.17478825090909092 0.7466325036363636 0.18563403636363637 0.7258975363636364 0.18297024545454546 0.7002960254545455 0.14120950545454544 0.6513924036363636 0.13169239636363636 0.6567326345454545 0.12253471454545455 0.6728820109090909 0.1178310181818182 0.7078357345454546
12 0.16244718363636362 0.6681036981818183 0.1673611618181818 0.6821498563636363 0.20681872363636364 0.7266489254545454 0.21490354363636363 0.7255592509090909 0.22452189454545454 0.7105875781818182 0.23250242363636364 0.6924178254545454 0.23459820363636363 0.6730500381818182 0.23203853454545456 0.6630446290909091 0.2167367309090909 0.6471675690909091 0.2089593618181818 0.6520103290909091 0.2001578890909091 0.6507733636363636 0.1876690290909091 0.6223070781818182 0.18767038545454545 0.6341788636363637 0.17702792727272726 0.6430708109090909 0.16786855272727272 0.6443804545454546 0.1650039727272727 0.6528815618181818 0.16244718363636362 0.6681036981818183
12 0.2820796290909091 0.6307527872727273 0.2940035290909091 0.6409612909090909 0.3106815781818182 0.6099163763636364 0.3420962981818182 0.5750067672727273 0.34465393272727274 0.5672045 0.35033264 0.5565019818181819 0.3479768090909091 0.5391054727272727 0.34040141454545453 0.5202334272727273 0.33313432 0.512534330909091 0.3241288381818182 0.5172044909090909 0.31210624000000003 0.538887029090909 0.2766499563636364 0.5817613418181817 0.27429751454545453 0.5940442963636363 0.2749137745454545 0.613422249090909 0.2820796290909091 0.6307527872727273
12 0.29483125272727273 0.7197269381818181 0.28951180363636364 0.7397546309090909 0.2885512 0.841641149090909 0.2920828272727273 0.8491862454545455 0.3089689509090909 0.8478495636363635 0.3241146545454545 0.8410744545454546 0.32948642 0.8310707745454545 0.33106091090909096 0.7277865854545454 0.32655613636363634 0.7123139854545455 0.29483125272727273 0.7197269381818181
12 0.42214807454545455 0.3113556836363636 0.42102391272727274 0.3252952127272727 0.42578484181818177 0.34340072363636365 0.4308540672727273 0.37267918181818177 0.4264070327272727 0.4147177381818182 0.43193523272727274 0.43033417090909093 0.4349550654545455 0.43706536545454544 0.4446262381818182 0.4365696218181818 0.4570600727272727 0.43126832363636364 0.4654506490909091 0.4190919981818182 0.46887730727272725 0.4036211272727273 0.4672901072727273 0.3956073254545454 0.4606885363636363 0.3905986763636364 0.4623725709090909 0.3503977290909091 0.46190868363636367 0.32102453454545454 0.45914348 0.30357049090909094 0.45520231272727274 0.2944838872727273 0.4424608563636364 0.2945481290909091 0.42885054727272726 0.30376494545454547 0.42214807454545455 0.3113556836363636
12 0.46129361090909093 0.31203439454545456 0.46252290727272727 0.32259480727272727 0.46421389454545453 0.3432367636363637 0.4717891181818182 0.36062483636363635 0.48458271999999997 0.3691006309090909 0.5066352436363636 0.3517956072727273 0.5205001818181818 0.3318559436363636 0.5378970854545454 0.3224293236363636 0.5440361236363637 0.30993656545454545 0.5473104127272728 0.3044609381818182 0.5457220254545454 0.28605932363636366 0.5481255963636364 0.2734125672727273 0.5470503600000001 0.2676966418181818 0.5425472818181818 0.2670637763636364 0.5382475327272727 0.2545878909090909 0.5311339945454545 0.24728136363636363 0.4792509 0.2807982781818182 0.46129361090909093 0.31203439454545456
45 0.5458733763636364 0.2671602418181818 0.5361517527272728 0.2739556763636364 0.5340038254545455 0.28478342727272726 0.5360513581818181 0.2910069872727273 0.5445961690909091 0.2851591218181818 0.5480235072727273 0.2756241418181818 0.5458733763636364 0.2671602418181818
45 0.34188737636363636 0.5378786709090908 0.33733232 0.53018974 0.3343131690909091 0.5293944381818182 0.3364119981818182 0.5367381690909091 0.3397897309090909 0.5409227527272727 0.34188737636363636 0.5378786709090908
45 0.12233833454545455 0.7455679327272727 0.12678977454545454 0.7421126818181818 0.1245370490909091 0.7314084345454545 0.11783457636363635 0.7389991727272728 0.12233833454545455 0.7455679327272727
45 0.45470712181818185 0.43909936 0.45424594363636367 0.43346973636363634 0.4459569472727273 0.43898256545454545 0.4498463090909091 0.44249707818181816 0.45470712181818185 0.43909936