2 0.47478692000000006 0.6749115272727273 0.4631414963636364 0.6800120709090909 0.4614702854545455 0.69583964 0.46150204545454543 0.7115291254545455 0.48287115090909094 0.7207384472727272 0.5397740090909091 0.7141735836363636 0.5368691436363636 0.70728408 0.54121258 0.7016729327272727 0.5376605745454546 0.6798224181818182 0.5250995781818182 0.6738007018181819 0.47478692000000006 0.6749115272727273
6 0.39710663454545453 0.6234464727272727 0.42573500545454546 0.6257055327272727 0.42426467636363635 0.6225166963636364 0.39625168363636365 0.6195291654545454 0.39710663454545453 0.6234464727272727
6 0.5990668018181818 0.7057184945454545 0.6230694363636364 0.7014820527272727 0.6194776127272728 0.6963446890909091 0.5932103127272728 0.70067994 0.5990668018181818 0.7057184945454545
6 0.4262165672727273 0.8044711509090909 0.4611488127272727 0.8053708418181817 0.4615425127272727 0.799740670909091 0.4248894018181818 0.7992349818181819 0.4262165672727273 0.8044711509090909
39 0.37100104 0.7304031690909091 0.36279260545454545 0.7250972836363637 0.3608739072727273 0.7250917 0.36340869454545455 0.7501885527272727 0.3687998981818182 0.7618809472727273 0.3820767127272727 0.7576659872727273 0.3989164927272727 0.7670729236363636 0.4062433109090909 0.7753003127272727 0.42285448 0.7718328490909091 0.4221784836363636 0.7653563727272727 0.4298920690909091 0.7599808890909091 0.4469396636363636 0.7583441218181818 0.4729067690909091 0.74215814 0.47120782909090914 0.7260949072727273 0.4598954872727273 0.7183603272727273 0.45089052727272727 0.7179878072727274 0.40281367090909087 0.72748436 0.3950464018181818 0.7336275945454546 0.39249541272727273 0.7378210727272727 0.37100104 0.7304031690909091
39 0.4648010981818182 0.5674884218181818 0.4606833709090909 0.5617999490909091 0.44990386 0.5625891818181818 0.4563578309090909 0.56715518 0.4648010981818182 0.5674884218181818
25 0.38147326545454546 0.4595657690909091 0.38783082545454545 0.4574386509090909 0.38748388 0.4543283709090909 0.37976336363636365 0.45173115454545454 0.37302306545454544 0.4512598272727273 0.3665939218181818 0.45441061272727273 0.3719960927272727 0.4578743890909091 0.38147326545454546 0.4595657690909091
6 0.4364461581818182 0.2545892181818182 0.4247938018181818 0.25171706 0.4323532581818182 0.2566175290909091 0.4364461581818182 0.2545892181818182
6 0.3903653690909091 0.9135752181818182 0.3914748872727272 0.8977083709090908 0.38299582909090907 0.8978869618181818 0.37997955818181817 0.9087342781818182 0.3903653690909091 0.9135752181818182
6 0.9327387781818183 0.9062400454545455 0.9256942581818182 0.9101193054545454 0.9141810345454546 0.9214011309090909 0.92572602 0.925808790909091 0.9370175654545454 0.9096252672727273 0.9327387781818183 0.9062400454545455
6 0.7670514036363636 0.9913493254545455 0.7612774600000001 0.9770584854545454 0.7465303181818183 0.9780846109090909 0.7572879036363637 0.9937526127272728 0.7670514036363636 0.9913493254545455
6 0.14444188181818182 0.6124648072727272 0.17259803818181818 0.6134050036363636 0.1735534290909091 0.607814109090909 0.14527200727272727 0.6086653309090909 0.14444188181818182 0.6124648072727272
57 0.3386259127272727 0.3781332690909091 0.34989553272727275 0.37840698181818183 0.34767762545454545 0.36976533818181817 0.33644379454545453 0.3689797909090909 0.3386259127272727 0.3781332690909091
6 0.6759848381818181 0.3806359072727273 0.6870685709090909 0.3754960872727273 0.6838773763636364 0.37270125454545455 0.6716165745454545 0.3785302709090909 0.6759848381818181 0.3806359072727273
57 0.8763242545454546 0.8493184963636364 0.8743568854545454 0.8370940163636363 0.8573987672727272 0.8374512000000001 0.8566650527272727 0.8479437927272727 0.8763242545454546 0.8493184963636364