7 0.7888907781818182 0.1354190018181818 0.7892055418181818 0.15544475454545453 0.78555016 0.1666220818181818 0.7919012309090909 0.1755952890909091 0.8008397527272727 0.17424471272727274 0.8097069690909091 0.1742546672727273 0.8251080072727273 0.17324277818181819 0.8333826418181818 0.16503607272727272 0.8432866363636364 0.15827902545454547 0.8526841254545454 0.15467872545454547 0.8687744218181819 0.14051503818181818 0.8721609727272728 0.12795935636363637 0.868935010909091 0.11141907999999999 0.8614373145454546 0.09829297999999999 0.8365363272727273 0.09835224181818182 0.8197108418181818 0.1070203290909091 0.8160480727272728 0.11183068545454546 0.8061514654545454 0.12495470181818183 0.7888907781818182 0.1354190018181818
7 0.8039728745454546 0.06890555818181819 0.7973128254545455 0.06582798545454546 0.7828920363636364 0.07416734 0.7717775036363637 0.08449899272727272 0.7598327127272727 0.09114908727272727 0.7453881581818181 0.0999419509090909 0.7387978090909091 0.11505826363636364 0.7380773963636363 0.12229660181818182 0.7390101127272727 0.13053108909090907 0.7436129854545455 0.14032218727272727 0.74894366 0.14924191636363637 0.7631816981818181 0.15089761272727273 0.7776024872727273 0.1425582581818182 0.7879179163636364 0.13445850545454546 0.8061752327272728 0.12450119090909091 0.81607184 0.11137717454545455 0.8215229545454545 0.09847493636363636 0.8216106345454546 0.09029392727272727 0.8236440436363637 0.08403391090909092 0.8197927381818182 0.07291793454545455 0.811194350909091 0.07428633272727272 0.8039728745454546 0.06890555818181819
39 0.8614373145454546 0.09829297999999999 0.87029554 0.11149038363636363 0.8768916745454545 0.12229545636363637 0.88280176 0.10714349272727273 0.8818141181818182 0.09344905818181819 0.8738648418181818 0.08893965272727272 0.85721472 0.08124571818181818 0.8475246345454546 0.08392117272727272 0.8393926054545454 0.08940681636363637 0.8361961945454546 0.09833441636363636 0.8614373145454546 0.09829297999999999
39 0.8935868527272728 0.019940839999999998 0.8952668527272727 0.025485954545454544 0.9075427854545455 0.03204113454545454 0.9133129054545455 0.020974638181818182 0.8935868527272728 0.019940839999999998
33 0.7761003272727273 0.22979265454545453 0.7878951254545454 0.21949665272727273 0.7860534581818183 0.20257416909090908 0.7665159054545455 0.1979122018181818 0.7668855890909091 0.22339790181818184 0.7761003272727273 0.22979265454545453
11 0.6392147690909091 0.34267432545454546 0.6423636454545455 0.33465374545454546 0.6480672109090909 0.32995034363636366 0.64817866 0.3213158218181818 0.6531708036363636 0.31066331090909094 0.6511701527272726 0.3032823672727273 0.63955072 0.29721634909090905 0.6263093127272727 0.29606763999999997 0.6207705163636363 0.31715088909090905 0.6182306036363636 0.32656764909090913 0.62108528 0.3371766418181818 0.6392147690909091 0.34267432545454546
57 0.46995394727272727 0.25331196 0.4588631818181818 0.26319010000000004 0.4653716327272727 0.2821761818181818 0.4736995872727272 0.29898384181818183 0.4880818327272727 0.27836406 0.4817233727272727 0.26302388363636364 0.4797628690909091 0.24836895272727272 0.46995394727272727 0.25331196
49 0.2888989509090909 0.07010654 0.27056294363636363 0.07505741636363636 0.2623522236363636 0.07553662181818181 0.26567486 0.07070844 0.26196616 0.0568714 0.25094669818181814 0.06538901090909091 0.24378014363636366 0.06546818363636363 0.23111494181818182 0.07935661454545455 0.24024938545454544 0.10029934363636364 0.24492355999999998 0.10872991272727273 0.2650151563636364 0.10932811272727273 0.29045380545454547 0.11202556363636364 0.3032763890909091 0.10815000909090909 0.30939138909090913 0.1021039 0.3296255872727273 0.09998103818181818 0.33222042363636367 0.09602422545454546 0.3314614690909091 0.09098213636363636 0.3199207254545455 0.08992255454545454 0.30732842909090907 0.08289603818181818 0.2964367927272727 0.07595865090909092 0.28348798545454545 0.07573478909090908 0.2888989509090909 0.07010654
39 0.3050017963636364 0.19237026181818181 0.2986728890909091 0.20249796181818183 0.2900269672727273 0.20477338181818183 0.2855503181818182 0.1990817018181818 0.2802745672727273 0.1956219218181818 0.27184994181818184 0.20018272 0.26572755454545455 0.19986185818181817 0.2538540654545454 0.2051514218181818 0.24941596 0.21174016727272726 0.25685873454545455 0.21940632 0.26565464909090913 0.22077680545454545 0.27180819272727275 0.22701112545454546 0.2850258309090909 0.22861334363636365 0.30037933636363634 0.22850847636363636 0.3098956636363636 0.22264062363636364 0.3165810836363636 0.20571027090909091 0.3260826327272727 0.18710848000000002 0.3260424872727273 0.1943824690909091 0.31870057090909093 0.21082366181818182 0.32943482181818184 0.20774817272727272 0.34103209272727275 0.19471328545454547 0.3447276181818182 0.1762619709090909 0.3496722272727273 0.1665164781818182 0.34153281272727276 0.16563515454545455 0.33806018363636364 0.16681742727272728 0.3323492290909091 0.16515386363636364 0.31702687999999996 0.17117219090909092 0.3159188 0.17929972181818182 0.3050017963636364 0.19237026181818181
39 0.04798366545454546 0 0.048872549090909094 0.0034113454545454543 0.043627954545454546 0.005865023636363637 0.03412800727272727 0.0049123963636363635 0.027182749090909092 0.007276943636363636 0.024892394545454544 0.01193184909090909 0.02116895272727273 0.08297934727272727 0.02323734909090909 0.08255964363636363 0.033774074545454544 0.07674526727272726 0.03359292727272727 0.06718590363636363 0.03976284909090909 0.06659974363636365 0.044557465454545454 0.05320834363636364 0.04308708909090909 0.04221714363636364 0.04625234545454546 0.027376083636363638 0.05182968363636364 0.018573265454545455 0.05249517272727273 0.0058749781818181815 0.05633908909090909 0.010623987272727273 0.061472236363636364 0.01680482909090909 0.06450227272727273 0.011051801818181817 0.05734988181818182 0 0.04798366545454546 0
57 0.5741678090909091 0.0805092890909091 0.5809672563636363 0.11997463454545454 0.59640684 0.13124317454545453 0.6281088781818182 0.15109484 0.6058297 0.10763494545454545 0.5882230945454545 0.09216003454545454 0.5741678090909091 0.0805092890909091
57 0.5777480545454545 0.21394038 0.5931105509090909 0.20064806363636364 0.5935711254545454 0.17884392363636364 0.5604979600000001 0.19166281636363636 0.5626248363636364 0.20314317818181818 0.5777480545454545 0.21394038
57 0.9444836327272728 0.023517738181818182 0.9355762709090909 0.030781772727272724 0.9347845545454545 0.039380639999999995 0.92453304 0.039752892727272726 0.9133873527272728 0.04417108909090909 0.9150478690909091 0.051534205454545456 0.9287318672727273 0.05725366727272727 0.9328609945454545 0.05656055454545455 0.9398210272727273 0.06692994363636363 0.9471613436363637 0.07004316727272727 0.9581644254545455 0.06834603454545454 0.9687872290909092 0.07390506727272728 0.9793477218181819 0.06763718181818182 0.9767856436363638 0.05795303454545454 0.9591938145454546 0.055212063636363634 0.9586249981818181 0.04654189272727272 0.9545835527272727 0.039053996363636365 0.9522665381818181 0.031201718181818185 0.9444836327272728 0.023517738181818182