2 0.4120740909090909 0.7090493472727273 0.4681726254545454 0.7257546236363637 0.49131148 0.720277530909091 0.4941277236363636 0.7044917236363636 0.4952547054545454 0.6882647345454546 0.48444061454545456 0.6810644945454545 0.43400617090909094 0.671018170909091 0.4202969327272727 0.6748499945454546 0.4128447872727272 0.69621218 0.4162199927272727 0.7026305599999999 0.4120740909090909 0.7090493472727273
6 0.5733018963636364 0.63925878 0.544581169090909 0.6372946545454545 0.5425356236363637 0.6402432927272727 0.5717463527272727 0.6430498272727273 0.5733018963636364 0.63925878
6 0.36069367818181813 0.6859854272727273 0.33502922181818184 0.6769607163636364 0.3305029436363637 0.6814940709090909 0.3539059181818182 0.6900174545454545 0.36069367818181813 0.6859854272727273
6 0.5125917836363636 0.8150504709090909 0.47561660363636366 0.8090551327272727 0.47501366 0.8147917545454546 0.5103269872727273 0.8200851527272727 0.5125917836363636 0.8150504709090909
39 0.4789593109090909 0.7332156181818182 0.47439899636363636 0.7490817490909091 0.4976583090909091 0.7699809327272727 0.5145234981818182 0.7746535345454545 0.5213320345454545 0.7814327709090909 0.519502429090909 0.7878313745454545 0.535603550909091 0.7942691218181819 0.5444368545454545 0.7872884563636363 0.5630527454545454 0.7808087072727273 0.5756657218181819 0.7874071072727273 0.5831660509090909 0.7765954327272728 0.5901706290909091 0.7517853018181818 0.5882387781818181 0.7514504381818181 0.5790367236363636 0.7553341672727273 0.5560897145454545 0.7589859709090908 0.5542667363636363 0.7543125545454545 0.5475404199999999 0.7467510490909091 0.5008440963636364 0.72866126 0.49171594909090915 0.7274382181818182 0.4789593109090909 0.7332156181818182
39 0.5221091272727272 0.5758782490909091 0.5294142963636363 0.5724278745454545 0.5187065163636364 0.5697206254545454 0.5135532036363637 0.574715349090909 0.5221091272727272 0.5758782490909091
25 0.6196724236363637 0.4732962927272727 0.6114420618181818 0.4745403345454546 0.6105409618181818 0.47760926 0.6165613381818182 0.4808783890909091 0.6263987400000001 0.48085779636363635 0.6324498381818182 0.47833016 0.6265390872727272 0.47401800727272725 0.6196724236363637 0.4732962927272727
6 0.6013743418181818 0.2675823418181818 0.6098513600000001 0.26399149818181816 0.5976154454545455 0.26481454 0.6013743418181818 0.2675823418181818
6 0.5383543818181818 0.9332308618181818 0.5372439745454546 0.9217777981818182 0.5287428636363637 0.9200933872727273 0.52704366 0.9362602345454546 0.5383543818181818 0.9332308618181818
6 0.14356693454545455 0.9518460727272728 0.15717317636363634 0.9379852472727273 0.14251465454545453 0.9343354872727272 0.1341680381818182 0.9476945745454546 0.14356693454545455 0.9518460727272728
6 0.8278003527272727 0.6728621836363636 0.7994907254545455 0.6669867254545454 0.7994600018181818 0.6727834909090908 0.8279614781818182 0.6768336618181818 0.8278003527272727 0.6728621836363636
57 0.67795176 0.39769449090909087 0.6665073181818182 0.39649163090909095 0.6627417945454546 0.4047958509090909 0.6741314218181819 0.4065202218181818 0.67795176 0.39769449090909087
6 0.33895960181818185 0.3478286272727273 0.3276555072727273 0.33978597818181816 0.3239481109090909 0.3420326781818182 0.33418998 0.34917277090909093 0.33895960181818185 0.3478286272727273
57 0.06943532545454545 0.7874546527272727 0.07055899272727273 0.7767636709090908 0.05355677090909091 0.773394849090909 0.04940755454545454 0.7853496490909091 0.06943532545454545 0.7874546527272727