6 0.08491260909090909 0.23011981636363638 0.08076031636363637 0.2525513509090909 0.1573922890909091 0.30863449454545455 0.16517624181818183 0.29591254 0.17096966181818182 0.28111565818181816 0.17370782727272727 0.27013036 0.13700613636363637 0.24142237636363637 0.09811858545454545 0.21840253818181818 0.08491260909090909 0.23011981636363638
25 0.22666576727272728 0.6738248818181818 0.21588223454545455 0.6621245272727273 0.20345483454545454 0.653306769090909 0.18880305454545454 0.6496263218181818 0.17424620545454547 0.6525815872727273 0.16247087636363636 0.6636452945454545 0.1480729381818182 0.6873468054545455 0.14789413090909093 0.7059025472727273 0.15083593454545455 0.7294986054545455 0.16330669272727272 0.7574100981818181 0.1739746709090909 0.7674579436363637 0.19051931454545454 0.7770948563636364 0.20322044909090908 0.7739925872727272 0.2190463 0.7601547581818182 0.22950927272727273 0.7408798781818181 0.23405842727272727 0.7162064727272728 0.2323546818181818 0.6892026654545454 0.2325988418181818 0.6794988272727273 0.22666576727272728 0.6738248818181818
29 0.4496657963636364 0.41357116909090913 0.44326776727272726 0.41180444363636365 0.43821166545454543 0.4160327090909091 0.4395253890909091 0.41898525636363637 0.44530576 0.41719722909090906 0.44795383818181816 0.4181191163636364 0.4496657963636364 0.41357116909090913
29 0.41405449454545457 0.5403287236363636 0.42040232363636365 0.5492948400000001 0.4194531527272727 0.5568338618181818 0.4213948509090909 0.5608495545454546 0.42525551818181817 0.544804 0.4230813418181818 0.5427419163636364 0.42129234909090907 0.5461881927272727 0.4162300381818182 0.5371321818181819 0.41405449454545457 0.5403287236363636
29 0.4334963127272727 0.6336227618181819 0.43502599454545454 0.6238290290909091 0.4333374018181818 0.6128765163636364 0.4264358963636363 0.6144661763636363 0.42181381090909087 0.6222620309090909 0.4334963127272727 0.6336227618181819
29 0.4693142872727273 0.7526178454545455 0.4795599345454546 0.7513478709090909 0.48298111272727273 0.7527692272727273 0.48341786363636363 0.7458195672727272 0.4641928309090909 0.7479942090909091 0.46088583818181816 0.7534839854545455 0.46325260545454544 0.7583002490909091 0.4693142872727273 0.7526178454545455
29 0.4867696818181818 0.82806108 0.4847096909090909 0.8329101290909091 0.4826022363636364 0.83444132 0.4789588927272727 0.8324819709090909 0.4786314872727273 0.8277998636363636 0.48070179272727276 0.8204592109090909 0.475279769090909 0.8194545309090909 0.4755762327272728 0.8316114509090909 0.47837838363636365 0.83473668 0.48237870363636365 0.8391619509090908 0.48674768545454544 0.8383029127272728 0.48890534 0.8295723272727272 0.4867696818181818 0.82806108
29 0.4518941345454546 0.8017162836363637 0.4486848054545455 0.8033245254545455 0.4455924 0.8013266472727272 0.4439409563636364 0.7961835981818182 0.4382864545454545 0.7971325309090909 0.43861385818181814 0.8018146345454545 0.44279645636363635 0.811485690909091 0.44758019272727273 0.8139188254545454 0.4511760727272727 0.8125603181818183 0.45403873818181817 0.8059945545454545 0.4518941345454546 0.8017162836363637
29 0.46740221818181815 1 0.4650852527272727 0.995636249090909 0.4560019927272727 0.9871381745454546 0.45018447454545457 0.9831167399999999 0.4442115127272727 0.9821505872727272 0.43874960181818184 0.9858536981818181 0.4364481872727273 0.9898893345454545 0.4377811709090909 0.9931173 0.44171614 0.9886906690909091 0.4448560072727273 0.9940064036363637 0.44969752181818184 0.9972657927272727 0.4554675781818182 0.997969369090909 0.45789161636363634 1 0.46740221818181815 1
29 0.33603752909090906 0.6808453963636364 0.33668339454545454 0.6874425854545454 0.3372714818181818 0.6932135218181817 0.3347286436363636 0.6964357472727273 0.33018633090909094 0.6948160236363636 0.3289290127272727 0.6979483563636364 0.33556846727272727 0.7005284927272727 0.34199470363636364 0.7053376545454545 0.34501764727272727 0.7142595072727274 0.3479380909090909 0.7085199963636364 0.3466642527272727 0.7008596581818182 0.34884116727272724 0.692404490909091 0.3491816236363636 0.6840777418181818 0.3453560018181818 0.6768726072727274 0.34660437454545456 0.6709732527272727 0.34302775272727276 0.6726071781818181 0.3417896963636364 0.676014929090909 0.3374784927272727 0.6777002218181818 0.33603752909090906 0.6808453963636364
29 0.35613288909090907 0.8626584509090909 0.3576584636363636 0.8686405963636363 0.3623163309090909 0.8719128272727272 0.36546514545454545 0.8799955836363637 0.3682583509090909 0.8803537945454546 0.3678539090909091 0.8745700145454546 0.3658647490909091 0.8672364618181818 0.3669294727272727 0.861349950909091 0.36469751818181817 0.8584616109090909 0.36322698363636363 0.8638229727272728 0.3625914345454545 0.8547341763636364 0.3656673181818182 0.8459393836363637 0.35962626545454546 0.84663858 0.3569176727272727 0.8554076909090909 0.35613288909090907 0.8626584509090909
29 0.3755036854545455 0.820342729090909 0.37779615272727274 0.8135400727272728 0.37584414 0.8120159818181818 0.37356198545454544 0.8163270363636363 0.3733666581818182 0.8240901072727272 0.3798004690909091 0.83692492 0.38918429454545456 0.8418040345454545 0.3892434418181818 0.8373716618181818 0.38114513454545457 0.8324026563636364 0.3755036854545455 0.820342729090909
29 0.2923616981818182 0.85853806 0.2894838781818182 0.8490525309090908 0.2855234436363636 0.8399194690909091 0.28483906363636363 0.8327714436363637 0.2787904327272727 0.8254449927272728 0.2766210945454546 0.8419258054545454 0.28321792545454544 0.8597309836363636 0.2923616981818182 0.85853806
29 0.29026802727272727 0.8813791727272727 0.2877802309090909 0.8959449036363637 0.2908238036363636 0.8998835472727272 0.29378139636363637 0.8999534963636364 0.29780371272727274 0.8941369345454545 0.29943106 0.8804616654545455 0.2960766018181818 0.8826335854545454 0.29517489454545454 0.8934904636363636 0.29169456909090913 0.89650148 0.29030380727272725 0.8924472600000001 0.2921712072727273 0.8848440290909091 0.29026802727272727 0.8813791727272727
29 0.15185950181818184 0.8074746854545455 0.14762944 0.7944857745454545 0.14405282 0.7961197 0.14750977818181818 0.8086091436363636 0.14457902181818183 0.81684026 0.14879256363636365 0.8190365018181819 0.15185950181818184 0.8074746854545455
29 0.14395632909090908 0.6469502509090909 0.1463808727272727 0.652592769090909 0.14979310727272727 0.6512471036363636 0.15768850727272726 0.6559535345454546 0.15945824545454546 0.65223184 0.15476185818181817 0.6484087709090909 0.16280238727272728 0.6525515236363637 0.16456317818181818 0.6460628072727272 0.16058348363636363 0.636654329090909 0.15866104363636366 0.6329140545454546 0.15621450363636363 0.6375133690909092 0.15292056 0.629994290909091 0.15012598727272727 0.6348947072727273 0.15307326363636364 0.63745626 0.15932616727272728 0.6397866618181818 0.16158632545454546 0.6457174418181818 0.15630942909090909 0.6441490836363636 0.15285867818181817 0.6449439145454545 0.1480646272727273 0.6450023818181818 0.14395632909090908 0.6469502509090909
29 0.1900852509090909 0.21667660363636365 0.18570595636363638 0.22002724727272727 0.18674868363636363 0.22438256727272726 0.1961352490909091 0.2187444290909091 0.20673924363636365 0.2146817490909091 0.20623850727272727 0.20752088181818182 0.19719997454545454 0.21285791636363638 0.19102410909090908 0.21162918727272725 0.1900852509090909 0.21667660363636365