29 0.7589622854545455 0.17185073818181817 0.7557787254545454 0.16569651454545453 0.7362421381818182 0.19065189818181819 0.7409192218181818 0.19134967636363637 0.7589622854545455 0.17185073818181817
6 0.035021514545454546 0.005561496363636363 0.03973486363636364 0.057421938181818184 0.049166421818181816 0.05771073272727273 0.055986367272727273 0.05559254909090909 0.05398782363636364 0.004663398181818181 0.048056529090909086 0.0020242854545454545 0.035021514545454546 0.005561496363636363
6 0.11998575818181817 0.8537912327272728 0.12878831272727273 0.8829526363636363 0.13990277636363638 0.8989295836363637 0.14912355454545453 0.8903062254545455 0.14214716 0.8668334036363636 0.13949548181818183 0.8729503127272727 0.13501764545454545 0.8733786436363636 0.13854644 0.8547183981818182 0.13683060363636365 0.8434766472727272 0.11998575818181817 0.8537912327272728
29 0.697467549090909 0.9757323163636364 0.6909165109090909 0.9103972509090908 0.6771547672727273 0.9124007418181818 0.6844912636363636 0.9744542018181818 0.6908468509090909 0.9789766072727273 0.697467549090909 0.9757323163636364
29 0.5902720527272728 0.67202676 0.5841486418181818 0.6641840581818182 0.5836068945454546 0.6719314109090909 0.5885018909090909 0.67746386 0.5902720527272728 0.67202676
29 0.4076984145454545 0.6829864018181818 0.4059567818181818 0.6721135745454545 0.4012912309090909 0.6792018381818182 0.4014575490909091 0.6847743527272727 0.4076984145454545 0.6829864018181818
29 0.3693035727272727 0.6039321090909091 0.38362132909090907 0.5860263018181818 0.37102047454545456 0.5714283181818182 0.36143139636363636 0.5892940618181819 0.3599636727272727 0.5943815872727273 0.3693035727272727 0.6039321090909091
29 0.28438934000000005 0.5898383654545454 0.27972652181818186 0.5809856218181819 0.2770677109090909 0.5911800163636364 0.28438934000000005 0.5898383654545454
29 0.17428793454545455 0.9120850672727273 0.17923012545454547 0.9050161490909091 0.17418747818181818 0.8976197472727272 0.16972117454545455 0.9058341200000001 0.17428793454545455 0.9120850672727273
29 0.02366722181818182 0.7881106218181818 0.04362976727272727 0.7928430690909091 0.047660245454545454 0.7749593563636363 0.05009234545454545 0.7362032418181819 0.04040994363636364 0.7355261836363637 0.037596347272727274 0.7479341054545455 0.02431489090909091 0.7629465745454546 0.020579718181818182 0.7845581945454545 0.02366722181818182 0.7881106218181818
29 0.72507668 0.24696286727272726 0.7317819018181818 0.2385343290909091 0.7266547272727273 0.23632217454545454 0.7182896654545455 0.24463464545454547 0.72507668 0.24696286727272726
57 0.35382099454545457 0.5112802490909091 0.32290483454545454 0.5280253854545455 0.3269523109090909 0.48604569818181814 0.3574886418181818 0.4707569054545454 0.35946518363636365 0.4623684309090909 0.31984419454545454 0.48035849272727277 0.31799664 0.48690236 0.3216187563636364 0.4867849163636363 0.3197240072727273 0.5059301509090909 0.31902474 0.5318320436363637 0.3253358672727273 0.5330148127272727 0.3527446309090909 0.5226974763636364 0.3852761672727273 0.5027287690909091 0.38359766181818183 0.49890414181818177 0.3598884109090909 0.507997270909091 0.3630472381818182 0.47077487636363635 0.3619807418181818 0.46217361090909087 0.3591226836363636 0.47124189454545456 0.35382099454545457 0.5112802490909091
6 0.02653440727272727 0.5006280854545454 0.02360168909090909 0.49486212727272727 0.026312094545454547 0.48392989090909094 0.02853948 0.4759296818181818 0.028582274545454544 0.4514647890909091 0.021743667272727273 0.4498744090909091 0.012762198181818183 0.4510999909090909 0.01292744909090909 0.5004180454545454 0.02653440727272727 0.5006280854545454
6 0.06615673454545454 0.81258386 0.10649732181818182 0.8002050018181818 0.10572886 0.7793906345454545 0.06460994909090909 0.7909736163636364 0.06476200181818181 0.8047010963636364 0.06615673454545454 0.81258386
6 0.14609098181818184 0.9416250181818182 0.14860927090909093 0.925489189090909 0.12719326545454546 0.9176893018181818 0.11957359999999999 0.9312440545454544 0.14609098181818184 0.9416250181818182
29 0.6759820745454546 0.5475247927272727 0.6716661563636364 0.5416621109090909 0.6674062327272727 0.5469251127272727 0.6720245872727273 0.5524382163636364 0.6759820745454546 0.5475247927272727