7 0.6699216927272728 0.41342782727272726 0.6707525218181818 0.41860128909090905 0.6779561509090909 0.42008389090909093 0.6819128963636364 0.4216798781818182 0.6892072509090909 0.42576055090909093 0.6933828363636364 0.42431411636363636 0.6966902054545455 0.4259327781818182 0.7090586054545455 0.4263679436363636 0.7155221309090909 0.42527515272727273 0.716624310909091 0.4196006490909091 0.7163067672727274 0.4105074036363637 0.7086877236363637 0.4064380709090909 0.6999665 0.4080432418181818 0.692717509090909 0.4052616036363636 0.6808098872727273 0.40871220545454545 0.6713939236363636 0.40904101818181815 0.6699216927272728 0.41342782727272726
6 0.8307570927272727 0.43902618545454547 0.8328938236363637 0.4350497127272727 0.8244065618181818 0.43404547454545456 0.8215902145454546 0.4371786018181818 0.8307570927272727 0.43902618545454547
29 0.20475241636363636 0.5072754945454546 0.20776534 0.5097715181818181 0.21424398545454545 0.50911174 0.21838932909090908 0.5067992836363636 0.2156406109090909 0.5025598727272728 0.20849746727272728 0.5028093181818182 0.20475241636363636 0.5072754945454546
29 0.6422715018181818 0.4408393109090909 0.6440986636363636 0.4373071890909091 0.639122490909091 0.43444618363636367 0.6363212636363637 0.43801232 0.6422715018181818 0.4408393109090909
6 0.7840577981818182 0.507422069090909 0.7795949109090909 0.5006412818181818 0.7706397254545455 0.50485586 0.7744229945454545 0.5107933018181817 0.78090164 0.5101335236363637 0.7840577981818182 0.507422069090909
57 0.9602132072727272 0.5155773963636363 0.9538777963636363 0.5110296981818182 0.9507972436363636 0.5159062090909091 0.9574119781818182 0.5191435345454546 0.9602132072727272 0.5155773963636363
27 0.7463284781818181 0.39515221454545457 0.7555860854545454 0.3995978690909091 0.7537278509090909 0.38362179090909093 0.7459958145454546 0.3856259581818182 0.7463284781818181 0.39515221454545457
27 0.46023896909090906 0.37609552181818184 0.46001215272727275 0.3696003490909091 0.45527791636363635 0.3736675290909091 0.44460856363636364 0.37534073090909087 0.45291520181818185 0.3897910054545455 0.46401509272727276 0.39113754727272726 0.4651244163636364 0.37635846 0.46023896909090906 0.37609552181818184
57 0.4595299381818182 0.3930283290909091 0.46948228545454546 0.3987503418181818 0.4810652181818182 0.3953110781818182 0.48058932 0.39099229999999996 0.47524309636363643 0.3868435981818182 0.4702295327272727 0.3922211509090909 0.4595299381818182 0.3930283290909091
6 0.24184549090909088 0.40583251454545455 0.24257761818181817 0.3988703127272727 0.2353357709090909 0.38698409272727274 0.22902345636363636 0.392407 0.22549724727272727 0.3938307581818182 0.2258299109090909 0.40335701272727276 0.22530948 0.41638137636363637 0.23163691454545454 0.41139148 0.24184549090909088 0.40583251454545455
6 0.12465940545454546 0.49446497636363634 0.12678101272727274 0.49005549090909095 0.1166703090909091 0.4891079472727273 0.11552276727272728 0.4934834163636364 0.12465940545454546 0.49446497636363634
29 0.03990444 0.4133179909090909 0.036355965454545454 0.4234133181818182 0.02771034727272727 0.4271835472727273 0.03143313090909091 0.4313889418181818 0.042412050909090906 0.4292713909090909 0.04351423090909091 0.42359688545454544 0.04166397090909091 0.41715840363636364 0.03990444 0.4133179909090909
6 0.6397298254545455 0.5076931763636363 0.6401977490909091 0.5024743618181818 0.6316500036363637 0.4997380781818182 0.6305629454545455 0.5058455927272727 0.6397298254545455 0.5076931763636363
57 0.8490719090909091 0.5259616309090909 0.8434463581818181 0.5231233018181819 0.8316294636363637 0.5291719727272727 0.8445040054545454 0.5347919381818181 0.8505369945454545 0.5306794036363637 0.8490719090909091 0.5259616309090909
31 0.8765675672727273 0.4196513218181818 0.8732832945454545 0.4280032654545454 0.9048687945454545 0.4295015127272727 0.9114301909090909 0.42190221090909086 0.9078052818181819 0.4111903036363636 0.8831289636363636 0.41205202 0.8765675672727273 0.4196513218181818
57 0.8803109545454545 0.3779007927272727 0.8697697163636363 0.37393350545454546 0.8664703236363636 0.38185243636363636 0.8617965727272727 0.38765166181818184 0.867052070909091 0.3892022945454545 0.87657388 0.3919045636363636 0.8848192036363636 0.3859806145454545 0.8987656836363637 0.38506005454545456 0.8995129327272727 0.3785308636363637 0.8894627127272727 0.3793153654545454 0.8803109545454545 0.3779007927272727
57 0.9584344018181817 0.4180930890909091 0.9514344909090908 0.4131350545454545 0.9459752727272727 0.4150598527272727 0.9478255327272727 0.42149833636363637 0.9533452363636363 0.42130558545454544 0.9584344018181817 0.4180930890909091
57 0.940072889090909 0.4694584272727273 0.9494888545454546 0.4691296145454546 0.9592295036363637 0.46878946363636365 0.965013410909091 0.4668533272727273 0.9596218218181819 0.4614055890909091 0.9549249745454547 0.4572342109090909 0.9461583890909091 0.45754034545454547 0.9456753436363636 0.4623261509090909 0.9402010054545454 0.46381793818181816 0.940072889090909 0.4694584272727273
57 0.6997842163636364 0.3842049254545455 0.6938491 0.3818109472727273 0.6930413654545454 0.38660808909090905 0.6979872963636363 0.3886030727272727 0.7087322563636365 0.3890949290909091 0.708875490909091 0.38388745090909093 0.6997842163636364 0.3842049254545455
4 0.5355095109090909 0.44630168 0.5340444254545454 0.4415839072727273 0.5290984927272727 0.43958892363636365 0.5267278018181818 0.44617480545454546 0.5355095109090909 0.44630168
57 0.4854373781818182 0.39949379636363636 0.49382676909090906 0.4070045472727273 0.49692244 0.40256104545454546 0.4854373781818182 0.39949379636363636