12 0.7011241036363637 0.5950425563636365 0.7179400581818182 0.6040577345454546 0.7328383181818182 0.6043866363636363 0.7433816163636364 0.5972571781818181 0.7469599381818182 0.5807250454545455 0.7539789672727273 0.4920719818181818 0.7477063109090909 0.47592734545454546 0.7372662654545454 0.46815008 0.7271008454545455 0.46806921636363635 0.7170373127272727 0.4725125218181818 0.7090804090909091 0.4820369381818182 0.6979412236363637 0.5781560836363636 0.7011241036363637 0.5950425563636365
12 0.6780179290909091 0.5960910272727272 0.69066044 0.5877159363636364 0.6968798072727272 0.5790042236363636 0.7088618 0.4603351054545454 0.698296249090909 0.44848431818181816 0.6875964127272727 0.4456641509090909 0.6738142181818182 0.44991256727272727 0.6658809327272727 0.45898634 0.6512977109090909 0.5626069981818183 0.6536627672727273 0.5821619072727273 0.6626088690909091 0.5925721763636363 0.6780179290909091 0.5960910272727272
12 0.62691484 0.6074211963636363 0.6391794727272728 0.6062564254545455 0.6466802272727272 0.5989675163636364 0.6500149581818181 0.5806150854545454 0.6509360345454546 0.5630399272727273 0.6635927818181818 0.46383713454545455 0.6543086181818182 0.4534091509090909 0.6366276072727273 0.4479636981818182 0.6248737727272727 0.45231841636363634 0.6187016381818182 0.4601288418181818 0.6045037145454545 0.5628659272727272 0.6058458090909091 0.5954718254545455 0.6118674563636364 0.6034694145454546 0.62691484 0.6074211963636363
12 0.56519018 0.6209060072727273 0.5992087454545455 0.6186218981818182 0.6051062545454545 0.6031150763636364 0.6042601236363637 0.561045629090909 0.60169402 0.49358060363636364 0.5885731109090909 0.48521095818181814 0.5737220836363637 0.48398076545454544 0.5635876981818182 0.48977600545454547 0.5563777654545454 0.4979839236363637 0.5596112072727273 0.5785885236363636 0.556520069090909 0.5987612509090909 0.5591921509090909 0.6124577727272726 0.56519018 0.6209060072727273
12 0.5188611127272726 0.6058252836363637 0.5290103327272727 0.6126835436363637 0.5408660527272727 0.6128529927272727 0.549553729090909 0.6087894654545455 0.5559147999999999 0.5973738818181819 0.5596112072727273 0.5785885236363636 0.5535181109090909 0.46846167090909085 0.5444303036363637 0.46075527272727274 0.5275981509090909 0.4585174890909091 0.5145939636363637 0.46732550727272726 0.5108591036363637 0.47390801454545456 0.5136971054545455 0.5879312218181818 0.5188611127272726 0.6058252836363637
12 0.4789713836363636 0.5843037909090909 0.4897420709090909 0.5857720254545455 0.50002558 0.5835996636363636 0.5075735690909091 0.5754094636363637 0.5125513654545455 0.5580469072727272 0.5132436854545455 0.5513049490909091 0.5052315327272727 0.4519227109090909 0.49517678181818187 0.4432618727272727 0.4844533272727272 0.4408923490909091 0.4741225854545455 0.44396599999999997 0.47449909818181824 0.4561865690909091 0.4646797527272727 0.565931369090909 0.4719355545454545 0.576253050909091 0.4789713836363636 0.5843037909090909
12 0.4372557036363636 0.5911552218181818 0.45017284181818185 0.5904765327272727 0.45748465818181816 0.5867927818181818 0.4605197818181818 0.5806254872727273 0.46429446 0.5668149418181818 0.4731320236363637 0.44346220545454546 0.4617014127272727 0.4351811436363636 0.4500582472727273 0.43095588727272727 0.4372193818181818 0.4366093909090909 0.42974224363636365 0.44344765636363637 0.41892355454545455 0.5657928018181818 0.4216664872727273 0.5781373890909092 0.42628866 0.5869654 0.4372557036363636 0.5911552218181818
12 0.3888408963636364 0.6094045181818182 0.4098714727272727 0.6091510363636364 0.4149747727272727 0.5958620036363637 0.4182001981818182 0.5666586563636363 0.42694934727272726 0.47086614000000004 0.41466987818181816 0.4593774109090909 0.3975469 0.45622062181818185 0.38683086363636365 0.46017784545454543 0.3812876163636364 0.4689249927272727 0.3686369218181818 0.5938854236363637 0.3735101036363636 0.6108604799999999 0.3819926418181818 0.6171795072727273 0.3888408963636364 0.6094045181818182
7 0.33981825636363633 0.43873493999999996 0.33494234727272726 0.46062166363636364 0.3340981781818182 0.5026025254545455 0.3290555836363636 0.5470746527272727 0.3270730927272727 0.5654979509090908 0.3343201145454545 0.5889237745454545 0.33390242000000003 0.6033621363636363 0.3368889436363636 0.61752702 0.33425395090909094 0.63546424 0.3416986909090909 0.6421807618181817 0.3550483563636364 0.6397172072727273 0.35644919636363637 0.6194558963636363 0.3592643454545455 0.6110176581818182 0.3619539909090909 0.5985058963636364 0.36310245636363636 0.5895284272727273 0.3704068581818182 0.5795179327272728 0.3739703418181818 0.5503323018181818 0.3804077218181818 0.45984122181818177 0.38087265090909095 0.4445015727272727 0.37678489454545455 0.43841286545454544 0.3717376109090909 0.43769646545454544 0.3661012581818182 0.42881530363636366 0.3596544981818182 0.42892932545454543 0.3546146327272727 0.43453967454545456 0.34741348363636365 0.4296434490909091 0.33981825636363633 0.43873493999999996
12 0.2448253309090909 0.5178067763636364 0.26263244545454545 0.6308069509090909 0.2722000145454545 0.6358271927272727 0.28900113272727274 0.6321888745454546 0.29908828363636364 0.6272949254545455 0.30569294545454545 0.61769964 0.30860256545454545 0.60745882 0.29056669636363636 0.5052918472727272 0.28362533636363635 0.4954385272727273 0.28228929636363637 0.4885902654545455 0.27118054545454545 0.48710431454545455 0.2574219709090909 0.49090208727272727 0.24888341454545454 0.49858849090909096 0.2468860890909091 0.5043582927272727 0.2448253309090909 0.5178067763636364
12 0.44454586727272727 0.6719724254545455 0.4575176563636364 0.6767191945454546 0.47086732000000003 0.6742556418181818 0.4754584581818182 0.6772075490909091 0.4784463472727273 0.6719415436363637 0.49409158181818175 0.6709539436363636 0.4998784181818182 0.6640270945454545 0.5028514727272727 0.6461075927272727 0.5021058654545455 0.6279932036363636 0.49827789818181817 0.6169474 0.4863911418181818 0.610901849090909 0.46231802363636365 0.6109958781818182 0.38739418545454546 0.611136230909091 0.37982257636363637 0.6197770763636363 0.3769514109090909 0.6422207472727273 0.3768009272727273 0.6580287581818182 0.3799763890909091 0.6685884836363636 0.3860378527272727 0.6693580345454546 0.44454586727272727 0.6719724254545455
12 0.5047158745454545 0.62993752 0.5026389163636364 0.6501633981818182 0.5035572636363637 0.6714500181818182 0.5255311690909091 0.6726016218181817 0.5294461872727273 0.6755180981818182 0.5342262636363637 0.6748648454545454 0.5809494090909091 0.6759578527272727 0.5872780836363637 0.6780970563636364 0.5911384472727272 0.6755880727272727 0.6119018163636364 0.6739649381818182 0.6132081872727273 0.6555062054545454 0.6111427363636364 0.6237661618181818 0.6060009836363637 0.6248523436363637 0.5985090090909091 0.619037110909091 0.5637670872727272 0.6221870763636363 0.5557481145454546 0.6199592872727272 0.5099210636363637 0.6211726563636364 0.5047158745454545 0.62993752
12 0.6829727072727273 0.6826603163636363 0.6962279036363637 0.6819993418181819 0.7039250163636364 0.6774320199999999 0.7352937527272727 0.6804316345454545 0.7403572363636364 0.6743706418181818 0.7421744054545455 0.6591018581818181 0.74021826 0.6382127309090909 0.7294017018181818 0.6182148981818182 0.6824970345454546 0.6270538 0.6311119 0.6243608181818182 0.6206630709090909 0.6296876945454546 0.6164160490909091 0.6525111418181818 0.6156204781818182 0.6741598254545454 0.6469183636363636 0.6785113745454546 0.6722728709090909 0.6798401490909091 0.6829727072727273 0.6826603163636363
57 0.7300305872727273 0.6191516218181818 0.7411379727272727 0.6400684636363636 0.7416089527272728 0.6504864509090909 0.7452803818181818 0.6515826272727273 0.7472540890909091 0.6462634727272727 0.7539444381818182 0.6479697472727273 0.7589843054545454 0.6423593981818182 0.75922926 0.6247488054545455 0.7453303436363636 0.6118195581818182 0.7372169 0.6113943490909091 0.7293706654545454 0.6123387945454546 0.7300305872727273 0.6191516218181818
45 0.6769504618181817 0.571181529090909 0.6715887345454545 0.5699967672727273 0.6623032090909091 0.5789996727272727 0.65965338 0.5842833945454545 0.6691264818181818 0.5911062181818182 0.6776103836363637 0.5779943563636364 0.6769504618181817 0.571181529090909
45 0.6341483872727273 0.5987626327272728 0.6215382763636363 0.5935829381818182 0.6225834927272728 0.5995121909090909 0.6345647181818183 0.6037551618181818 0.6341483872727273 0.5987626327272728
45 0.5376197381818182 0.6036452036363636 0.5477379236363636 0.6046273581818182 0.5471724727272728 0.596011950909091 0.5346878672727273 0.5949057763636363 0.5334138945454545 0.5998097218181818 0.5376197381818182 0.6036452036363636
45 0.49622123090909087 0.5721032145454545 0.49391824363636366 0.5643005127272727 0.4852305690909091 0.56836404 0.48823329272727267 0.5757515309090909 0.49622123090909087 0.5721032145454545
45 0.44742990727272725 0.5781319436363637 0.43803507636363637 0.5762839327272727 0.4353852490909091 0.5815676563636364 0.4454325836363636 0.5839017472727273 0.44742990727272725 0.5781319436363637
57 0.539030890909091 0.32445557090909094 0.5321043672727273 0.32725574727272727 0.5257048436363636 0.32646848 0.5219227490909091 0.3339522763636364 0.5236677018181819 0.3394663181818182 0.5389040236363637 0.3398129381818182 0.5489513563636363 0.3421470272727273 0.54587778 0.3361114727272727 0.539030890909091 0.32445557090909094
57 0.5937095763636363 0.3354550490909091 0.5799125454545455 0.32704997090909094 0.55690826 0.33262260909090907 0.5519304636363637 0.3499851636363636 0.5776230309090908 0.3513316545454545 0.5941495218181818 0.33999693636363637 0.5937095763636363 0.3354550490909091
57 0.5895334036363636 0.3569265636363636 0.5919855127272727 0.3683521418181818 0.6055861854545455 0.3740356345454545 0.6152570072727273 0.3641491563636364 0.6078122672727272 0.35743263454545454 0.6113271545454546 0.3485791854545454 0.6000072127272728 0.3317181509090909 0.5895334036363636 0.3569265636363636
57 0.32100770727272726 0.39662778363636364 0.29780979090909093 0.36061705272727274 0.3063928527272727 0.39089114 0.3170764890909091 0.4004887018181818 0.32100770727272726 0.39662778363636364
57 0.3257009927272727 0.9603716345454545 0.3237212309090909 0.9399331509090908 0.31973535999999997 0.9383686127272728 0.3224458963636364 0.9642679872727273 0.3257009927272727 0.9603716345454545
38 0.3426197654545454 0.6246056018181818 0.33544965272727273 0.6255854818181819 0.3336723018181818 0.6336262254545454 0.33942674 0.6402541618181818 0.3485071290909091 0.6416338109090909 0.35572447636363635 0.6397526418181818 0.3560477018181818 0.6271168618181818 0.3426197654545454 0.6246056018181818