4 0.6611763309090909 1 0.6905413581818182 0.9708610327272728 0.7670293090909092 0.9365971090909091 0.7810522436363636 0.9123422072727272 0.8159467 0.8805457781818182 0.8123983563636363 0.8746098545454545 0.7925701054545455 0.8697443309090909 0.7884238290909091 0.8595733290909091 0.7823735272727272 0.8551128690909091 0.7741778 0.8462546818181818 0.7644658145454545 0.8344556418181818 0.7513679018181818 0.84246652 0.7463885218181818 0.8575890418181819 0.7458758054545455 0.8773532618181817 0.7518355127272727 0.9099667763636363 0.6916166927272728 0.9697927127272727 0.6306375363636363 0.9813683999999999 0.6218358527272727 0.9460223781818182 0.6138404745454545 0.9451820309090908 0.5971435527272727 0.9735599109090909 0.5935914236363636 0.9691302290909091 0.60129142 0.9330848018181818 0.5908663709090909 0.9330321436363637 0.5738470672727273 0.9510614509090909 0.5662706945454546 0.9387915018181818 0.5341361145454545 0.9691395745454544 0.5406857327272727 0.9837354127272727 0.5272895472727273 1 0.6611763309090909 1
4 0.83396822 0.8480189890909091 0.8421032672727272 0.8450494690909091 0.8485578527272727 0.830777369090909 0.85437836 0.81261408 0.8408485109090909 0.8073674872727273 0.8190359254545455 0.7866475272727272 0.8109664654545455 0.8038790709090909 0.8085037654545455 0.8248290854545455 0.8138213727272727 0.8312986527272728 0.8099722690909091 0.8406293054545454 0.81388696 0.8455606781818182 0.83396822 0.8480189890909091
4 0.7935607163636363 0.8677623309090908 0.8122439654545455 0.8711167654545454 0.8227381890909091 0.8506632127272726 0.80556138 0.8453809963636363 0.7916682963636363 0.8609573945454545 0.7935607163636363 0.8677623309090908
4 0.7433000290909091 1 0.7397719072727272 0.9924911981818181 0.7412636254545455 0.9832604581818183 0.7179495036363637 0.9669026 0.7095516345454546 0.9674106927272726 0.706637370909091 0.9653659618181818 0.7148937781818182 0.9860518545454546 0.7207818563636363 1 0.7433000290909091 1
4 0.759541649090909 1 0.7638829890909091 0.9838994181818181 0.7415674999999999 0.9878123163636364 0.74095796 0.9960927181818182 0.742950869090909 1 0.759541649090909 1
4 0.3698171727272727 0.9890713727272726 0.3722205290909091 0.9893239763636364 0.3882050545454545 0.978139630909091 0.4005555509090909 0.9648349018181818 0.41236388727272727 0.9566884854545454 0.4258464563636364 0.920207770909091 0.41362760363636364 0.9074498763636364 0.4112046327272727 0.8932877672727273 0.40177019454545454 0.8912531072727273 0.39385692 0.8945936236363636 0.39015060181818184 0.9199328472727273 0.3777817981818182 0.9607028545454546 0.3713584490909091 0.9721967472727273 0.3698171727272727 0.9890713727272726
4 0.3833756272727273 0.9397342490909091 0.3899814872727273 0.9091368036363636 0.39268558909090906 0.8982950581818181 0.39142724727272726 0.8953813127272727 0.38564467818181813 0.8958165981818182 0.37263556545454546 0.8930585418181819 0.3706427381818182 0.90953802 0.3731018545454545 0.9233562436363636 0.3714129018181818 0.9443875800000001 0.37014116 0.9713734327272728 0.37722982363636365 0.9609925254545454 0.3833756272727273 0.9397342490909091
4 0.3802896036363636 0.8524883636363637 0.37351774363636364 0.8921082036363637 0.3804814618181818 0.89284012 0.38921623454545456 0.8767215618181818 0.39754851636363636 0.8619514418181817 0.40115621636363635 0.8425125181818182 0.3954771690909091 0.8394818236363637 0.3802896036363636 0.8524883636363637
4 0.39568063454545455 0.8673180981818182 0.38375716727272724 0.8914459800000001 0.3852372781818182 0.89473072 0.3929336909090909 0.893453530909091 0.39568063454545455 0.8673180981818182
4 0.41182889636363634 0.89231032 0.41825715272727276 0.8832507454545455 0.40248193636363633 0.8423041727272728 0.3937025272727273 0.8911005345454546 0.39952124363636365 0.8903213618181818 0.41182889636363634 0.89231032
4 0.4254903927272727 0.8714942890909091 0.4173736527272727 0.8469985290909091 0.4191710363636364 0.8249355290909091 0.40302409636363634 0.8371458636363637 0.4196190181818182 0.8826985109090909 0.4254903927272727 0.8714942890909091
4 0.4772020072727272 0.8310348290909091 0.4801823309090909 0.7927549145454545 0.46949445999999995 0.7902408309090909 0.47243193999999994 0.7672546018181818 0.46278063636363637 0.7672832672727272 0.4543252 0.775782090909091 0.44469843454545455 0.7879823472727272 0.43537063454545455 0.8023001472727272 0.4324447618181818 0.8127708963636364 0.42600669272727276 0.8169618327272727 0.4252900418181818 0.863476450909091 0.4354522690909091 0.8610676818181818 0.4473360090909091 0.8720519254545455 0.4601643981818182 0.8765294181818182 0.46843599999999996 0.8499315945454545 0.46947436 0.835090229090909 0.4772020072727272 0.8310348290909091
4 0.43040550727272725 0.8793122981818181 0.42130929272727274 0.8988697272727273 0.43419836545454543 0.9151749272727272 0.44303977818181817 0.9154088254545455 0.46854396181818186 0.9034866054545455 0.4703774909090909 0.88107972 0.46757165818181823 0.8780033254545455 0.4519160127272727 0.8780962818181818 0.43040550727272725 0.8793122981818181
4 0.46370736545454544 0.9346176963636362 0.4675760963636364 0.9350243163636364 0.46719681818181824 0.9113417963636363 0.4571742618181818 0.9099406963636363 0.44919851272727274 0.9188376236363637 0.44833105636363635 0.9270909163636364 0.44581258363636367 0.9386475436363637 0.44755551818181816 0.944393710909091 0.46302062909090913 0.9411515545454546 0.46370736545454544 0.9346176963636362
4 0.43544510000000003 0.9306041545454545 0.4454578418181818 0.9271366163636363 0.44624810363636364 0.91713678 0.43785023272727275 0.9176448709090909 0.43058264363636367 0.9123610963636364 0.42786382 0.9158998836363637 0.43544510000000003 0.9306041545454545
4 0.5025923836363636 0.8722966272727273 0.5128434127272727 0.8591189218181818 0.5086922272727273 0.8465136018181818 0.5209128690909091 0.8418873781818181 0.5106440036363636 0.8279436890909091 0.5048351036363636 0.8335914981818182 0.49394018363636366 0.8380093745454545 0.4872901545454546 0.8466979545454546 0.4779114909090909 0.8540566854545455 0.4707683745454545 0.89224676 0.4686309709090909 0.9101017872727273 0.4697692745454546 0.9265626763636363 0.4851866345454545 0.9361798854545456 0.4937799454545455 0.9412553145454545 0.5020693836363637 0.9417788818181818 0.5051085945454545 0.9327107909090909 0.5068533218181818 0.9210728418181818 0.50760744 0.9114168890909091 0.5113628309090908 0.9104208527272727 0.5120134236363637 0.9042308836363636 0.5102704872727273 0.8984847163636364 0.5119478345454546 0.8899688581818181 0.5097975 0.8831368127272727 0.4960556945454545 0.8823878636363637 0.5025923836363636 0.8722966272727273
4 0.49191838000000004 0.7852962709090909 0.5052331563636364 0.7752220672727272 0.5038253327272727 0.7712495509090909 0.505363010909091 0.7665435618181817 0.5005103690909091 0.7531691418181817 0.4975697745454546 0.7563369345454546 0.4925511345454545 0.7519849072727273 0.4875882690909091 0.7570262672727273 0.49191838000000004 0.7852962709090909
4 0.5041697890909091 0.8324785145454545 0.5026865618181817 0.8093753363636363 0.49856170727272725 0.791557490909091 0.49355778909090914 0.7945084181818182 0.4935278763636364 0.8344891781818181 0.5041697890909091 0.8324785145454545
4 0.5210494254545455 0.8182590727272727 0.5177902327272728 0.8095720527272727 0.5192359927272727 0.7958165618181818 0.5167719709090909 0.77956402 0.5107823490909091 0.7869312672727273 0.5108050945454545 0.8164869781818181 0.5210494254545455 0.8182590727272727
4 0.5182636890909091 0.7703332818181818 0.5137296454545455 0.7688136745454545 0.5100924981818182 0.7736466872727272 0.5097457818181819 0.7843885163636364 0.5157403090909091 0.7794555890909092 0.5204122309090908 0.7945494436363636 0.5257365381818182 0.7860692127272728 0.5182636890909091 0.7703332818181818
4 0.5087604636363636 0.9351807345454546 0.514078069090909 0.9416503018181818 0.5274062454545455 0.9016765 0.5205411454545456 0.8950442854545455 0.5155140145454545 0.9230261745454545 0.5087604636363636 0.9351807345454546
4 0.8843693927272728 0.5595215872727273 0.8763494781818182 0.5465096472727273 0.8627883909090909 0.5440412618181818 0.8425295290909091 0.5631208218181818 0.8379936890909091 0.5789853345454545 0.8436660363636364 0.5969658272727273 0.8490246945454545 0.6055258272727272 0.8821579090909091 0.5954485090909092 0.89255842 0.5833295745454546 0.8929725199999999 0.5694656527272728 0.8843693927272728 0.5595215872727273