6 0.7822803109090909 0.19784033454545455 0.7484935127272727 0.22582451272727272 0.7176663036363636 0.2589321709090909 0.7219599454545454 0.2690522309090909 0.7297616909090908 0.2823639363636363 0.7391566981818182 0.2933832872727273 0.8041089254545455 0.2279559290909091 0.7967210418181818 0.20707263818181817 0.7822803109090909 0.19784033454545455
25 0.7785464818181818 0.7477112672727273 0.7929448418181818 0.735955870909091 0.8016465927272727 0.7246988636363637 0.8093635981818181 0.6960351690909091 0.8086002436363636 0.6729575836363636 0.8056105581818181 0.6551880654545454 0.7882068745454546 0.6346428018181818 0.7752370309090909 0.6258200527272727 0.7608319436363636 0.6251964927272727 0.74734368 0.6309516127272727 0.7367682763636364 0.6412960618181818 0.7282067218181818 0.6541555272727273 0.7233802072727272 0.6604984454545454 0.7250881163636365 0.6697682454545455 0.7275560200000001 0.6959261490909091 0.7356648872727273 0.7188993272727273 0.74862364 0.7357966654545455 0.7658982181818181 0.7466648818181818 0.7785464818181818 0.7477112672727273
57 0.9318833490909091 0.5074273636363636 0.9545608709090908 0.5328936381818181 0.9611531218181819 0.5282800818181818 0.9643574654545455 0.5279997381818182 0.9686152818181817 0.48645177636363635 0.9348405745454546 0.47971833818181814 0.9318833490909091 0.5074273636363636
29 0.4772121945454545 0.44251802363636367 0.4796109945454545 0.4412316709090909 0.4854244363636363 0.44206866545454543 0.4862355236363636 0.4390373781818182 0.48074584363636363 0.43574997454545455 0.47488012363636367 0.43841612181818185 0.4772121945454545 0.44251802363636367
29 0.5257028472727273 0.5518445327272727 0.5222248381818182 0.56129892 0.5199862345454546 0.5582653254545454 0.5182149527272727 0.5605732563636364 0.5243533381818182 0.5753760927272726 0.5256050181818182 0.5712297763636364 0.52354998 0.5641433109090909 0.5282741218181818 0.5545799036363637 0.5257028472727273 0.5518445327272727
29 0.5238040109090909 0.6470102309090909 0.5332790254545455 0.6343399672727272 0.5276636054545455 0.6275649981818182 0.5208054145454545 0.6270885290909091 0.5208499672727273 0.6378494545454546 0.5238040109090909 0.6470102309090909
29 0.49298271454545456 0.7621991563636364 0.4944569636363636 0.7687981909090909 0.49752111090909096 0.7669153890909092 0.5075369109090909 0.7665773618181818 0.5142115345454545 0.7711066981818181 0.5157491527272727 0.7661280054545455 0.5117448163636363 0.7613650472727272 0.49298271454545456 0.7621991563636364
29 0.5004420618181818 0.843359209090909 0.5038367 0.8514049563636363 0.5081558890909091 0.8515653181818182 0.5113190454545455 0.8467135254545454 0.5135309181818182 0.8432905654545455 0.5119687527272727 0.8315859327272727 0.506923029090909 0.8333729781818182 0.5100228145454545 0.8400989163636363 0.51042004 0.8446392145454545 0.5072246072727272 0.8470717436363636 0.5049715472727273 0.8459232581818181 0.5022600763636363 0.8415854309090909 0.5004420618181818 0.843359209090909
29 0.5444426818181818 0.8090990272727272 0.5440454581818183 0.8045587290909091 0.5384801345454546 0.8045073909090908 0.5376779581818182 0.8096908636363637 0.5350165818181818 0.8120766672727272 0.5316954090909091 0.8110216309090909 0.5302890763636364 0.8154505981818182 0.53403084 0.8213130090909091 0.5376846872727273 0.8220698218181818 0.5419015018181818 0.8190096927272728 0.5444426818181818 0.8090990272727272
29 0.569851230909091 0.9888015927272726 0.5742961618181818 0.9924495199999999 0.5750838818181818 0.9891511563636364 0.5722644890909091 0.9856301327272728 0.5664655036363636 0.982908030909091 0.5608857236363636 0.9847418018181817 0.5559190109090909 0.9894822636363636 0.5496251254545454 0.9975682836363636 0.5657343981818181 0.9961589036363636 0.5676482672727273 0.99437674 0.569851230909091 0.9888015927272726
29 0.9554465000000001 0.2682706072727273 0.9544051145454546 0.2748206109090909 0.9572801527272727 0.2810279727272727 0.9562621327272727 0.2878450527272727 0.9497688927272727 0.2894896181818182 0.9508548272727272 0.29370054181818184 0.9596389490909091 0.29158642727272727 0.9614769636363636 0.28389024545454544 0.9596900454545454 0.2716670327272727 0.9554465000000001 0.2682706072727273
29 0.9649517927272727 0.31130565818181816 0.9659842654545454 0.3026034709090909 0.9695357363636363 0.3001397927272727 0.9691852436363636 0.2961336472727273 0.9627298272727273 0.2961601818181818 0.9658050654545454 0.2862027927272727 0.962769830909091 0.28431537636363635 0.9600595399999999 0.2963938018181818 0.9622403199999999 0.30696783272727274 0.9593631018181819 0.3109872436363636 0.9616718036363636 0.31482206727272727 0.9649517927272727 0.31130565818181816
29 0.6138941163636364 0.6905304036363636 0.6172653872727273 0.6983090727272727 0.6172075618181818 0.705849509090909 0.6208792290909091 0.7109106909090909 0.6224223945454546 0.7018947036363636 0.6278530672727273 0.6963062890909091 0.6338267072727273 0.6928233363636364 0.6321455254545455 0.6900100927272728 0.6280366309090909 0.69225342 0.6251093181818183 0.6895492 0.6247966472727272 0.6839250218181818 0.62441388 0.6774996163636364 0.62255468 0.6747019472727273 0.6181653927272728 0.6737403581818181 0.6164608454545455 0.67066004 0.6127836327272728 0.6696361490909092 0.6148764927272727 0.6751045818181819 0.6123030381818181 0.6825959854545455 0.6138941163636364 0.6905304036363636
29 0.6264474690909091 0.8729723763636364 0.6282387527272727 0.86474204 0.6322074490909091 0.8608962563636363 0.6327615072727273 0.8549271290909091 0.6309078545454546 0.8480921672727273 0.6269791618181819 0.8400931454545454 0.6210811654545455 0.8403400327272728 0.6253658981818181 0.8483079054545455 0.6261369818181818 0.8571214254545455 0.6239128345454545 0.85220272 0.6222116509090909 0.8553118818181819 0.6241264927272727 0.8607958872727273 0.6233332254545455 0.8681315454545455 0.6238239145454546 0.873740149090909 0.6264474690909091 0.8729723763636364
29 0.6061719309090909 0.8093499490909091 0.6045319381818182 0.8111081545454546 0.6077630109090909 0.8172843672727272 0.604185990909091 0.8297077436363637 0.5971765145454546 0.8357034036363636 0.5979064109090909 0.8399454763636364 0.6061620218181818 0.8338407909090909 0.6103810181818182 0.8205538890909091 0.6090146890909091 0.813138050909091 0.6061719309090909 0.8093499490909091
29 0.6965745236363636 0.81543502 0.6970040236363636 0.8223945781818183 0.6945941290909091 0.8317555181818181 0.6932757163636364 0.8412900854545454 0.7022234018181818 0.8410455054545454 0.7058437890909092 0.8229668018181818 0.7012608436363637 0.8074896418181818 0.6965745236363636 0.81543502
29 0.6996812218181818 0.8775991981818182 0.6958871781818182 0.8752399272727273 0.6933737290909091 0.8649641218181818 0.6898278036363635 0.8633905054545454 0.6934650127272727 0.8762592 0.6982047909090909 0.8812269363636364 0.7010297309090909 0.8807106654545455 0.7033495236363636 0.8764709018181818 0.6987521218181818 0.8628788490909091 0.6974537109090909 0.8664910145454546 0.7003988436363636 0.8734996054545454 0.6996812218181818 0.8775991981818182
29 0.8249217236363636 0.7815999636363636 0.8286278472727273 0.7788536345454545 0.8245678672727274 0.7714043399999999 0.8259852909090909 0.7589007836363636 0.8223080781818183 0.7578768945454545 0.8202253109090909 0.7709769018181819 0.8249217236363636 0.7815999636363636
29 0.79323914 0.6080978363636363 0.7956757654545454 0.6051934545454546 0.7922522163636364 0.6009179254545455 0.7902361818181819 0.6086296818181819 0.7871920381818182 0.6045900818181817 0.7859169927272728 0.6084693218181818 0.7835304654545454 0.6180973363636364 0.7862041145454546 0.6240531963636364 0.7932836909090909 0.6188587654545454 0.7893617254545455 0.6232387 0.7916236963636364 0.626539370909091 0.7984785218181818 0.62082636 0.8019543472727272 0.6215987472727272 0.8034218672727272 0.6158188236363636 0.7991872327272728 0.6145745818181819 0.7945821018181818 0.6152466 0.7911530090909091 0.6150083654545454 0.7863320363636364 0.6173139909090909 0.7875981727272727 0.6112825636363636 0.79323914 0.6080978363636363
29 0.6921792981818182 0.20545403090909092 0.6864448672727272 0.20757045272727273 0.676968669090909 0.2038244618181818 0.6775761890909091 0.21076844545454546 0.6883597090909092 0.21305445636363637 0.6982153090909091 0.21703637454545455 0.6985535272727272 0.21270085636363636 0.6938460218181819 0.21015238363636363 0.6921792981818182 0.20545403090909092
29 0.9531224454545455 0.5779626236363636 0.9447555490909091 0.5786946327272727 0.9464690072727273 0.5839271381818182 0.9536454127272729 0.585990489090909 0.9531224454545455 0.5779626236363636