7 0.84654088 0.07208717454545455 0.84654088 0.06957250545454546 0.84654088 0.06580050363636364 0.8452830181818182 0.06496228 0.8430817618181818 0.05993294181818182 0.8358490563636363 0.05574182727272727 0.8276729563636364 0.055322716363636365 0.799371069090909 0.06663872545454545 0.7971698109090909 0.07250628727272727 0.7955974836363636 0.08633696545454546 0.7968553454545455 0.09094719272727272 0.8003144654545454 0.09639564181818182 0.8088050309090908 0.09807208727272727 0.8132075472727274 0.09849119818181817 0.8191823890909091 0.09639564181818182 0.8261006290909091 0.09430008363636364 0.8402515727272728 0.08717518909090909 0.8418239000000001 0.08466052 0.8433962272727273 0.08005029272727274 0.8446540872727273 0.07879295818181818 0.8468553454545454 0.07963118181818182 0.8487421381818182 0.07837384727272727 0.8481132072727273 0.07585917818181818 0.84654088 0.07208717454545455
7 0.5191823890909091 0.2007544 0.5163522018181819 0.20410729272727274 0.5166666672727273 0.2062028490909091 0.515723270909091 0.2091366309090909 0.5160377363636364 0.2116513 0.51855346 0.21248952181818181 0.5213836472727272 0.21123218727272727 0.5238993709090909 0.2116513 0.5279874218181818 0.2116513 0.5308176109090909 0.2091366309090909 0.5327044018181818 0.20746018363636362 0.5364779872727272 0.20159262363636365 0.5402515727272728 0.19572506363636363 0.5411949690909091 0.1898575018181818 0.538993710909091 0.18566638727272727 0.5358490563636363 0.18357082909090908 0.53144654 0.18482816363636365 0.52672956 0.19027661272727273 0.52327044 0.19698239818181817 0.5191823890909091 0.2007544
6 0.8588050309090909 0.33487007454545453 0.8600628927272727 0.3298407381818182 0.8575471690909091 0.32816429090909094 0.8556603781818182 0.33403185272727276 0.8588050309090909 0.33487007454545453
6 0.7827044018181818 0.2937971509090909 0.78144654 0.29547359636363635 0.7833333327272727 0.29715004181818183 0.788993710909091 0.29295892727272727 0.7877358490909091 0.29128248181818184 0.7827044018181818 0.2937971509090909
6 0.7990566036363637 0.28373847454545453 0.7990566036363637 0.28457669818181813 0.8040880509090909 0.28541492 0.8072327036363636 0.28373847454545453 0.8072327036363636 0.2820620290909091 0.7990566036363637 0.28373847454545453
6 0.7789308181818182 0.28373847454545453 0.7764150945454545 0.27870913636363637 0.7738993709090909 0.27870913636363637 0.7764150945454545 0.28457669818181813 0.7789308181818182 0.28373847454545453
6 0.8022012581818182 0.2527242254545454 0.8091194963636363 0.25523889272727274 0.8103773581818181 0.2518860018181818 0.8066037727272727 0.25104777818181817 0.80345912 0.25104777818181817 0.8022012581818182 0.2527242254545454
6 0.7996855345454545 0.22841575818181817 0.8091194963636363 0.22841575818181817 0.8091194963636363 0.22590108909090909 0.8009433963636363 0.2267393127272727 0.7996855345454545 0.22841575818181817
6 0.7474842763636363 0.23512154181818182 0.7556603781818182 0.23344509636363636 0.7556603781818182 0.2317686509090909 0.7481132072727272 0.23344509636363636 0.7474842763636363 0.23512154181818182
6 0.8279874218181819 0.19069572545454547 0.8223270436363637 0.18818105636363638 0.8210691818181818 0.1898575018181818 0.82672956 0.19153394727272727 0.8279874218181819 0.19069572545454547
6 0.6852201254545454 0.25691534 0.6852201254545454 0.2518860018181818 0.6820754709090909 0.2527242254545454 0.6814465399999999 0.2585917854545455 0.6852201254545454 0.25691534
6 0.6720125781818181 0.2686504618181818 0.6795597490909091 0.2661357927272727 0.6795597490909091 0.26445934545454547 0.6676100636363637 0.26445934545454547 0.6676100636363637 0.26697401454545455 0.6720125781818181 0.2686504618181818
6 0.5946540872727273 0.24937133272727274 0.6022012581818181 0.25104777818181817 0.6028301890909091 0.2476948872727273 0.5952830181818182 0.2476948872727273 0.5946540872727273 0.24937133272727274
6 0.5393081763636364 0.20829840727272728 0.5386792454545455 0.2032690690909091 0.5361635218181817 0.20494551636363637 0.5367924527272727 0.2091366309090909 0.5393081763636364 0.20829840727272728
6 0.6311320763636363 0.18063704909090908 0.6279874218181818 0.17812238 0.6261006290909091 0.17896060363636362 0.6298742145454546 0.18231349454545456 0.6311320763636363 0.18063704909090908
6 0.4757861636363636 0.26445934545454547 0.4827044018181818 0.26362112363636364 0.4833333327272727 0.26110645454545456 0.4757861636363636 0.26110645454545456 0.4757861636363636 0.26445934545454547
6 0.4713836472727273 0.23847443454545458 0.47704402545454544 0.23428332000000002 0.4751572327272727 0.23260687272727273 0.4701257854545455 0.23595976545454547 0.4713836472727273 0.23847443454545458
6 0.6298742145454546 0.31475272363636364 0.62672956 0.31139983272727273 0.6248427672727273 0.31223805454545456 0.6279874218181818 0.3164291709090909 0.6298742145454546 0.31475272363636364
6 0.6254716981818181 0.3139145018181818 0.6216981127272727 0.30888516363636365 0.61981132 0.3105616090909091 0.6229559745454546 0.31559094727272724 0.6254716981818181 0.3139145018181818
6 0.502830189090909 0.34325230545454544 0.5091194963636363 0.34409052727272726 0.5091194963636363 0.3424140818181818 0.5040880509090909 0.3424140818181818 0.502830189090909 0.34325230545454544
6 0.4430817618181818 0.4463537309090909 0.43867924545454545 0.44467728363636366 0.43679245272727274 0.4463537309090909 0.4430817618181818 0.4505448454545455 0.4430817618181818 0.4463537309090909
6 0.14811320727272728 0.48742665636363636 0.1569182381818182 0.4807208709090909 0.15628930727272727 0.4790444254545454 0.14685534545454546 0.4849119872727273 0.14811320727272728 0.48742665636363636
6 0.12610062909090908 0.7363788763636363 0.12295597454545455 0.7388935454545454 0.1254716981818182 0.7439228836363636 0.12232704363636365 0.7497904436363637 0.12861635272727273 0.7497904436363637 0.13113207636363636 0.7439228836363636 0.12610062909090908 0.7363788763636363
6 0.10849056545454545 0.76571668 0.09654088000000001 0.7606873436363636 0.09528301818181818 0.76571668 0.10534591272727273 0.7715842418181819 0.10849056545454545 0.76571668
6 0.20534591272727273 0.7430846600000001 0.20974842727272727 0.7338642072727273 0.20660377272727273 0.7338642072727273 0.20031446545454545 0.7422464381818182 0.20534591272727273 0.7430846600000001
6 0.6537735854545454 0.4245599327272727 0.6619496854545454 0.4212070418181818 0.6625786163636365 0.4178541490909091 0.6525157236363637 0.42204526363636363 0.6537735854545454 0.4245599327272727
6 0.8569182381818181 0.38851634545454544 0.8481132072727273 0.38264878545454545 0.8462264145454546 0.3843252309090909 0.8562893072727272 0.39270746 0.8569182381818181 0.38851634545454544
6 0.43805031454545457 0.8545683145454545 0.4418239 0.8537300927272727 0.4430817618181818 0.8503772 0.4355345909090909 0.8378038563636364 0.4323899363636364 0.8428331927272726 0.43805031454545457 0.8545683145454545
6 0.7606918236363636 0.08172673999999999 0.7550314472727272 0.08005029272727274 0.7531446545454545 0.08088851636363636 0.7600628927272727 0.08340318545454546 0.7606918236363636 0.08172673999999999
6 0.9770440254545455 0.08340318545454546 0.9707547163636363 0.08340318545454546 0.9707547163636363 0.0850796309090909 0.9770440254545455 0.08591785454545454 0.9770440254545455 0.08340318545454546