57 0.15840661272727274 0.020824119999999998 0.12297834727272727 0.024807956363636363 0.12233609818181818 0.02829346909090909 0.12983222909090908 0.027431423636363635 0.13735559636363637 0.03011346181818182 0.15864207818181816 0.02969898 0.15840661272727274 0.020824119999999998
11 0.3896682418181818 0.07242626181818182 0.39225305272727273 0.06986963636363637 0.3917540127272727 0.06400746545454546 0.3882036290909091 0.062178972727272734 0.37287662363636365 0.06387377999999999 0.3705606618181818 0.06721286181818181 0.37094460727272727 0.07053517636363636 0.3896682418181818 0.07242626181818182
7 0.1857536690909091 0.17475097272727272 0.20438944363636363 0.17764628545454544 0.2318436309090909 0.1838428981818182 0.24326354363636363 0.1805413709090909 0.24794994363636363 0.18095137818181817 0.24999705636363637 0.1768298381818182 0.24644667454545455 0.17500134545454543 0.2372003890909091 0.16887984727272728 0.22722399818181818 0.16724809090909093 0.2129398781818182 0.16473349636363638 0.20535061636363638 0.1628046290909091 0.1931408490909091 0.15971258363636365 0.18560606181818182 0.16487188727272725 0.18512283818181818 0.17039514363636366 0.1857536690909091 0.17475097272727272
57 0.04183441272727273 0 0.041463303636363635 0.004241807272727272 0.04913283818181818 0.0013977309090909091 0.04742434727272727 0 0.04183441272727273 0
7 0.2787981054545454 0.14064384727272727 0.2733543618181818 0.14117949818181819 0.26106200727272727 0.1428868218181818 0.2576372654545454 0.15118847636363636 0.26358005272727275 0.15651500000000002 0.2752521218181818 0.1580421290909091 0.2883677127272727 0.1546359781818182 0.2875778581818182 0.14824240545454545 0.2887964618181818 0.14202454909090909 0.28421988363636363 0.14035925636363636 0.2787981054545454 0.14064384727272727
11 0.25688519454545455 0.15592927636363635 0.2642275727272727 0.15682462909090908 0.25765923090909093 0.1509374181818182 0.2610180781818182 0.14338893636363637 0.2713019745454545 0.14150589636363636 0.26643458363636363 0.13930920181818182 0.2578463672727273 0.1410876181818182 0.24366592545454543 0.14895422727272728 0.25688519454545455 0.15592927636363635
57 0.38303055454545454 0.22540366545454546 0.38230659454545457 0.21825691818181817 0.36104207636363633 0.21842034545454547 0.3622211490909091 0.2319313781818182 0.38303055454545454 0.22540366545454546
7 0.6191905563636363 0.2303803018181818 0.6191887236363636 0.22952001454545454 0.6174294345454545 0.2288095418181818 0.6175148963636363 0.2299807218181818 0.6158392363636365 0.22958114181818182 0.6156701454545455 0.22809907272727273 0.6139108563636364 0.22738860000000002 0.6141635763636364 0.2291815618181818 0.6124879163636364 0.22878198181818182 0.6115237272727273 0.22768571090909093 0.6108122581818182 0.2283824018181818 0.6091365963636364 0.22798282363636363 0.6038571527272728 0.23435135818181818 0.6029952581818182 0.24034744181818182 0.6103701472727272 0.24858202545454544 0.6197429454545454 0.2494020381818182 0.6210133836363637 0.24149014727272727 0.6294419381818182 0.24263822909090912 0.6250162454545455 0.2546699909090909 0.6324025527272726 0.25506322909090906 0.6585397327272727 0.26089164 0.6688016654545454 0.2592596545454545 0.6705034872727273 0.24751854 0.6667888072727273 0.2398571636363636 0.6500736290909092 0.2381417963636364 0.6242175345454545 0.2315790418181818 0.6227073 0.23094095636363637 0.6225418745454545 0.23117946363636366 0.6208662145454545 0.23077988363636362 0.6209480127272727 0.23023048545454547 0.6191905563636363 0.2303803018181818
43 0.28235602545454547 0.1925065818181818 0.28576690727272724 0.1920741690909091 0.29094463454545455 0.19457909818181818 0.30835126181818184 0.19610197999999998 0.30964103090909095 0.19292609818181816 0.2891777872727273 0.19164175454545454 0.2874723472727273 0.19185796181818182 0.26552087090909093 0.1883071490909091 0.2669055290909091 0.18918722545454547 0.2672915236363636 0.18863071090909092 0.26906217454545456 0.18895427636363638 0.2682901872727273 0.19006730363636365 0.27382882000000003 0.19358761636363636 0.27553426000000003 0.19337140909090908 0.2755782690909091 0.19363948363636363 0.2772397018181818 0.19315520363636363 0.2773277181818182 0.19369134727272727 0.2789451418181818 0.19293899636363637 0.2790771672727273 0.19374321454545454 0.28065058545454546 0.1927227890909091 0.28082661454545454 0.19379507818181818 0.2825760636363636 0.19384694363636365 0.28235602545454547 0.1925065818181818
57 0.3264483909090909 0.020094165454545454 0.3432733909090909 0.020554247272727273 0.3594016690909091 0.017411670909090907 0.32679982545454545 0.016077250909090908 0.3264483909090909 0.020094165454545454
57 0.5932560381818182 0.12034236181818182 0.5949464454545454 0.11644259272727273 0.58592508 0.11160566545454546 0.58174914 0.10921648727272727 0.5631406018181818 0.10986526 0.5699777909090908 0.11653492727272728 0.5753828799999999 0.12029653454545455 0.5932560381818182 0.12034236181818182