4 0.4109450145454545 0.21171363454545455 0.41717264 0.21980216181818182 0.4327653236363636 0.22426413636363637 0.4408960527272727 0.20647514363636363 0.44854357454545457 0.2064588527272727 0.4557393872727273 0.2032028090909091 0.4509526581818182 0.17300116181818181 0.4395006345454545 0.17286874545454545 0.4263310727272727 0.17634659454545454 0.4170377981818182 0.18284782363636365 0.41481428363636363 0.19403826 0.4109450145454545 0.21171363454545455
4 0.6146198018181818 0.20647098545454545 0.6090312254545455 0.2035557909090909 0.6051829563636363 0.2072228618181818 0.60897696 0.21437571818181816 0.6196691327272726 0.21377797636363638 0.6220747363636363 0.20802319272727274 0.6146198018181818 0.20647098545454545
4 0.4088457236363636 0.11465341272727272 0.3998605890909091 0.11864504363636363 0.39719061272727274 0.1230936490909091 0.4023607454545454 0.12595746545454545 0.4098927145454545 0.12688227454545456 0.41119705999999995 0.11971855818181819 0.4088457236363636 0.11465341272727272
4 0.7015264163636364 0.32891040727272725 0.7028325327272726 0.34594752181818184 0.7124444454545454 0.3299325418181818 0.7015264163636364 0.32891040727272725
4 0.6487693654545454 0.31924836363636366 0.6577720181818182 0.3289513381818182 0.6595000563636364 0.3183369218181818 0.6487693654545454 0.31924836363636366
4 0.5494128709090909 0.32933896 0.5421452745454545 0.3297203290909091 0.5377244909090909 0.33459081999999996 0.5388537690909091 0.34269020727272725 0.5494303909090908 0.34303356545454544 0.5514560672727272 0.33691370363636364 0.5494128709090909 0.32933896
4 0.513081909090909 0.35194455636363636 0.5010346036363637 0.34282303272727277 0.4965543054545455 0.3620155290909091 0.5005794127272727 0.36728618727272727 0.49842768363636364 0.3813513 0.5042473636363637 0.3823842981818182 0.513517869090909 0.3656905381818182 0.513081909090909 0.35194455636363636
4 0.5285205218181818 0.3576613309090909 0.5374181218181818 0.36130125090909093 0.5335856018181818 0.3544620945454545 0.5285205218181818 0.3576613309090909
4 0.5545706745454545 0.2389015218181818 0.5443792290909091 0.23542116545454544 0.5413293272727273 0.2395046927272727 0.5480961981818181 0.24320142363636366 0.5544113545454545 0.2436583981818182 0.5612657581818182 0.23972357454545457 0.5545706745454545 0.2389015218181818
4 0.45611589090909094 0.3073753709090909 0.46692886727272725 0.30233445454545455 0.4532743254545455 0.2993841690909091 0.4520137490909091 0.3027321109090909 0.45611589090909094 0.3073753709090909
4 0.45635401636363637 0.3261919272727273 0.4605822090909091 0.3228899345454545 0.4606259763636364 0.3190741581818182 0.4510017945454545 0.31789245636363633 0.45635401636363637 0.3261919272727273
4 0.5850524072727272 0.48878994181818186 0.59069 0.48438728363636363 0.5825627490909091 0.47447336545454544 0.5757521127272727 0.4745924127272727 0.569960450909091 0.4802498690909091 0.5715134181818182 0.4848985563636364 0.5798822727272728 0.4859261236363636 0.5850524072727272 0.48878994181818186
4 0.5882913545454546 0.4347362490909091 0.5948813872727272 0.4294952490909091 0.5878553945454545 0.42099026545454543 0.5838197872727273 0.42272376 0.5882913545454546 0.4347362490909091
4 0.5485428381818181 0.47825697454545457 0.5344313363636364 0.4755690145454545 0.5258208781818182 0.4834277981818182 0.53086496 0.4942368654545455 0.5455979872727272 0.4884035545454546 0.5526449800000001 0.4829002345454545 0.5485428381818181 0.47825697454545457
4 0.56750778 0.7458370563636363 0.5687736072727273 0.73898704 0.5564461799999999 0.7390655690909091 0.5461496818181818 0.72952216 0.54878114 0.7253872527272727 0.5613886872727273 0.7161086745454546 0.5563778745454545 0.7084879836363636 0.54553688 0.7068384490909091 0.5436039872727273 0.7018246818181818 0.53863694 0.6903882127272728 0.5014848418181819 0.7023848236363636 0.5013920563636364 0.7135184527272728 0.49524848727272724 0.7255012836363637 0.4937077872727273 0.7380492763636364 0.48202466 0.73979906 0.4766899563636364 0.7451941927272727 0.4812823272727273 0.7527635072727272 0.4773902909090909 0.7602463545454545 0.4769561 0.7707012018181819 0.47331793818181817 0.78649438 0.4835531509090909 0.78615896 0.5122541090909091 0.7772642581818182 0.5191365327272728 0.7800198872727273 0.5402880036363636 0.7565057709090909 0.5567770890909091 0.7467484981818182 0.5550210327272728 0.75067246 0.5408937818181818 0.7584907272727273 0.5519886509090909 0.7684505927272728 0.5570484818181818 0.7687534327272727 0.5638696145454546 0.7616302345454545 0.5688576618181818 0.7590583981818182 0.56750778 0.7458370563636363
4 0.34676431636363636 0.6652370709090909 0.34951132727272727 0.6601610654545454 0.3467030290909091 0.6553582436363636 0.3445005127272727 0.6525403745454545 0.3486184054545455 0.6466774054545454 0.34402603454545455 0.6391080909090909 0.32215146 0.6373775181818182 0.32099068545454545 0.6502905890909091 0.31683427636363637 0.6564672581818182 0.30389582 0.6580629072727272 0.2964356363636364 0.6600127745454545 0.2915421436363636 0.6756518163636364 0.29312837999999997 0.68348888 0.2985523890909091 0.6946630254545454 0.3083201418181818 0.7015940799999999 0.32638496363636366 0.7066780236363637 0.33747983090909095 0.7166378890909091 0.33278417636363633 0.7272063563636364 0.3255550981818182 0.7272740236363636 0.3429371054545455 0.7310004127272728 0.3567894818181818 0.72888012 0.36459632363636363 0.7241069545454546 0.3617162418181818 0.7164294563636364 0.3542052709090909 0.70149634 0.34318744 0.6909090763636364 0.3342233036363636 0.6808924036363636 0.34275672727272727 0.6736610181818181 0.3649622090909091 0.6830745218181818 0.3800646654545454 0.68461044 0.39547526 0.6836367618181819 0.3980349345454546 0.6766271781818182 0.3981662363636364 0.6651798509090909 0.3897255945454545 0.6612776072727272 0.38136199090909095 0.6567479672727273 0.3710602418181818 0.6507066327272727 0.36062194363636363 0.6596147036363637 0.35205525090909096 0.6636577127272728 0.34676431636363636 0.6652370709090909
4 0.5433239254545456 0.7871293054545454 0.5401969890909091 0.791840230909091 0.549700369090909 0.7974651090909092 0.5570502509090909 0.7929542654545454 0.5654681218181818 0.78666398 0.5571045163636363 0.7821343363636364 0.5612066581818181 0.7867775963636364 0.5583878618181818 0.7889789254545454 0.5515929745454545 0.7785917418181818 0.5375199927272727 0.7755900818181818 0.5361386127272727 0.7833811981818182 0.5433239254545456 0.7871293054545454
4 0.5154038145454546 0.78274586 0.5115117781818181 0.7902287054545455 0.5189614618181818 0.7952829927272728 0.5419145272727273 0.788229969090909 0.5248459072727273 0.7784919072727272 0.5154038145454546 0.78274586
4 0.4697601709090909 0.6217481 0.47660932363636366 0.6213153545454546 0.4754415290909091 0.6135296672727273 0.4621231472727273 0.6147602381818182 0.4697601709090909 0.6217481
4 0.4071040636363636 0.6166023309090909 0.4130217781818182 0.6029996236363636 0.40438330181818183 0.6041679545454546 0.39714897272727273 0.6077377 0.4071040636363636 0.6166023309090909
4 0.6687270345454546 0.6098772363636363 0.6733404018181818 0.6034382454545454 0.668137 0.5973860527272726 0.6630719218181818 0.6005852890909091 0.6687270345454546 0.6098772363636363
4 0.40357467090909094 0.9151739472727273 0.3921506654545454 0.9217319836363637 0.3862819672727273 0.9280168400000001 0.3943759509090909 0.93474238 0.40821257818181816 0.9431283163636365 0.40975327818181817 0.9305803236363637 0.40357467090909094 0.9151739472727273
4 0.4260178618181818 0.41067198909090913 0.4255504018181818 0.4179384636363636 0.43064874909090906 0.41792760363636366 0.4315346527272727 0.41071250909090906 0.4269755490909091 0.4063315709090909 0.4260178618181818 0.41067198909090913
4 0.6696790527272728 0.07630687818181818 0.67189732 0.06861851818181817 0.6650971836363636 0.06173341090909091 0.6613539672727273 0.07146353454545454 0.6696790527272728 0.07630687818181818
4 0.5165397527272727 0.35491655818181816 0.5216818690909091 0.35108992363636365 0.5231017654545455 0.34298510909090907 0.5109511781818181 0.35200136363636364 0.5165397527272727 0.35491655818181816
57 0.9289561745454545 0.36543285636363637 0.9364548745454545 0.3631692909090909 0.94300114 0.3617440672727273 0.9408423909090908 0.3551104218181818 0.9353693654545455 0.3512541272727273 0.9240381454545454 0.34667853818181815 0.9160439654545455 0.34951812545454547 0.915350650909091 0.3551647218181818 0.9152683654545455 0.35929419636363635 0.9180381454545454 0.36441071999999997 0.9289561745454545 0.36543285636363637
6 0.36879986 0.5342024545454546 0.36101053818181816 0.5526702236363636 0.36782117454545454 0.5525511763636364 0.3736618527272727 0.539575869090909 0.3742396145454545 0.5348703727272727 0.36879986 0.5342024545454546
4 0.9123514181818182 0.22392208 0.9157269763636363 0.23102356 0.9273558381818181 0.24009370363636362 0.9243269363636364 0.23016892727272728 0.9127751109090909 0.22047138363636362 0.9123514181818182 0.22392208