7 0.6584903236363636 0.4782200509090909 0.65888072 0.4836290618181819 0.6661791236363637 0.48580773818181816 0.6701173963636364 0.4878103181818182 0.6772749854545455 0.4926758890909091 0.6817135563636364 0.49156136727272726 0.6849798072727273 0.4935287290909091 0.6977013472727273 0.4950935290909091 0.70446854 0.4945500890909091 0.7061176872727273 0.4887989218181818 0.7066105363636364 0.4793947872727272 0.6991169363636364 0.47451160363636363 0.689974189090909 0.4753795927272727 0.6827461945454545 0.4718574672727273 0.6701494436363636 0.4743406218181818 0.6604050781818183 0.47382994 0.6584903236363636 0.4782200509090909
6 0.8221187654545454 0.5191267581818182 0.8246820763636364 0.5152196836363637 0.8160161545454545 0.5134183836363636 0.8128277581818182 0.5163946072727273 0.8221187654545454 0.5191267581818182
29 0.17009516545454545 0.5330035599999999 0.17297846727272728 0.5358489436363637 0.17972218727272726 0.53575332 0.18420769636363638 0.5337431654545455 0.18175428727272727 0.5291241309090909 0.17436200727272727 0.5287367181818182 0.17009516545454545 0.5330035599999999
29 0.6274896 0.503987170909091 0.6296934290909091 0.5005103018181818 0.6248175218181818 0.49711144545454544 0.6216056563636363 0.5005354854545454 0.6274896 0.503987170909091
6 0.7677666272727273 0.5854313527272726 0.7637739672727272 0.5780373709090909 0.7541543945454545 0.5815746436363637 0.7575219654545455 0.5880377727272728 0.7642656872727273 0.587942149090909 0.7677666272727273 0.5854313527272726
57 0.9487749818181818 0.6097361127272728 0.9426489018181818 0.6044755545454545 0.9390306145454547 0.6092254309090909 0.9455631145454545 0.6131601527272728 0.9487749818181818 0.6097361127272728
27 0.7389702018181817 0.46627217090909095 0.7481203963636364 0.4716912163636363 0.7476447018181819 0.4550515890909091 0.7394865218181818 0.45642022000000004 0.7389702018181817 0.46627217090909095
27 0.44552354 0.42080720727272725 0.4458755745454545 0.4140899672727273 0.44062416363636364 0.41785616545454546 0.42946534000000003 0.41861849636363635 0.4367316963636364 0.4342668690909091 0.4480622490909091 0.4366568618181818 0.45054026 0.4215191690909091 0.44552354 0.42080720727272725
57 0.44326419454545457 0.4382015909090909 0.4530160072727273 0.44499930363636364 0.4652767472727273 0.44249854 0.46517542363636366 0.4380027727272727 0.46003391272727273 0.4332428581818182 0.45437608181818184 0.4383348927272727 0.44326419454545457 0.4382015909090909
6 0.21751809272727274 0.4317592890909091 0.21890163636363635 0.4246470636363636 0.21250250363636364 0.41173841272727274 0.20550062363636365 0.41676001272727276 0.20173407636363638 0.41790975272727277 0.20121775636363637 0.4277617036363636 0.1995056490909091 0.44114335272727273 0.20648406 0.43656956909090905 0.21751809272727274 0.4317592890909091
6 0.08861695818181818 0.5125678163636364 0.09120373636363636 0.5082129254545454 0.08085775090909092 0.5063235781818182 0.07927901090909091 0.5107312963636363 0.08861695818181818 0.5125678163636364
29 0.003922829090909091 0.43134233818181816 0.002893929090909091 0.43168756545454545 0.0025282418181818184 0.43866530000000004 0.009642490909090909 0.43792873454545456 0.011291638181818182 0.4321775654545455 0.009963609090909091 0.4253722781818182 0.008494767272727273 0.4212538872727273 0.003922829090909091 0.43134233818181816
6 0.61883518 0.57268668 0.6197888327272727 0.567348109090909 0.6112167872727273 0.5637555436363636 0.609544170909091 0.569954529090909 0.61883518 0.57268668
57 0.8331706145454545 0.6104132327272728 0.8276226818181818 0.6069791563636363 0.8148851181818182 0.6121492054545455 0.8276610436363636 0.6191054054545454 0.8342565054545454 0.6154096454545455 0.8331706145454545 0.6104132327272728
31 0.8711308036363636 0.5032844890909091 0.8669887527272727 0.5115992854545455 0.8994411636363636 0.51599432 0.9068964018181819 0.5087512509090909 0.9041230018181818 0.4973797563636364 0.8785860418181819 0.49604142181818184 0.8711308036363636 0.5032844890909091
57 0.8787600327272728 0.46057591454545455 0.86824232 0.45553424363636363 0.8641237381818182 0.4634012254545455 0.8587784509090909 0.46895868727272727 0.8640607763636364 0.4710317054545454 0.87364086 0.4746770981818182 0.8826822854545454 0.4693133436363637 0.8971542981818182 0.4696227418181818 0.8985143709090909 0.4629583327272727 0.888074510909091 0.4628602490909091 0.8787600327272728 0.46057591454545455
57 0.9557355781818182 0.5090655763636364 0.9489609418181819 0.50332198 0.943154850909091 0.5048138799999999 0.9444828781818182 0.5116191672727273 0.9501950927272728 0.5119185327272727 0.9557355781818182 0.5090655763636364
57 0.9321569181818181 0.5603682400000001 0.9419012854545454 0.5608789200000001 0.9519816636363637 0.5614072109090908 0.9581237672727273 0.5599329218181818 0.9530526618181817 0.55382956 0.9485831763636363 0.5491048636363637 0.9395108345454545 0.5486294036363636 0.938580650909091 0.5535201581818182 0.932798029090909 0.5545642418181819 0.9321569181818181 0.5603682400000001
57 0.6919370109090909 0.45078493454545454 0.6860295981818182 0.44778106545454543 0.6847634 0.4526542109090909 0.6896862436363635 0.45515743636363637 0.7007277236363636 0.4566341854545454 0.7013453654545455 0.45127800545454544 0.6919370109090909 0.45078493454545454
4 0.5168475690909091 0.4999848509090909 0.5157616781818182 0.4949884381818182 0.5108388345454545 0.49248521272727275 0.5077986981818182 0.4990615745454545 0.5168475690909091 0.4999848509090909
57 0.46941021999999993 0.44720562545454545 0.47738809272727273 0.45570655454545456 0.4809829109090909 0.4514044909090909 0.46941021999999993 0.44720562545454545