4 0.4037905727272727 0.23633181636363634 0.4100766254545455 0.2448054709090909 0.4261022272727273 0.24969779454545454 0.4348238509090909 0.23145300727272727 0.44272372181818187 0.23157323636363636 0.4502158018181818 0.22833606 0.44581954545454544 0.1970273690909091 0.43399248181818184 0.19668522000000002 0.4203257345454546 0.2000446272727273 0.4106081545454546 0.20659912727272728 0.40810821999999997 0.2181281090909091 0.4037905727272727 0.23633181636363634
4 0.6142733890909091 0.23456239272727275 0.6085535381818182 0.23144845636363637 0.6045118690909091 0.23517055272727275 0.6083010745454546 0.24263328181818183 0.6193564981818181 0.24220696363636363 0.6219458509090909 0.23630070363636363 0.6142733890909091 0.23456239272727275
4 0.40338397454545455 0.13595193454545454 0.39403024363636363 0.13991749636363637 0.3911915145454546 0.14446867454545453 0.39648006545454545 0.14752199454545453 0.4042434890909091 0.14861307272727273 0.40572086181818184 0.14123049636363635 0.40338397454545455 0.13595193454545454
4 0.7018217563636363 0.36269967454545454 0.7028616527272727 0.38033630181818184 0.7130810745454546 0.36395205999999997 0.7018217563636363 0.36269967454545454
4 0.6475012890909091 0.35176534 0.6566245254545454 0.3619577709090909 0.6586021945454545 0.35101540727272723 0.6475012890909091 0.35176534
4 0.5446869618181819 0.3604163618181818 0.5371729127272727 0.36068036545454546 0.5325180163636364 0.36563631454545453 0.5335374872727273 0.3740298181818182 0.5444564672727272 0.37457435454545457 0.54666 0.36828385818181814 0.5446869618181819 0.3604163618181818
4 0.5067482309090909 0.3831351836363637 0.49446944 0.3734892981818182 0.4894930854545455 0.39325047636363636 0.49355518000000004 0.3987715 0.4910772163636363 0.41327364909090913 0.4970699545454546 0.41444588363636364 0.5069490363636364 0.39735379454545455 0.5067482309090909 0.3831351836363637
4 0.522591909090909 0.38932197636363636 0.5317166872727274 0.39324445454545454 0.5278820000000001 0.3861053418181818 0.522591909090909 0.38932197636363636
4 0.5516564254545454 0.2670132781818182 0.54119226 0.26323257272727274 0.5379677090909092 0.2673995181818182 0.5448905018181818 0.2713425327272727 0.5514055054545455 0.2719281472727273 0.5585572472727273 0.26798312545454545 0.5516564254545454 0.2670132781818182
4 0.4487137272727273 0.3360379036363636 0.45997458909090905 0.33102033454545454 0.44592356727272725 0.32772555818181814 0.4445606690909091 0.33116411272727275 0.4487137272727273 0.3360379036363636
4 0.4486181327272727 0.355495 0.4530456218181818 0.3521571345454545 0.4531600981818182 0.34821311636363633 0.4432401654545455 0.34681896181818184 0.4486181327272727 0.355495
4 0.5786067036363636 0.5258978563636364 0.5845100236363636 0.521447369090909 0.5762948709090909 0.5110525545454546 0.5692576036363636 0.5110535563636364 0.5631723581818182 0.5167985109090909 0.5646921254545455 0.5216322272727273 0.5733181545454545 0.5228445363636364 0.5786067036363636 0.5258978563636364
4 0.5829336127272727 0.47007442363636365 0.5898359781818182 0.46477431636363636 0.5827328054545454 0.45585581454545454 0.5785327218181818 0.45757559454545454 0.5829336127272727 0.47007442363636365
4 0.5410850236363637 0.5143543581818182 0.5265572181818182 0.5113225818181818 0.5175203145454546 0.5192927799999999 0.5225344290909091 0.5305577563636363 0.5378589309090909 0.5247912563636364 0.54523808 0.5192281490909091 0.5410850236363637 0.5143543581818182
4 0.5558177854545455 0.7913224181818181 0.5572496781818181 0.7842634581818182 0.5445145290909091 0.7841236963636363 0.5340519072727272 0.7740730363636363 0.5368451563636364 0.7698454763636363 0.5500366618181819 0.7604791145454545 0.5449990327272727 0.7525109236363636 0.5338306763636363 0.7506113054545454 0.5319250890909091 0.7453933563636364 0.5270019345454545 0.7334811454545455 0.4884075836363636 0.7452175309090909 0.4881096381818182 0.7567259745454545 0.4815460654545455 0.7690038854545455 0.47972681090909086 0.7819485654545455 0.4676268581818182 0.7835481181818181 0.46201839454545457 0.7890300709090909 0.46662472363636365 0.7969376472727272 0.46246857636363636 0.8046037636363635 0.46183029454545454 0.8154043545454546 0.4577855363636364 0.8316663618181818 0.46836417636363636 0.8315030472727273 0.4981725454545454 0.8228219890909091 0.50523178 0.8257941545454546 0.5275072163636363 0.8018640254545455 0.5447168800000001 0.7920723509090909 0.5428317163636364 0.7960975254545455 0.5280969309090908 0.8039269563636364 0.5393766745454546 0.8144224636363636 0.5445977745454545 0.8148262345454546 0.5517730272727273 0.8075844254545455 0.5569721581818181 0.8050150236363637 0.5558177854545455 0.7913224181818181
4 0.3292619890909091 0.7040405636363636 0.33219168 0.6988421527272727 0.3293780090909091 0.6938265909090909 0.32715405090909094 0.69087396 0.3315140909090909 0.6848865436363636 0.3269077618181818 0.6769789690909092 0.3043436436363636 0.6747978163636363 0.30291020727272727 0.6881267290909091 0.2985046872727273 0.6944377618181818 0.2851108309090909 0.6958554690909091 0.2773693745454546 0.69773756 0.27203071272727275 0.71381772 0.27352696727272724 0.72194822 0.27892690363636363 0.7335974290909091 0.28889077454545453 0.7409379218181817 0.30745870363636363 0.7465175545454545 0.3187384472727273 0.7570130636363637 0.3136961854545455 0.7678547345454546 0.3062276163636363 0.7677951236363637 0.3241148709090909 0.7719590563636364 0.3384622927272727 0.7700153490909091 0.3466130836363636 0.7652207036363636 0.34377744363636364 0.7572319745454545 0.3362899927272727 0.7416592854545454 0.3251012127272727 0.7305165436363636 0.3160234581818182 0.7200004963636364 0.3249693981818182 0.7126775309090909 0.34773586727272726 0.72280734 0.36330820181818185 0.7246658781818182 0.3792443854545454 0.7239354818181818 0.3820156618181818 0.7167347527272727 0.38235908909090904 0.7049026945454545 0.3737110909090909 0.7007172163636364 0.3651540581818182 0.6958845054545454 0.3546224418181818 0.6894542472727273 0.3436784054545455 0.6984764509090909 0.3347559763636364 0.7025026290909091 0.3292619890909091 0.7040405636363636
4 0.5300873072727272 0.8335774872727273 0.5267717945454545 0.8383916672727272 0.5364862890909091 0.8443770763636363 0.5441602963636364 0.8398454345454546 0.5529697945454546 0.8334933218181818 0.5444127599999999 0.8286606090909091 0.5485658163636364 0.8335344 0.5456141581818181 0.8357596436363636 0.5387838727272727 0.8248994399999999 0.5243015490909091 0.8215440472727272 0.5227332127272727 0.8295738563636363 0.5300873072727272 0.8335774872727273
4 0.5013265545454545 0.8285454 0.497170410909091 0.8362115181818182 0.50477388 0.8415702345454545 0.5286114781818182 0.8346901090909091 0.5111570690909091 0.8243168363636364 0.5013265545454545 0.8285454
4 0.45710106181818183 0.6612855163636364 0.4641838109090909 0.6609608963636364 0.4631188581818182 0.6528910090909091 0.44933918 0.6539244818181817 0.45710106181818183 0.6612855163636364
4 0.3924733 0.6548427472727273 0.39883297636363635 0.6408861363636363 0.38988857818181816 0.6419391472727273 0.3823510163636364 0.6454999381818182 0.3924733 0.6548427472727273
4 0.6628411036363636 0.6525793654545454 0.6677234072727273 0.646005330909091 0.6624583727272727 0.6396552254545455 0.6571682781818181 0.64287186 0.6628411036363636 0.6525793654545454
4 0.3735506563636364 0.9835123909090909 0.38095755454545455 0.9881834618181818 0.3881459090909091 0.9891937181818182 0.3895103509090909 0.9794852090909091 0.38340777090909095 0.963447130909091 0.3714882 0.9700221709090909 0.3653119909090909 0.97641436 0.3735506563636364 0.9835123909090909
4 0.41574861636363636 0.4422879872727273 0.41513384545454546 0.4497917945454546 0.42040042363636365 0.4498719472727273 0.42144649636363635 0.44242875454545455 0.4168166581818182 0.43781796545454543 0.41574861636363636 0.4422879872727273
4 0.6735101236363636 0.10098369636363635 0.6759410618181818 0.09307511818181818 0.6690417854545455 0.08583531636363637 0.664998569090909 0.09582736727272728 0.6735101236363636 0.10098369636363635
4 0.5102660927272727 0.38626966 0.5156471472727273 0.3824057927272727 0.5172609654545455 0.37405236545454545 0.5045462418181818 0.38315572545454546 0.5102660927272727 0.38626966
57 0.9360843363636364 0.40453337636363634 0.9438712727272727 0.40232766909090906 0.9506591654545454 0.4009715818181818 0.9485496836363636 0.39407493272727273 0.9429662763636363 0.3899901472727273 0.9313446509090909 0.3850567436363636 0.9230354490909091 0.38784907090909093 0.9222167836363636 0.39367417636363633 0.9220568272727273 0.39794181272727275 0.9248250181818182 0.4032809927272727 0.9360843363636364 0.40453337636363634
6 0.3544023981818182 0.5689700327272728 0.34602111636363636 0.5879226709090909 0.35305838181818183 0.5879216672727273 0.3593270963636364 0.5746122909090909 0.3600093181818182 0.5697580345454545 0.3544023981818182 0.5689700327272728
4 0.9215010781818183 0.25793988727272726 0.9248589818181818 0.26534199999999997 0.936706470909091 0.2749272709090909 0.9337578999999999 0.26461260545454546 0.9220013727272727 0.2543801 0.9215010781818183 0.25793988727272726