4 0.2664673454545455 0.9054207981818182 0.2552939890909091 0.8738318145454546 0.2471413927272727 0.8731185545454546 0.23148198 0.90671622 0.17279646727272727 0.8833113672727273 0.12424108 0.8118572909090909 0.13652998 0.7804372072727273 0.13985592181818182 0.7605952781818182 0.13781710727272728 0.7445225036363636 0.1262847290909091 0.7339769072727272 0.1142886 0.74387686 0.1043787109090909 0.7511336636363636 0.09746669818181819 0.75441424 0.09134828181818182 0.7637687981818182 0.0705899618181818 0.7647783509090909 0.06589149636363635 0.770018630909091 0.09458488363636364 0.8085562909090909 0.10388694909090909 0.8355075781818182 0.17366352727272727 0.8845873309090909 0.2378866709090909 0.9789779745454547 0.32908452363636365 0.9869567527272728 0.3386820581818182 0.9687231436363637 0.33755102000000003 0.9678523654545454 0.3389164727272727 0.9668010036363636 0.33961971999999996 0.9610345818181819 0.32090682363636364 0.9265489836363636 0.3302861018181818 0.9132412072727273 0.30406924727272727 0.8766862599999999 0.29411567818181816 0.8874713309090909 0.28061045636363635 0.8661568672727273 0.2701829781818182 0.8641849545454545 0.27087707454545457 0.9016858272727273 0.2664673454545455 0.9054207981818182
4 0.07757918545454545 0.7212387109090909 0.08414922727272726 0.7158089618181819 0.0857569290909091 0.6944038727272727 0.08103992727272727 0.6756243218181818 0.05521977272727273 0.6920854272727273 0.04068113818181818 0.6946987581818181 0.042969921818181815 0.7139722836363637 0.04664799272727273 0.7294820599999999 0.054200263636363634 0.7340280945454546 0.07474391636363635 0.7354722236363637 0.07961336545454546 0.7313065290909091 0.07757918545454545 0.7212387109090909
4 0.09074332363636363 0.7615966163636363 0.09395586909090908 0.7551667090909091 0.08309816363636363 0.7369095436363636 0.06490838 0.7388502327272728 0.07142260545454544 0.7613191072727272 0.09074332363636363 0.7615966163636363
4 0.11000052909090909 0.9201061763636363 0.1158438290909091 0.9350989690909092 0.12221684909090909 0.9349501163636365 0.12688001272727273 0.9240554036363636 0.14637921454545455 0.8950321836363636 0.15864671454545454 0.87597254 0.15533753636363634 0.877449070909091 0.14704462181818181 0.8753106981818182 0.1205711890909091 0.8871229327272727 0.1202691509090909 0.8966331490909091 0.1127438 0.9069242418181819 0.11000052909090909 0.9201061763636363
4 0.05191018727272727 0.8934781872727273 0.044152514545454546 0.9033957454545455 0.048750594545454544 0.9083897418181818 0.06222426363636364 0.9088621181818182 0.06862795454545455 0.9083627418181819 0.07981747272727273 0.8955665472727272 0.05191018727272727 0.8934781872727273
4 0.11938355636363636 0.8916107436363637 0.09784465636363636 0.8833685727272728 0.09975242 0.9100261527272727 0.10783530000000001 0.9206231636363637 0.10674805090909091 0.9148766981818182 0.11838455818181819 0.9000003581818182 0.11938355636363636 0.8916107436363637
4 0.4903986290909091 0.9671618490909092 0.4923483036363636 0.9479059290909091 0.48816191090909095 0.9351773545454545 0.4837200272727273 0.8920504563636363 0.48493744000000005 0.8660195054545454 0.4776788218181818 0.8611459509090909 0.46785630181818183 0.8613462181818181 0.4626848163636364 0.875022130909091 0.44799748 0.8853930490909091 0.4543852909090909 0.9244516872727272 0.4646027345454546 0.9348822400000001 0.47436017090909094 0.9505706800000001 0.4903986290909091 0.9671618490909092
4 0.49769452363636363 0.9201169490909091 0.5000911890909091 0.8987808836363635 0.5052320072727273 0.8854554981818181 0.50644104 0.8686072436363637 0.49290603454545456 0.8688359218181818 0.4872123218181818 0.86727816 0.4853890636363636 0.8699443163636363 0.48598564 0.8812991963636364 0.4866444363636364 0.9131456381818182 0.4886572181818181 0.9355738981818182 0.49372457272727277 0.9473199199999999 0.49769452363636363 0.9201169490909091
4 0.4930454654545455 0.8490684181818182 0.49864343090909097 0.8668654145454545 0.50574408 0.8674866418181818 0.5066715854545455 0.826595549090909 0.49402129090909086 0.8106540145454546 0.48775792181818184 0.8125785036363636 0.4875878218181818 0.8326965327272727 0.4930454654545455 0.8490684181818182
4 0.4860813890909091 0.8650599618181818 0.49352400909090904 0.86783036 0.4956409218181818 0.8648366836363636 0.4884120836363636 0.8384199890909091 0.4860813890909091 0.8650599618181818
4 0.46742233090909097 0.8602486236363637 0.48010704000000004 0.8606519745454545 0.4857700836363636 0.8625602636363636 0.4864736527272728 0.8121129381818182 0.46275828 0.8499507218181818 0.46742233090909097 0.8602486236363637
4 0.45781359272727273 0.8368025945454545 0.4615046781818182 0.8491346290909091 0.48693365818181816 0.8068550472727273 0.4731700836363636 0.7915225327272728 0.47068141999999996 0.8139101763636364 0.45781359272727273 0.8368025945454545
4 0.46137846545454547 0.7657662745454545 0.4548382072727273 0.7496528818181818 0.4475879709090909 0.7355966290909091 0.4407893581818182 0.7254651854545454 0.4311508418181818 0.7235622963636364 0.42962212363636365 0.7470935509090909 0.4184540018181818 0.7475293036363636 0.4139980127272727 0.7863456472727273 0.42093230909090906 0.7918972454545454 0.4190876527272727 0.8069238436363636 0.42218768181818184 0.8350985672727272 0.4358760218181818 0.8331172618181818 0.4498840472727273 0.8244529563636364 0.4595708818181818 0.8288325345454545 0.4678880581818182 0.7822301927272728 0.4622686963636364 0.7767936363636363 0.46137846545454547 0.7657662745454545
4 0.4301256090909091 0.838265509090909 0.41449972545454544 0.8351323781818182 0.41109854545454544 0.8376604836363636 0.40857921272727277 0.8603986545454546 0.43174898727272726 0.87726052 0.4406292109090909 0.8787438581818182 0.45667516545454545 0.8649597127272728 0.45138387090909093 0.8436574563636363 0.4301256090909091 0.838265509090909
4 0.40839984545454544 0.8685067654545454 0.4034216290909091 0.8920894363636364 0.4073664345454545 0.8924345636363636 0.40678376 0.8990945563636363 0.4216076672727273 0.9053364054545454 0.4244652218181818 0.8999350654545455 0.42419296727272726 0.8879021418181818 0.42492897636363636 0.87948952 0.41868700545454546 0.8690535672727273 0.40839984545454544 0.8685067654545454
4 0.44681822909090907 0.8806981636363636 0.44478868363636365 0.8766353018181817 0.4365004036363636 0.8805018890909091 0.4282074872727273 0.8783635163636364 0.4270551563636364 0.88850576 0.4363870036363637 0.8939139072727272 0.44681822909090907 0.8806981636363636
4 0.3851855018181818 0.8339805509090908 0.37130852545454546 0.8320600545454546 0.36783299454545454 0.8384669545454546 0.36785528 0.8472991290909091 0.3649977236363636 0.8527004672727273 0.3644457181818182 0.8590099345454546 0.3680048672727273 0.8607341563636364 0.3668832036363636 0.8705258727272727 0.3663664963636364 0.8824897727272727 0.3676423818181818 0.8921380381818182 0.3760272981818182 0.8932248327272727 0.3855998490909091 0.8898238163636364 0.4028733709090909 0.8832112472727273 0.4072075781818182 0.8669896218181818 0.4085392781818182 0.8487392636363637 0.4088181418181818 0.8092042581818182 0.40087558181818184 0.80003236 0.3959178781818182 0.7900619745454546 0.38588907272727274 0.7835332254545454 0.38118134 0.7767635909090909 0.3682122436363637 0.7886976727272728 0.37952531818181817 0.7956919909090909 0.37292924363636365 0.8074772236363637 0.38061345272727276 0.8226310709090909 0.3851855018181818 0.8339805509090908
4 0.4179922236363636 0.7104019636363635 0.41401211818181816 0.7044024054545454 0.40815205454545456 0.7077750145454546 0.40582885454545453 0.7040396709090909 0.39838248727272724 0.7164569309090909 0.3990050945454545 0.7214563254545454 0.39682684909090904 0.7251510527272728 0.40817522363636366 0.7377998036363637 0.4179922236363636 0.7104019636363635
4 0.38677003454545456 0.7825506727272727 0.3970135090909091 0.78662574 0.40474801272727273 0.7466833927272727 0.40032091636363637 0.7427639836363636 0.3927388636363636 0.7597610872727273 0.38677003454545456 0.7825506727272727
4 0.3832452981818182 0.7652882690909091 0.3890078418181818 0.7357696654545455 0.38445344363636363 0.7272474 0.3788349690909091 0.7430034600000001 0.37760828727272727 0.7570244963636363 0.37266448545454545 0.7650689854545454 0.3832452981818182 0.7652882690909091
4 0.39053744545454544 0.7334310254545455 0.3922770854545455 0.7226337472727272 0.3895812472727273 0.7170997563636364 0.3847554818181818 0.7177371854545455 0.37423225272727273 0.7320045054545455 0.3779056872727273 0.7415093218181819 0.3855053927272727 0.7273394345454546 0.39053744545454544 0.7334310254545455
4 0.3622376909090909 0.8842478018181819 0.35784964545454545 0.8707951654545455 0.35826044727272727 0.8418679727272727 0.35011248363636366 0.847159670909091 0.3556676490909091 0.889677550909091 0.3622376909090909 0.8842478018181819
4 0.09326503818181818 0.4813693309090909 0.10242501272727272 0.46451027818181817 0.10097350727272728 0.4477824654545455 0.08443510727272728 0.4247898 0.07040479818181819 0.4246219327272728 0.059863918181818174 0.4360620381818182 0.04933605818181818 0.44432440181818184 0.04705742727272728 0.45825340545454546 0.05509662545454545 0.4723786854545454 0.08624800727272727 0.4888792272727273 0.09326503818181818 0.4813693309090909