8 0.4370831472727273 0.42734266545454547 0.36426136545454546 0.3289860781818182 0.28342838181818186 0.2403424690909091 0.2675870890909091 0.23792287272727275 0.18363381999999998 0.50865596 0.15717652727272727 0.5930145036363637 0.14294393272727274 0.6336802963636363 0.17441611636363638 0.6218141145454545 0.17635005636363638 0.6175757163636364 0.3012432472727273 0.7735538018181818 0.3105118472727273 0.77241576 0.33277602363636366 0.7438578036363637 0.39635628 0.5487343236363637 0.4370831472727273 0.42734266545454547
12 0.19805876363636366 0.6811076181818182 0.20646147454545455 0.66625446 0.20614904727272726 0.6553811636363636 0.1839161709090909 0.627558370909091 0.16547398 0.6272767345454545 0.15349544 0.6396591727272727 0.1556231818181818 0.6703142872727273 0.18901014545454545 0.6840372581818182 0.19805876363636366 0.6811076181818182
12 0.20866573636363636 0.6925355127272728 0.2060674018181818 0.6830340545454545 0.19906622000000002 0.6809839181818181 0.18961461818181818 0.6839630381818181 0.17815512 0.6839152000000001 0.1800844890909091 0.7862478963636365 0.19050846 0.799516870909091 0.20467533818181818 0.7999597290909091 0.21546787636363637 0.7979071290909091 0.21924330363636363 0.7803486327272727 0.21198393818181818 0.7212258472727273 0.20866573636363636 0.6925355127272728
12 0.25536827636363635 0.7697297690909092 0.23017618727272726 0.7128088472727273 0.2236130727272727 0.6943374309090908 0.22044278727272726 0.6801778163636364 0.21739747454545455 0.6703675181818182 0.20658644727272726 0.6706037781818183 0.2082098490909091 0.6754965563636364 0.20994418727272726 0.6912873727272727 0.2139382581818182 0.7388082618181818 0.21848389636363638 0.7691664945454545 0.22596647454545454 0.786797569090909 0.24322522363636365 0.7857696272727273 0.25465475818181815 0.7789104272727273 0.25536827636363635 0.7697297690909092
12 0.22211018545454544 0.6854289127272728 0.22349957454545455 0.6950788109090908 0.23169310545454544 0.7151686454545455 0.2580686381818182 0.7733991490909091 0.26428234545454543 0.7773645854545455 0.2763348436363636 0.7722475072727273 0.2850640181818182 0.7617189272727273 0.2826046872727273 0.7500180690909091 0.23073733454545456 0.6807324127272727 0.22211018545454544 0.6854289127272728
12 0.17218288545454546 0.8701466981818182 0.22521207636363635 0.867272750909091 0.23622014 0.8586466909090908 0.23174211090909091 0.8071842836363636 0.22265205818181819 0.7981161872727273 0.16814292545454546 0.8022630127272727 0.16210264181818182 0.8113702727272727 0.16603422545454546 0.8567165 0.17218288545454546 0.8701466981818182
12 0.1774566290909091 0.9680678127272726 0.18530075636363635 0.9736516709090909 0.1954818018181818 0.9749476490909091 0.20392594727272728 0.972092229090909 0.20866483818181816 0.9540517127272726 0.20741134 0.8705495727272727 0.16976499090909092 0.8704435781818182 0.17091200545454546 0.9514127381818183 0.1774566290909091 0.9680678127272726
12 0.26774901636363635 0.9038778963636364 0.26492624545454546 0.8842197818181818 0.26030598 0.8782400818181818 0.25300384 0.8704073454545455 0.24195434363636367 0.8670356690909091 0.2352541181818182 0.8707681290909091 0.22993180727272727 0.8790597872727273 0.22097173454545455 0.9659983290909091 0.22175664727272726 0.9757224454545455 0.23049918545454545 0.9902890418181817 0.24344308 0.997429058181818 0.25632003454545454 0.9940293581818181 0.26774901636363635 0.9038778963636364
12 0.31211057636363637 1 0.3383257709090909 0.9323117999999999 0.34157068363636367 0.9220928818181818 0.3386968981818182 0.9053508072727273 0.3317422745454545 0.8920195709090909 0.32305520363636364 0.8829019945454545 0.31551905090909094 0.8798263745454546 0.3079248690909091 0.8829411563636363 0.28126864545454544 0.9556850218181818 0.28107606545454544 0.9724398781818182 0.28572629272727273 0.9853266145454544 0.2890355836363636 0.9972868327272727 0.29338602545454545 1 0.31211057636363637 1
12 0.23753813272727273 0.8493918127272727 0.28703225818181816 0.8876887781818182 0.29445045636363637 0.8831407163636363 0.3014357109090909 0.8717351 0.30645261090909093 0.8492957836363636 0.29741613454545457 0.8256722309090909 0.24536510727272726 0.7898715454545454 0.23769440363636363 0.7973603854545455 0.2331130090909091 0.8150178418181818 0.23753813272727273 0.8493918127272727
12 0.2697614818181818 0.8003337618181817 0.27799455636363635 0.8124168563636364 0.3267407472727273 0.8446223818181818 0.33413344 0.8415323418181818 0.33945129636363636 0.8248756254545455 0.3424022709090909 0.805599749090909 0.339466 0.7866830145454545 0.3344937672727273 0.7778367563636364 0.31594063818181817 0.7666570818181818 0.3097938727272727 0.7732313599999999 0.3011297472727273 0.7742951818181818 0.2820442109090909 0.7504506090909091 0.2850640181818182 0.7617189272727273 0.2772288018181818 0.7728651854545454 0.2688726509090909 0.7764372454545454 0.26831662727272726 0.7852348436363636 0.2697614818181818 0.8003337618181817
12 0.3737552781818182 0.7344615218181818 0.3876626309090909 0.7411195181818181 0.3955909654545455 0.7074110654545455 0.4165167672727273 0.666287170909091 0.4169592909090909 0.6582309527272727 0.41962523636363636 0.6466282363636364 0.41296711454545454 0.6307145418181818 0.4009822254545454 0.6147274472727273 0.3921306418181818 0.6092672890909091 0.3847749290909091 0.6159900090909091 0.37888256181818186 0.6396279836363636 0.3561477909090909 0.6893395963636364 0.35703918727272727 0.7015966909090909 0.36255084727272724 0.7198334872727272 0.3737552781818182 0.7344615218181818
12 0.40847481999999996 0.8156731581818182 0.40852071090909087 0.8360359527272727 0.43351509454545456 0.9329905672727272 0.4387838309090909 0.9392543654545455 0.45446317454545454 0.9336919636363636 0.4671086745454545 0.9234099654545455 0.46966112000000004 0.9125486272727272 0.44489373272727273 0.8141112527272727 0.43668616363636364 0.8005701381818182 0.40847481999999996 0.8156731581818182
12 0.42542282727272723 0.39567567454545455 0.4279006454545455 0.40919287090909096 0.43702066181818183 0.4251680054545454 0.4492739818181818 0.4516700763636364 0.45574397818181817 0.4927036890909091 0.4649590036363636 0.5061211036363636 0.4695352727272727 0.5117424818181818 0.47858389090909087 0.50881284 0.48903147636363636 0.5006193218181818 0.49389533818181813 0.4869281236363637 0.4932124509090909 0.47137192909090914 0.4896691454545455 0.4641688290909091 0.48213299272727267 0.46109321090909094 0.4735090763636364 0.42250640181818183 0.4656005709090909 0.3947434090909091 0.4585394654545455 0.37887919454545455 0.45249027090909094 0.37125633636363636 0.4404192818181818 0.37455707818181816 0.4298511818181818 0.3867663363636364 0.42542282727272723 0.39567567454545455
12 0.4627312418181818 0.3863663909090909 0.46658252181818183 0.3960777290909091 0.4734351181818182 0.41524104181818183 0.4850425309090909 0.42981959999999997 0.4993343781818182 0.43461177636363635 0.5158547727272728 0.4125786181818182 0.52393804 0.39012652363636363 0.5380449927272728 0.3767553036363636 0.5406924472727274 0.3633362472727273 0.5424064054545455 0.3573062472727273 0.5362207690909091 0.34024337090909096 0.5352853763636363 0.3276279563636364 0.5328120127272727 0.3224758181818182 0.5283792036363636 0.3230200981818182 0.52112808 0.3122713218181818 0.5125219836363636 0.3071447436363636 0.4718245272727273 0.3521511781818182 0.4627312418181818 0.3863663909090909
45 0.5315590690909091 0.32226593818181815 0.524064349090909 0.3311880563636364 0.52477976 0.34201187272727274 0.5283045763636364 0.3473986327272727 0.5349238290909091 0.33967517272727277 0.5357508436363636 0.32975313636363635 0.5315590690909091 0.32226593818181815
45 0.40687837818181816 0.6310984218181818 0.40060218727272723 0.6249583254545454 0.3975358218181818 0.6249711054545455 0.4013941181818182 0.6314080836363637 0.40566241454545454 0.63452122 0.40687837818181816 0.6310984218181818
45 0.2514078381818182 0.8840610236363636 0.2547522163636364 0.8796494436363635 0.24989348000000003 0.8700618072727273 0.24546512545454546 0.8789711454545455 0.2514078381818182 0.8840610236363636
45 0.4887904454545455 0.5086508000000001 0.4869215545454545 0.5034244418181818 0.48045979818181817 0.51076484 0.4850430854545455 0.51311186 0.4887904454545455 0.5086508000000001