4 0.3466702309090909 0.2601582581818182 0.3544216727272727 0.26630598727272725 0.37012754363636363 0.2668469363636364 0.3736009618181818 0.24820872727272728 0.38078708363636365 0.2464003618181818 0.38678892545454546 0.24165067272727273 0.37520750909090905 0.21436607272727273 0.36440965818181814 0.21692657454545455 0.35284350000000003 0.22328549454545454 0.34563056181818186 0.2315792909090909 0.34616380545454545 0.24262605818181818 0.3466702309090909 0.2601582581818182
4 0.5369291654545454 0.2074734290909091 0.5309914763636364 0.20604177272727273 0.5282332472727272 0.21039319454545455 0.5334773054545454 0.21623144545454545 0.5433895781818181 0.21316233090909092 0.5443019745454546 0.20718550909090908 0.5369291654545454 0.2074734290909091
4 0.32193974363636363 0.16935808181818182 0.31442810545454547 0.17521916727272727 0.3129609072727273 0.1800294181818182 0.31849314363636366 0.18151085636363637 0.3257912781818182 0.18061475818181819 0.32533796909090906 0.1735709309090909 0.32193974363636363 0.16935808181818182
4 0.6473430454545455 0.30226065636363636 0.6525655436363637 0.31797910363636367 0.6578474581818182 0.30066220363636365 0.6473430454545455 0.30226065636363636
4 0.5954772854545455 0.30554223818181814 0.6062162418181818 0.31255784000000003 0.60535222 0.30216903636363635 0.5954772854545455 0.30554223818181814
4 0.5044315254545455 0.33832838545454547 0.4976881945454545 0.3403910581818182 0.4946738636363637 0.3460086163636364 0.4976345581818182 0.35336192363636365 0.5076588418181818 0.35120507636363635 0.508128449090909 0.34497394909090906 0.5044315254545455 0.33832838545454547
4 0.47557450909090915 0.3681088181818182 0.4621094036363636 0.36235396363636363 0.46239706545454545 0.38145639090909095 0.4674170963636364 0.3854701109090909 0.4686918290909091 0.39920389272727275 0.4744054927272727 0.39881101636363636 0.4792072781818182 0.38093572545454546 0.47557450909090915 0.3681088181818182
4 0.4914297309090909 0.3698661218181818 0.5006483690909092 0.3712036018181818 0.4954416509090909 0.36566944 0.4914297309090909 0.3698661218181818
4 0.4880766963636364 0.2520559272727273 0.4776790381818182 0.25117188727272727 0.4757690527272727 0.2557278309090909 0.4829977690909091 0.25761831636363636 0.48904220909090906 0.2565674781818182 0.4945639254545454 0.25125939636363637 0.4880766963636364 0.2520559272727273
4 0.4115672709090909 0.3395444618181818 0.42055136727272724 0.3322678872727273 0.4070221054545454 0.3326943781818182 0.40662191454545454 0.3361389236363636 0.4115672709090909 0.3395444618181818
4 0.4162028890909091 0.3571870090909091 0.41940390727272725 0.35308989272727276 0.41855040727272724 0.34949060909090907 0.40922501272727274 0.35063562363636364 0.4162028890909091 0.3571870090909091
4 0.5753235909090909 0.4799478581818182 0.5795916163636364 0.4744850381818182 0.5696262254545454 0.46706578000000004 0.5632510090909091 0.46877457636363634 0.5591323363636364 0.47545375272727275 0.5616823181818181 0.4794620818181818 0.5697913563636363 0.4784664181818181 0.5753235909090909 0.4799478581818182
4 0.5656952781818182 0.4283469236363637 0.5706621927272728 0.42187226909090914 0.5620625090909092 0.4155200163636364 0.5586748054545454 0.4180966890909091 0.5656952781818182 0.4283469236363637
4 0.5385289654545454 0.47860087636363635 0.5246315890909091 0.47938123999999993 0.5183789054545455 0.4887918272727273 0.5256554800000001 0.4977759236363636 0.5381392927272727 0.48883494363636365 0.5434743218181819 0.48200641636363634 0.5385289654545454 0.47860087636363635
4 0.6190961636363636 0.7258333727272727 0.6186801927272727 0.7190936327272728 0.6071087745454545 0.7220577909090908 0.5951908036363637 0.7154956272727273 0.5966953381818182 0.7109894654545454 0.6063730654545454 0.6993062981818182 0.5998753163636363 0.6933133072727272 0.5892962309090909 0.6943035818181817 0.5863034581818182 0.6900409472727272 0.5789522090909092 0.6804486745454545 0.5468357981818182 0.7004430872727273 0.5493589636363636 0.710936849090909 0.5463924890909091 0.7236480200000001 0.5478859854545455 0.7358115763636364 0.5373121599999999 0.740196610909091 0.5335616018181819 0.7465219163636364 0.5396538981818182 0.752564689090909 0.5377491709090909 0.7605153963636364 0.5397922090909091 0.7704507636363637 0.5400746109090909 0.786158429090909 0.5496187672727273 0.7834431872727273 0.5745169781818181 0.7683478109090909 0.5816336854545454 0.7693260272727273 0.5960064472727272 0.7422500599999999 0.6092212290909091 0.7292065745454546 0.6084902600000001 0.7333090818181818 0.5970413745454545 0.7439750272727272 0.6098075890909092 0.7507417145454546 0.6146356745454545 0.7498402254545454 0.6193785654545454 0.74154104 0.6234651600000001 0.7379525345454545 0.6190961636363636 0.7258333727272727
4 0.3926631181818182 0.7017787309090909 0.39405564 0.6963603036363637 0.39028930181818183 0.6925013254545455 0.3875578909090909 0.6903673127272727 0.3900547581818182 0.683887269090909 0.38396246 0.6778444963636364 0.36299097636363636 0.6813454909090909 0.3649272618181818 0.6937633527272727 0.36246773272727273 0.7005474854545454 0.3506775509090909 0.7050818709090909 0.3441209072727273 0.7086649854545455 0.34318695272727273 0.7245220018181818 0.34651576 0.7315214345454546 0.35423512727272727 0.7407598363636364 0.36504349636363637 0.7449888563636364 0.3832194163636364 0.7455351945454546 0.39598562909090906 0.7523018818181818 0.3940488236363636 0.7633432581818183 0.38726815454545455 0.76510184 0.40448382 0.764531389090909 0.41701022909090907 0.7592892581818181 0.42323083818181817 0.7529693436363637 0.41872301090909086 0.7464233490909091 0.4081602236363636 0.7341386672727273 0.39531933454545454 0.7267638036363637 0.38454304181818183 0.7194441127272727 0.39087040363636366 0.7106417018181819 0.41395434181818186 0.7142894909090909 0.4285132690909091 0.7121932054545455 0.44277350000000004 0.707664209090909 0.4435365472727273 0.7004710345454546 0.4409760436363636 0.6896731818181818 0.4321255181818182 0.6879818309090909 0.4232003181818182 0.6856823000000001 0.41209850909090906 0.6824153290909092 0.4043733636363636 0.6932414054545455 0.39726717818181817 0.6990527109090909 0.3926631181818182 0.7017787309090909
4 0.6060407327272728 0.7703419745454545 0.60420542 0.7755060945454545 0.6144589890909091 0.7785685418181818 0.6203114818181819 0.7726025 0.6267508545454545 0.7647123563636363 0.6178256527272727 0.7624128272727272 0.6227710109090908 0.7658183672727273 0.6206369981818182 0.7685497781818182 0.611813290909091 0.7603729927272728 0.5978785763636364 0.7608492654545455 0.5984065618181817 0.7685012727272728 0.6060407327272728 0.7703419745454545
4 0.5787634436363636 0.7727651836363636 0.5768587181818181 0.780715889090909 0.5850476909090909 0.7837231636363636 0.6049737254545454 0.77170768 0.5866431981818181 0.7665502236363636 0.5787634436363636 0.7727651836363636
4 0.4981031963636363 0.6320364199999999 0.5044410763636363 0.6300235345454546 0.50151772 0.6229743163636363 0.4892847490909091 0.6272543963636363 0.4981031963636363 0.6320364199999999
4 0.4379895690909091 0.6418868309090909 0.44036390363636363 0.627705 0.4325162290909091 0.6308292854545454 0.4265517236363636 0.6358830636363636 0.4379895690909091 0.6418868309090909
4 0.6823818454545455 0.5742210836363636 0.6852094890909092 0.56708308 0.6788984272727273 0.5626105345454545 0.6748865054545454 0.5668072163636364 0.6823818454545455 0.5742210836363636
4 0.5046746545454546 0.9235432109090909 0.4954717927272727 0.9323900163636365 0.4914277927272727 0.9396773709090909 0.5006143545454546 0.9441055218181817 0.5155892581818182 0.9487489763636363 0.51409576 0.93658542 0.5046746545454546 0.9235432109090909
4 0.40748911818181816 0.4437594436363636 0.40875333090909094 0.4507037054545454 0.4135440763636364 0.4494981272727273 0.41268531636363637 0.44250408545454545 0.40737184545454547 0.43945241636363636 0.40748911818181816 0.4437594436363636
4 0.5581756454545455 0.0721351490909091 0.5584585654545455 0.06438357636363637 0.55045102 0.05950198545454546 0.5492131054545455 0.0695315290909091 0.5581756454545455 0.0721351490909091
4 0.47952227636363637 0.37009348 0.4834595218181818 0.3652886181818182 0.4828942 0.35733252545454547 0.47358458727272723 0.36866182363636363 0.47952227636363637 0.37009348
57 0.8697278709090909 0.28328941454545453 0.87624718 0.27940220909090907 0.8820675963636364 0.27652684 0.8784826836363636 0.2707935454545455 0.8724329818181819 0.2684496218181818 0.8607069581818182 0.26680266181818185 0.8538568727272727 0.27134782727272727 0.8545289454545455 0.2768214272727273 0.8554197836363636 0.2807248 0.8592234618181818 0.28488786727272725 0.8697278709090909 0.28328941454545453
6 0.3826577272727273 0.5733644290909091 0.37966443454545457 0.5925610345454545 0.38603965272727275 0.5908522363636364 0.3884886618181818 0.5772785818181818 0.38792859999999996 0.5727172472727272 0.3826577272727273 0.5733644290909091
4 0.8209379327272728 0.15408113636363635 0.8257765363636363 0.1599691709090909 0.838836190909091 0.16577380909090908 0.8336615490909091 0.15714897454545454 0.82052722 0.15073615818181818 0.8209379327272728 0.15408113636363635