20 0.48351464181818177 0.36938058545454544 0.49165303090909096 0.36484876 0.4951346690909091 0.3520748163636364 0.4935931018181818 0.3439648345454545 0.44323458727272724 0.30743814181818185 0.4395938981818182 0.30230612363636367 0.43909052909090907 0.31063103636363637 0.43186624181818184 0.3205814563636364 0.4245400036363636 0.33284037272727274 0.4248616 0.3424572454545454 0.4308880527272727 0.3473385109090909 0.48351464181818177 0.36938058545454544
20 0.35612544727272727 0.4654897890909091 0.35151297454545455 0.48389725818181817 0.34038699090909086 0.47311819454545456 0.32318562181818183 0.5553484109090909 0.33680864363636365 0.583328150909091 0.3415801690909091 0.5828266436363637 0.34913886727272725 0.5760579654545455 0.36548556 0.5807736418181818 0.37652240363636363 0.5874260727272728 0.3909365981818182 0.5114630254545455 0.3938035909090909 0.4895625672727273 0.38684089272727273 0.4659379127272727 0.37904332545454544 0.47043391636363635 0.37259623454545454 0.4812217636363636 0.37227463636363634 0.4716048927272728 0.3751159927272727 0.4625746890909091 0.3693825909090909 0.45720306909090913 0.35612544727272727 0.4654897890909091
4 0.49005612 0.4578468909090909 0.47488162545454543 0.4511697872727273 0.48853028000000004 0.4662792690909091 0.49005612 0.4578468909090909
4 0.48272929818181814 0.5192783472727273 0.47836559818181823 0.5105458727272727 0.4600060072727273 0.48995730545454547 0.46359542909090906 0.5208298418181818 0.48272929818181814 0.5192783472727273
4 0.21848941636363636 0.5493488581818181 0.21385480363636364 0.5544315345454546 0.22004671818181817 0.5740011963636363 0.22990495454545457 0.5858326181818182 0.23921554363636363 0.5793393654545455 0.24958996545454548 0.5764107472727273 0.25781749454545455 0.5760055545454545 0.26112085636363636 0.5549783418181818 0.2591621418181818 0.53634242 0.25291604727272726 0.5195357872727273 0.24448460727272728 0.5245579690909091 0.22623629636363637 0.5214208309090909 0.22461491090909091 0.52894414 0.2219582381818182 0.5430100418181818 0.21848941636363636 0.5493488581818181
4 0.10040090545454546 0.6683774272727272 0.10752964545454546 0.6575179363636363 0.11157815636363637 0.6534159727272727 0.11504697818181818 0.64707716 0.09686566545454546 0.6347418581818182 0.08793726545454546 0.644871389090909 0.08170690181818183 0.6446071145454545 0.07725697636363636 0.6547254963636363 0.08701325818181818 0.6688654127272727 0.09382972 0.6681489727272728 0.10040090545454546 0.6683774272727272
4 0.24577565272727275 0.4384853254545455 0.24866478363636366 0.42990965999999997 0.2379145818181818 0.4259844381818182 0.23666897454545455 0.4403615872727273 0.24577565272727275 0.4384853254545455
4 0.3509594963636364 0.4196176072727273 0.35918061636363635 0.42242998 0.35885902 0.4128131072727273 0.34937015454545456 0.41105309272727275 0.3509594963636364 0.4196176072727273
4 0.3840397272727272 0.30814510181818183 0.38534592181818184 0.2877873563636364 0.3762584709090909 0.2800109254545455 0.3723276436363636 0.2983467509090909 0.3710756309090909 0.3159414654545455 0.3753437854545455 0.32376487090909095 0.3887250272727273 0.3264944490909091 0.3848582854545454 0.3126546272727273 0.3840397272727272 0.30814510181818183
4 0.41703782 0.4089960490909091 0.4238286472727273 0.4211498690909091 0.4344197981818182 0.4071691290909091 0.41703782 0.4089960490909091
4 0.4279622236363636 0.4965421345454545 0.4057324 0.48830879818181816 0.4080511618181818 0.4972562036363636 0.42337538545454545 0.5020793454545455 0.4279622236363636 0.4965421345454545
4 0.32402049272727274 0.5272277527272727 0.3304961309090909 0.5265471363636364 0.33297452727272725 0.5042279636363636 0.32581723999999995 0.5049802254545455 0.3146464 0.5167241127272727 0.32402049272727274 0.5272277527272727
4 0.4632190709090909 0.5631485418181819 0.4613873636363636 0.5785064054545455 0.46463304909090913 0.5864372763636364 0.4710480981818182 0.5917372527272727 0.4755778418181818 0.5659855854545455 0.4632190709090909 0.5631485418181819
4 0.5528637163636363 0.671832370909091 0.5416101436363636 0.67623206 0.5188577236363637 0.6859763309090909 0.5296428836363636 0.6967912181818181 0.547993150909091 0.6976198636363636 0.5520416618181818 0.6935179 0.5712168963636364 0.6956385036363637 0.5767434745454545 0.6826496290909091 0.5528637163636363 0.671832370909091
4 0.6880236818181819 0.6824425054545454 0.6949356927272727 0.6826351345454545 0.7006690963636364 0.6880067563636363 0.7040551872727272 0.6743237436363636 0.6902917581818182 0.6679578872727273 0.6880236818181819 0.6824425054545454
4 0.3930625272727273 0.6661099145454545 0.3985413309090909 0.6526665054545455 0.38706811636363636 0.6451408254545454 0.37597709090909087 0.6412514254545455 0.37844849636363637 0.67132236 0.38737631636363634 0.7103653690909092 0.39152037636363635 0.7071724745454545 0.3918646945454546 0.6809416 0.3930625272727273 0.6661099145454545
4 0.35102417454545454 0.6071096109090909 0.3442554854545455 0.6082805854545454 0.33555022181818184 0.604140430909091 0.3166266727272727 0.5978573709090909 0.3049716872727273 0.6082734763636364 0.30399990545454547 0.6318129654545455 0.310246 0.6486195963636363 0.31933986 0.6531784654545455 0.3314119909090909 0.6532882999999999 0.34154754727272724 0.6480870072727273 0.3509664981818182 0.6360676945454545 0.35485887454545456 0.6370372581818182 0.3615034672727273 0.6248499854545454 0.3527917945454545 0.6239273945454545 0.35324098181818187 0.6183655127272727 0.36060217818181817 0.6129962618181818 0.3534448945454545 0.6137485218181818 0.35102417454545454 0.6071096109090909
4 0.43004562727272727 0.7458620054545455 0.41768044727272724 0.7462425272727272 0.40817235636363636 0.7541352054545455 0.4122971909090909 0.7605950072727272 0.42028585090909093 0.7579171418181818 0.4268919945454545 0.7650352563636363 0.43157438 0.7604071145454545 0.43004562727272727 0.7458620054545455
4 0.4141912272727273 0.5917389254545454 0.43441456363636366 0.5808818054545454 0.42201442727272725 0.5743726618181818 0.4039222527272727 0.5661639963636363 0.3999022890909091 0.5803731890909092 0.3965354218181818 0.5844035054545454 0.3906936545454545 0.5845579454545454 0.38877281272727277 0.5957891763636364 0.40397294 0.58959602 0.4141912272727273 0.5917389254545454
4 0.34634412363636363 0.6838877818181819 0.3496538927272727 0.6596430054545455 0.33996111636363635 0.6624999818181818 0.34157259999999995 0.6843892890909091 0.34634412363636363 0.6838877818181819
4 0.2901473381818182 0.6213204745454546 0.2851241290909091 0.6259844381818183 0.28686320181818187 0.6326949927272727 0.2835312927272727 0.6436149763636364 0.2908190818181818 0.6506614472727272 0.30259175272727273 0.6544792072727273 0.30505092181818183 0.6418127272727273 0.30206974000000003 0.6232842727272727 0.3044811345454545 0.6101632581818182 0.2994771527272727 0.6051745272727272 0.2933901090909091 0.6062738581818182 0.29488390545454546 0.6139293036363637 0.29079402909090907 0.6143591672727272 0.2901473381818182 0.6213204745454546
4 0.2828647963636364 0.70940152 0.2899201272727273 0.7109577527272728 0.30088064909090906 0.7070484218181817 0.29174542363636363 0.6988174527272728 0.28663307818181816 0.6993547836363636 0.2828647963636364 0.70940152
4 0.31195594363636364 0.6943954636363636 0.3142141163636364 0.7093234654545455 0.31688010909090913 0.7150174836363636 0.3294206527272727 0.6999127436363636 0.3210084381818182 0.6952822309090909 0.31195594363636364 0.6943954636363636
4 0.32673543454545456 0.7038714181818182 0.32332079454545454 0.7074472018181818 0.3246392272727273 0.7298268672727273 0.32823214363636366 0.7345043509090909 0.3301529872727273 0.72327312 0.33047808 0.70669494 0.32673543454545456 0.7038714181818182
4 0.30087074545454545 0.7364610381818182 0.3070882927272727 0.7431604418181819 0.31189186 0.7265711109090909 0.30087074545454545 0.7364610381818182
4 0.5015590527272727 0.6459749090909092 0.5070664072727273 0.6426387272727273 0.5101052654545455 0.6322091000000001 0.5025116109090909 0.6320881145454545 0.49720176181818176 0.634024870909091 0.5015590527272727 0.6459749090909092
4 0.3647357545454546 0.6883885272727273 0.36789230181818183 0.6921927636363637 0.37555295818181816 0.6831155890909091 0.37006774363636363 0.6997765654545455 0.37634588181818185 0.7004953727272727 0.3805633490909091 0.6848867545454546 0.37649269636363636 0.6756639254545455 0.3647357545454546 0.6883885272727273
4 0.5564572254545455 0.8961775072727273 0.5507110054545454 0.8972410145454545 0.5473377309090909 0.9044888999999999 0.5489748472727273 0.913507949090909 0.5537463709090908 0.9130064418181818 0.5610597945454546 0.9071826545454545 0.5653186254545455 0.8952461363636364 0.5564572254545455 0.8961775072727273
4 0.3533388618181818 0.6914246109090909 0.3488539818181818 0.6946533272727272 0.34167746909090907 0.7050582818181819 0.3538643709090909 0.6964244927272728 0.3533388618181818 0.6914246109090909
4 0.3295290181818182 0.6943866818181818 0.3351476472727273 0.7085019290909091 0.33420499454545455 0.6929761054545455 0.3295290181818182 0.6943866818181818
4 0.40479209272727273 0.8137731945454546 0.4204827745454545 0.8056902563636363 0.41688985636363635 0.801012770909091 0.40986948181818184 0.8063462018181818 0.4011514018181818 0.8086411763636364 0.40479209272727273 0.8137731945454546
4 0.34700304909090907 0.7196638854545454 0.3552177618181818 0.7256938236363636 0.3547464345454545 0.7179309109090909 0.3587471745454546 0.7133744127272728 0.3489174854545455 0.71165022 0.34700304909090907 0.7196638854545454
4 0.39928414727272726 0.5974417254545454 0.39736971272727273 0.605455390909091 0.4056991963636364 0.6027417018181818 0.39928414727272726 0.5974417254545454
4 0.43961488909090907 0.6828161909090908 0.4363278381818182 0.67121322 0.43111353636363636 0.6740590454545455 0.4321231890909091 0.6803867090909091 0.43961488909090907 0.6828161909090908
4 0.3842692981818182 0.8283382363636363 0.39383797818181815 0.8144649636363637 0.37994696 0.8232778618181817 0.3842692981818182 0.8283382363636363
4 0.2783175836363636 0.8661284527272728 0.2766897890909091 0.8768693272727273 0.28433121818181817 0.8774448472727273 0.2829935581818182 0.8647178763636364 0.27580772545454546 0.8553629072727272 0.2783175836363636 0.8661284527272728
4 0.1925857109090909 0.9192566000000001 0.19032753818181816 0.9043286 0.18375635090909093 0.9041001472727274 0.18834610363636364 0.9215404236363637 0.1925857109090909 0.9192566000000001
4 0.32908972000000003 0.40169575454545453 0.3397094181818182 0.39782224363636365 0.33757534181818183 0.39391054181818186 0.33407797272727274 0.3901421272727273 0.32908972000000003 0.40169575454545453
4 0.3600213272727273 0.7091044909090909 0.371794 0.7129222490909091 0.3731701090909091 0.7063438309090909 0.3620249018181818 0.70521746 0.3600213272727273 0.7091044909090909
4 0.37940979454545454 0.726368029090909 0.38307612 0.718629789090909 0.38060762909090906 0.7115363436363636 0.3773299 0.7196932963636364 0.37940979454545454 0.726368029090909
4 0.37637035454545453 0.7859701945454546 0.3834542345454546 0.79763366 0.3846806127272728 0.7929092018181818 0.3803646854545455 0.7846312636363636 0.3763831727272727 0.7795350672727273 0.37637035454545453 0.7859701945454546
4 0.3746819709090909 0.8026916654545454 0.3699710381818182 0.7972125763636364 0.3670754963636364 0.8090058072727273 0.3746819709090909 0.8026916654545454
4 0.3280311345454546 0.4932586381818182 0.31822999454545453 0.5016416745454545 0.33029571636363636 0.5049690745454546 0.3325987472727273 0.4973741218181818 0.3280311345454546 0.4932586381818182
4 0.3152703690909091 0.5456105527272728 0.3107790781818182 0.5520568327272727 0.31924547272727277 0.5539243145454545 0.3152703690909091 0.5456105527272728
4 0.7257682327272728 0.47764946909090905 0.7111734290909091 0.47320922 0.7065737727272727 0.48518155999999996 0.7258923290909092 0.48866576909090903 0.7368050781818182 0.48430189999999995 0.7341454909090909 0.4753903181818182 0.7257682327272728 0.47764946909090905
4 0.3553675036363636 0.9926800545454545 0.36456972909090907 0.9917128618181819 0.34959273636363636 0.9836363327272728 0.34320623454545457 0.9884435836363635 0.3553675036363636 0.9926800545454545
4 0.17119133454545454 0.8337300654545454 0.16418378 0.8326283672727273 0.16139660363636363 0.8388955363636363 0.17320423272727273 0.8496029563636364 0.17749802 0.8445561036363636 0.17119133454545454 0.8337300654545454
4 0.35701158363636365 0.41162861272727275 0.3661724418181818 0.4069893218181818 0.3567313509090909 0.40568384181818185 0.35701158363636365 0.41162861272727275
4 0.04573344181818182 0.3023424945454546 0.046089996363636365 0.3188490327272728 0.05561090363636363 0.30452122363636364 0.04573344181818182 0.3023424945454546
4 0.04262758181818182 0.3219702818181818 0.04397514363636364 0.3052846363636364 0.02955861636363636 0.30909765454545457 0.04262758181818182 0.3219702818181818
4 0.03543242545454545 0.2928553909090909 0.026940396363636366 0.3038581672727273 0.03681785818181819 0.30603689636363635 0.044567650909090914 0.30108635818181817 0.049746998181818186 0.29135086909090907 0.04309308181818181 0.2837782181818182 0.03543242545454545 0.2928553909090909
4 0.020238705454545453 0.29583098181818185 0.024048349090909093 0.28945634727272723 0.013782292727272728 0.28685890545454545 0.01147926 0.2944538581818182 0.020238705454545453 0.29583098181818185