20 0.5042346963636364 0.28696902 0.5017857490909091 0.2796347036363636 0.4997556236363636 0.2851043709090909 0.4634043109090909 0.3299018236363636 0.46396955272727275 0.3375344890909091 0.47015457818181816 0.34813816545454546 0.4785336254545454 0.3502431381818182 0.5203932563636364 0.31787258727272727 0.5246210345454545 0.31205484363636365 0.522601130909091 0.3033655418181818 0.5130952236363637 0.2941458618181818 0.5042346963636364 0.28696902
20 0.6350132345454546 0.5112208127272727 0.6485269581818182 0.5030743018181819 0.6569234872727272 0.5073215600000001 0.6613187945454546 0.5066254127272728 0.6668089690909091 0.4782991709090909 0.6316626672727272 0.40878893636363633 0.6242815327272727 0.4211122690909091 0.6157313272727273 0.40573507454545454 0.6018650690909091 0.4014961127272727 0.5980175254545455 0.40768264363636364 0.602730410909091 0.41508739636363634 0.6047503127272726 0.42377669999999995 0.5963851163636363 0.4156633836363636 0.5883200163636364 0.41350868545454544 0.5877518072727272 0.43633624545454547 0.5955764981818181 0.45526043636363633 0.6267215781818182 0.5198272636363636 0.6350132345454546 0.5112208127272727
4 0.4939046745454546 0.4310366690909091 0.49729547272727276 0.4382218109090909 0.5058974527272727 0.4214150090909091 0.4939046745454546 0.4310366690909091
4 0.5170262072727273 0.4754237709090909 0.51521242 0.48429125999999995 0.5327273618181818 0.4810881545454545 0.5285338799999999 0.45257961272727276 0.5170262072727273 0.4754237709090909
4 0.7645415690909091 0.45123656 0.7591694527272728 0.4477973145454545 0.7545403309090909 0.44295335636363636 0.7487843509090909 0.43099469636363635 0.7455261254545454 0.4246465763636364 0.7299298418181818 0.4318359018181818 0.7211705563636364 0.42936214181818183 0.71960806 0.4459120218181818 0.7223257763636364 0.4630710145454545 0.7303318454545455 0.48110845636363636 0.7378003727272727 0.4794965472727272 0.74779798 0.4796291236363636 0.7576979745454545 0.48320924545454547 0.7636907381818181 0.4702477890909091 0.7645415690909091 0.45123656
4 0.8753011399999999 0.5104868745454546 0.87993026 0.5153308309090909 0.8845419036363636 0.5180325054545454 0.8935350054545455 0.5260463727272727 0.8993674927272728 0.5242645745454545 0.9056465018181817 0.5232700781818181 0.9109938854545454 0.5082657836363637 0.9045786745454546 0.5002726290909091 0.8990601363636364 0.5020047018181818 0.8886298563636363 0.4950764836363636 0.8753011399999999 0.5104868745454546
4 0.7034692836363636 0.34807966181818184 0.7081158836363636 0.35506590363636364 0.7167251181818183 0.35456035636363636 0.7121586545454545 0.3419842818181818 0.7034692836363636 0.34807966181818184
4 0.6026598363636364 0.36790740363636365 0.6093504127272726 0.3634156363636364 0.6087188836363636 0.3553644581818182 0.6006399345454546 0.3592181018181818 0.6026598363636364 0.36790740363636365
4 0.5644993454545455 0.28343018545454546 0.5664457054545454 0.2753997218181818 0.5611012909090909 0.2599437890909091 0.5531789872727273 0.24446714363636365 0.5469036054545455 0.2536122690909091 0.5529596836363637 0.27152954727272727 0.5533085909090909 0.27576439454545454 0.5531657963636364 0.28908634 0.5644993454545455 0.28343018545454546
4 0.5475997745454545 0.3697638927272727 0.5315882981818182 0.3722998618181818 0.5444325672727273 0.3822778254545455 0.5475997745454545 0.3697638927272727
4 0.5767635381818181 0.4380766163636364 0.5588231781818183 0.4507853327272727 0.5642615818181818 0.4546430927272727 0.5768334527272727 0.4466457545454546 0.5767635381818181 0.4380766163636364
4 0.6523629563636364 0.43382503454545457 0.6457699963636363 0.43486925818181815 0.65334702 0.4542616854545455 0.6593120818181818 0.4533169127272727 0.6651897490909091 0.4416607145454546 0.6523629563636364 0.43382503454545457
4 0.5430679454545454 0.5463760272727273 0.547543389090909 0.5400900490909091 0.5485479 0.5322087581818181 0.5432209636363636 0.5188951109090909 0.5328292672727273 0.5244020890909091 0.5430679454545454 0.5463760272727273
4 0.49493062909090907 0.6569627836363636 0.4995422727272727 0.6596644563636364 0.5157839345454546 0.6545179672727274 0.5228511181818182 0.6422443581818181 0.50012796 0.6389791836363636 0.4889896418181818 0.6377402454545454 0.4701911963636364 0.6531589345454546 0.47825992181818183 0.6634642618181819 0.49493062909090907 0.6569627836363636
4 0.35413074727272725 0.6762602218181818 0.36044834000000003 0.6877009199999999 0.36429588363636367 0.6815143909090909 0.3704423218181818 0.6796828690909091 0.3649340072727273 0.667255970909091 0.35413074727272725 0.6762602218181818
4 0.6465024454545455 0.6325271581818181 0.645130889090909 0.5954204636363636 0.6401281254545454 0.5678981218181819 0.6311248036363637 0.5740432236363636 0.6226517654545454 0.5835364236363637 0.63078678 0.5942602618181818 0.6354195290909092 0.6072548472727273 0.6420233745454546 0.630662509090909 0.6465024454545455 0.6325271581818181
4 0.6937335290909091 0.5649849981818182 0.7007868618181818 0.5587197327272728 0.7023493581818182 0.5421698527272727 0.6958292781818182 0.5213229872727273 0.6828873927272727 0.5147925672727273 0.6674411600000001 0.5249612036363636 0.6606354909090909 0.5307582327272727 0.6542901945454546 0.5313342181818181 0.653714729090909 0.5378605218181818 0.647121769090909 0.5389047454545455 0.655005489090909 0.5419461927272727 0.6567427690909091 0.5468191636363636 0.6491591490909091 0.5497363327272727 0.6580371563636364 0.55905546 0.6612917545454545 0.5572529509090909 0.6726150799999999 0.5657557672727273 0.6829441181818181 0.5679809054545455 0.6937335290909091 0.5649849981818182
4 0.6279625472727273 0.6719294945454545 0.6167929 0.6745566127272727 0.6189140436363636 0.6879489963636363 0.6242198745454545 0.6909697327272727 0.6284301763636364 0.6830097054545454 0.636230130909091 0.6834903563636363 0.6383753490909091 0.6767154254545454 0.6279625472727273 0.6719294945454545
4 0.5940080654545454 0.5327307672727273 0.6026486309090909 0.5283591618181818 0.6177532127272728 0.5302569381818182 0.6133368 0.5206601727272727 0.6080659272727272 0.5219240072727273 0.6040821836363637 0.5191228836363636 0.5970704018181818 0.5073631236363636 0.5828311636363637 0.5190566327272728 0.5732837036363636 0.5278619818181819 0.5940080654545454 0.5327307672727273
4 0.6681257854545455 0.578050089090909 0.6769098054545454 0.5989673909090909 0.6813051127272727 0.5982712436363636 0.6774954945454545 0.5782821163636364 0.6681257854545455 0.578050089090909
4 0.7099920090909091 0.5233699381818182 0.7062246018181819 0.5239666381818182 0.7057256436363637 0.5167524818181818 0.7000082490909092 0.5172290199999999 0.6967223218181818 0.5228975872727273 0.70203178 0.5340689490909092 0.7038076454545454 0.5513771163636363 0.7090508181818183 0.5621299672727273 0.7186820418181818 0.5558854145454546 0.7235202418181818 0.5478259363636363 0.7179143127272727 0.5388465836363636 0.7178618781818181 0.5324197290909091 0.7122420981818182 0.52944872 0.7099920090909091 0.5233699381818182
4 0.7294094563636364 0.5992324763636363 0.72320036 0.6087961145454546 0.7339584418181818 0.6096662636363636 0.7399060218181818 0.6065792072727273 0.7341187145454545 0.5984866036363636 0.7294094563636364 0.5992324763636363
4 0.6959179927272727 0.60925612 0.7107785381818182 0.6197727618181819 0.7118005254545455 0.6140337563636363 0.7102409963636364 0.6001234090909091 0.7023434254545454 0.6030903036363636 0.6959179927272727 0.60925612
4 0.7052847345454546 0.6399483727272728 0.7073811454545456 0.6348972163636364 0.7031912909090908 0.6145393018181818 0.6992738345454546 0.6121566927272727 0.696598329090909 0.6155835254545454 0.70086832 0.6303516072727272 0.7052847345454546 0.6399483727272728
4 0.7302682036363637 0.6351333581818182 0.7180205054545454 0.628922 0.726305569090909 0.6426251490909091 0.7302682036363637 0.6351333581818182
4 0.5245630054545455 0.5900629345454546 0.5177886654545455 0.5919939054545454 0.5230143581818182 0.6006044709090909 0.5287492327272727 0.6022702200000001 0.529785069090909 0.590522870909091 0.5245630054545455 0.5900629345454546
4 0.6595973472727273 0.61157666 0.6615123781818182 0.6074122527272727 0.6479251145454545 0.5988389981818182 0.64649156 0.6080752727272727 0.6540161509090909 0.6210408472727273 0.6594684036363636 0.6188902636363636 0.65055544 0.6052865654545454 0.6595973472727273 0.61157666
4 0.5450159690909091 0.8390817636363637 0.5396125236363636 0.8395085745454546 0.5314498109090909 0.84080142 0.5381301636363636 0.8504686218181818 0.5460801709090909 0.8539285836363637 0.5504754763636364 0.8532324345454545 0.5497776618181819 0.8447627454545454 0.5450159690909091 0.8390817636363637
4 0.6772448618181818 0.6092105781818181 0.67245184 0.6073956545454545 0.6731809836363637 0.6119992854545454 0.6861716763636364 0.6168059345454545 0.6772448618181818 0.6092105781818181
4 0.6944946636363636 0.6043334254545454 0.6899667836363637 0.6041925490909091 0.6928484018181819 0.6183225072727273 0.6944946636363636 0.6043334254545454
4 0.6493853854545455 0.7238788218181819 0.6418156163636364 0.7207876509090909 0.6397192036363636 0.7258388054545455 0.6557168309090908 0.7293111800000001 0.6577469563636363 0.7238415127272728 0.6493853854545455 0.7238788218181819
4 0.6728742890909091 0.6283502672727272 0.6775522181818182 0.6314704509090908 0.6789930272727273 0.6385354309090909 0.684905650909091 0.6311638036363636 0.6812671890909091 0.6244468999999999 0.6728742890909091 0.6283502672727272
4 0.6087324127272727 0.5342597563636364 0.6042569690909091 0.5405457345454546 0.6123708763636364 0.54097666 0.6087324127272727 0.5342597563636364
4 0.5932489163636363 0.6092149 0.5930886436363636 0.6203945618181819 0.5992176036363637 0.6164207545454545 0.5986035527272727 0.6105118618181818 0.5932489163636363 0.6092149
4 0.6775993818181818 0.7374286127272727 0.6802574072727272 0.7318594927272727 0.6656969618181818 0.7273014727272727 0.6775993818181818 0.7374286127272727
4 0.7770662945454545 0.7456991963636365 0.7789222963636364 0.7574175327272726 0.785630350909091 0.7550680490909091 0.7815941727272727 0.7458400727272727 0.7812591163636364 0.7355968836363637 0.7770662945454545 0.7456991963636365
4 0.8695949654545454 0.7589297854545455 0.8711544963636364 0.7728401327272727 0.8755009963636364 0.7738677563636364 0.8754274563636364 0.7571479890909091 0.8695949654545454 0.7589297854545455
4 0.6141988363636364 0.3411971890909091 0.6246429672727273 0.34211706545454545 0.6174010000000001 0.33296782545454545 0.6151720181818182 0.33718195636363635 0.6141988363636364 0.3411971890909091
4 0.6610767399999999 0.6310768363636364 0.6707079636363636 0.6248322836363637 0.6679800254545454 0.6218322618181819 0.6582650363636364 0.6255160163636364 0.6610767399999999 0.6310768363636364
4 0.6523385618181818 0.6388959872727272 0.6574804909090909 0.6449457581818182 0.6577420072727272 0.6384691763636364 0.6528477418181818 0.6319511709090909 0.6523385618181818 0.6388959872727272
4 0.6706080454545454 0.6973509072727273 0.6687279690909091 0.7057998854545454 0.67096058 0.7097363818181818 0.6745080218181818 0.6975912345454546 0.6729521181818182 0.6918315163636364 0.6706080454545454 0.6973509072727273
4 0.6800338163636364 0.7121604163636364 0.6883640581818182 0.7159891654545455 0.6829395072727273 0.7061230618181819 0.6800338163636364 0.7121604163636364
4 0.6583593454545454 0.4290142036363636 0.6475663072727272 0.4238594836363636 0.6444617581818182 0.42864130181818183 0.6483478854545455 0.4348899709090909 0.6583593454545454 0.4290142036363636
4 0.6715634072727272 0.4676788981818182 0.6699972818181819 0.4760781509090909 0.6771343799999999 0.4723736818181818 0.6715634072727272 0.4676788981818182
4 0.2900086527272727 0.5152409145454545 0.3064805018181818 0.5074839018181818 0.2994861981818182 0.4978664254545454 0.2874759418181818 0.5053458018181819 0.27942832181818184 0.5053333872727273 0.27918428545454543 0.5139522509090909 0.2900086527272727 0.5152409145454545
4 0.7344584 0.8790057654545455 0.7429350618181818 0.8776631927272728 0.7528139509090909 0.8709504036363637 0.745938369090909 0.8681782927272728 0.7344584 0.8790057654545455
4 0.8718021818181818 0.7058118890909091 0.8798112181818182 0.6933891054545455 0.8758099981818182 0.6884456981818181 0.8697961290909091 0.6911142436363636 0.8667440163636363 0.7023229163636363 0.8718021818181818 0.7058118890909091
4 0.6020108309090909 0.35771394181818184 0.6008351636363636 0.3523230109090909 0.5926899290909091 0.35575814181818183 0.6020108309090909 0.35771394181818184
4 0.8546654745454546 0.1851330872727273 0.84633886 0.1894549690909091 0.8583075636363636 0.20000062000000002 0.8546654745454546 0.1851330872727273
4 0.8621587345454546 0.20196472 0.8707781927272727 0.1873002 0.8569468927272726 0.1873458109090909 0.8621587345454546 0.20196472
4 0.8554084672727272 0.18372837636363637 0.8635398527272727 0.18630158727272728 0.8718664654545455 0.18197970727272725 0.8616175636363637 0.17416473818181819 0.8525756581818181 0.16787464545454547 0.8484316418181819 0.17625318363636364 0.8554084672727272 0.18372837636363637
4 0.8710011236363636 0.1683884236363636 0.8759441945454546 0.17318265636363636 0.8834615309090909 0.16984697454545455 0.8795754018181818 0.16359830545454546 0.8710011236363636 0.1683884236363636
4 0.6503872672727272 0.9699722509090909 0.6564047636363637 0.9754543327272727 0.6701523 0.9728479254545456 0.6713731454545454 0.9683644581818183 0.6600046418181817 0.96973604 0.6544336672727272 0.9650412581818182 0.6503872672727272 0.9699722509090909