12 0.5347834981818181 0.4276101581818182 0.53936624 0.4339467927272727 0.5416665890909091 0.4368580654545455 0.5426319363636364 0.43869328545454545 0.5485211218181818 0.43709743090909087 0.5565025727272728 0.4345452072727273 0.562364830909091 0.4337204872727273 0.5612020072727273 0.4375402581818182 0.5635562127272727 0.43890926 0.5631865563636363 0.43966842727272726 0.5658834890909091 0.44104939818181815 0.5669116690909091 0.4410853036363636 0.5685714454545454 0.44268741454545457 0.571286329090909 0.44355429454545453 0.575083250909091 0.4429148109090909 0.5788981236363636 0.4417612363636364 0.5809455072727273 0.4420900909090909 0.5840390236363637 0.44194076 0.5857975381818182 0.4407153781818182 0.5872312781818181 0.43896393636363634 0.5890077454545454 0.4372244618181818 0.5901256854545455 0.4346899181818182 0.5894940890909091 0.43312371272727274 0.5878163636363636 0.4320356909090909 0.5861206818181818 0.4314617581818182 0.5868330636363637 0.43071456181818185 0.5906210090909091 0.4303321218181818 0.5906748654545454 0.4287898509090909 0.5918466654545455 0.4247130381818182 0.5919723327272728 0.42111440727272725 0.5917552727272727 0.4175038109090909 0.5908617345454545 0.41361223090909094 0.5887050072727272 0.4065882381818182 0.5871260163636364 0.40267272363636364 0.586476469090909 0.4016206054545455 0.58400394 0.3938135109090909 0.579889590909091 0.3838902163636364 0.5779678745454546 0.3799627309090909 0.576686730909091 0.3773444072727273 0.5739718472727272 0.37647752727272726 0.5713197945454546 0.3738113309090909 0.5686228636363636 0.37243036 0.5652225254545454 0.37153954181818183 0.5593961727272727 0.37133608181818184 0.5559599309090909 0.37147344363636364 0.5531552854545455 0.3731770127272727 0.5493583636363637 0.3738164963636364 0.5421162218181819 0.37485038727272724 0.538653050909091 0.3757588836363636 0.5362360127272727 0.37618919636363635 0.5355415836363636 0.3764223054545454 0.533827949090909 0.37636246363636366 0.5307164836363637 0.37702588545454546 0.5279387636363636 0.37795831636363636 0.5251610472727273 0.3788907509090909 0.5220316254545454 0.38006826 0.5181988000000001 0.38173592545454543 0.5187675618181818 0.38510144545454544 0.5189846218181818 0.38871204363636364 0.5205546345454546 0.39288460545454545 0.5217549945454545 0.39781633272727274 0.5248591163636364 0.4071896327272727 0.5273675472727273 0.4139685490909091 0.5302366581818182 0.4202453436363636 0.5347834981818181 0.4276101581818182
45 0.5799263054545455 0.4417971418181818 0.5816309599999999 0.44211402727272725 0.5840390236363637 0.44194076 0.5854458345454545 0.44096045454545457 0.5868616218181818 0.4397231018181818 0.5882953636363637 0.4379716618181818 0.5897470545454545 0.43570613090909094 0.5901346618181819 0.43443287272727277 0.5894940890909091 0.43312371272727274 0.58849284 0.4323166727272727 0.5867971581818181 0.43174274 0.5854352290909091 0.43143782181818185 0.5830361418181818 0.4313540436363636 0.5812866036363636 0.4323223836363636 0.5798438872727273 0.4343308690909091 0.5780584436363636 0.4363273872727273 0.5769674327272727 0.4380907981818182 0.5772563 0.43964503636363633 0.5785733509090909 0.44123518 0.5799263054545455 0.4417971418181818
57 0.36558834545454544 0.3890172127272727 0.36676177454545456 0.3947200763636364 0.36721384727272727 0.4014271818181818 0.36696251272727276 0.40862444 0.36700902545454545 0.4171188927272727 0.36614404727272726 0.42223585636363636 0.3724028890909091 0.41988083454545455 0.3734131163636364 0.4204308309090909 0.37445027272727277 0.4202096890909091 0.3763254781818182 0.41564272 0.37646012181818184 0.4117870472727273 0.37700930000000005 0.40588698 0.37892938545454546 0.4000347872727273 0.38075971090909094 0.39675304363636366 0.38254515272727274 0.3947565254545454 0.38159776 0.39240721636363635 0.38415841636363635 0.38786418545454543 0.3853122636363636 0.38430146 0.38403112 0.3816831381818182 0.38412985818181816 0.3788556436363636 0.3842285963636364 0.3760281490909091 0.3815675690909091 0.3736189981818182 0.38374959636363637 0.3700921781818182 0.37725574 0.3693506909090909 0.3761647290909091 0.3711141018181818 0.37336008363636364 0.37281766909090913 0.3688058981818182 0.3754895763636364 0.36563159636363635 0.3779523109090909 0.3624662709090909 0.3801580018181818 0.36404526000000004 0.3840735181818182 0.36558834545454544 0.3890172127272727
6 0.9244644436363636 0.7163342690909091 0.9307265472727273 0.7335386036363637 0.938987890909091 0.7327976618181818 0.9327257872727273 0.7155933272727273 0.9244644436363636 0.7163342690909091
6 0.9008000454545454 0.29344007818181816 0.8984352327272728 0.28254844363636367 0.8929157018181818 0.2833851309090909 0.896001870909091 0.29327252181818186 0.9008000454545454 0.29344007818181816
6 0.8817069000000001 0.34887746545454545 0.8854214036363636 0.34077171272727275 0.8799557327272728 0.3400661290909091 0.8755557727272727 0.34814794909090907 0.8817069000000001 0.34887746545454545
6 0.8924016327272727 0.12123137272727273 0.9054072927272727 0.12220025818181819 0.9054791036363636 0.12014389818181818 0.8924734436363636 0.11917501454545454 0.8924016327272727 0.12123137272727273
6 0.8808958090909091 0.1362710872727273 0.8825000963636364 0.12963579090909091 0.8784053309090909 0.12897808 0.8767651363636364 0.13664155636363637 0.8808958090909091 0.1362710872727273
6 0.8886006272727273 0.15146693272727274 0.8947697072727272 0.15168236181818182 0.8955628745454545 0.1486217581818182 0.8866699363636364 0.14779649272727274 0.8886006272727273 0.15146693272727274
6 0.8710726054545455 0.18173785272727275 0.8699889381818182 0.17346454 0.86515486 0.17432516363636363 0.86625648 0.18208438727272727 0.8710726054545455 0.18173785272727275
6 0.9134548236363637 0.2454986090909091 0.9121018690909091 0.2449366472727273 0.9113446072727273 0.2469690690909091 0.9207793799999999 0.25193099090909093 0.9229255018181818 0.2494323509090909 0.9134548236363637 0.2454986090909091
6 0.7925686272727273 0.16973152909090908 0.8075229290909091 0.17385676363636363 0.8089836 0.17133418727272726 0.7933258890909091 0.16769910545454547 0.7925686272727273 0.16973152909090908
6 0.808937909090909 0.11368430363636364 0.8200128763636364 0.11098274909090909 0.8194171854545454 0.10838836363636363 0.80695336 0.11155613636363636 0.808937909090909 0.11368430363636364
6 0.7616204218181818 0.09298741818181817 0.7534847454545455 0.09012972909090909 0.7513745272727272 0.0916001890909091 0.7608452072727272 0.0955339309090909 0.7616204218181818 0.09298741818181817
6 0.7014588454545455 0.06669483818181818 0.7000520345454545 0.06767514545454546 0.70205454 0.06928922363636364 0.715078149090909 0.06974401818181818 0.71514996 0.06768766 0.7014588454545455 0.06669483818181818
6 0.7444237109090909 0.05481256727272727 0.7526491490909092 0.05509980545454545 0.7533884618181819 0.05358147090909091 0.7445134727272728 0.05224211636363636 0.7444237109090909 0.05481256727272727
6 0.7165861527272728 0.026560465454545455 0.7254072818181818 0.029442089090909087 0.7275175 0.027971630909090908 0.7187143218181817 0.024575914545454543 0.7165861527272728 0.026560465454545455
6 0.7113424327272727 0.05880451090909091 0.7023597309090909 0.060549694545454544 0.7036408745454545 0.06316801818181818 0.71471584 0.060466463636363633 0.7141021963636364 0.058386167272727274 0.7113424327272727 0.05880451090909091
6 0.7154339363636364 0.03990286545454545 0.7235696127272727 0.04276055454545455 0.7270507363636364 0.041337969090909095 0.7189689163636364 0.036938009090909094 0.7154339363636364 0.03990286545454545
6 0.704933449090909 0.026153543636363637 0.7096239054545455 0.02940563818181818 0.7144759363636364 0.028030923636363635 0.7097675254545455 0.02529291818181818 0.704933449090909 0.026153543636363637
6 0.6171007636363636 0.10441162000000001 0.6130059963636364 0.10375390909090909 0.60860604 0.11183572909090908 0.6106444454545454 0.1124216290909091 0.6141255690909091 0.11099904363636363 0.6171007636363636 0.10441162000000001
6 0.6314920199999999 0.08535493272727274 0.6231409145454546 0.08866632363636363 0.6251254654545455 0.09079449272727273 0.6348474781818182 0.08753097454545454 0.6349192872727273 0.08547461636363636 0.6314920199999999 0.08535493272727274
6 0.6257358472727272 0.07331543636363637 0.6333835454545454 0.07049419818181818 0.6320844490909091 0.06838996545454545 0.6223983418181819 0.07062530181818182 0.6257358472727272 0.07331543636363637
6 0.5701994436363637 0.0914500181818182 0.5631294818181818 0.09737973272727272 0.5672062963636364 0.09855153272727273 0.5728694454545454 0.09360212363636362 0.5729233036363637 0.09205985454545454 0.5701994436363637 0.0914500181818182
6 0.5142533963636363 0.14096802363636365 0.5108620345454545 0.13982016181818183 0.5101406763636364 0.14082440363636364 0.5160763745454546 0.14772300363636365 0.5195395436363637 0.14681450545454547 0.5142533963636363 0.14096802363636365
6 0.45925062727272725 0.4386124872727272 0.4537490509090909 0.43893508545454546 0.4543267890909091 0.44204356181818183 0.46351022909090905 0.4542027418181818 0.46836226 0.4528280290909091 0.45925062727272725 0.4386124872727272
6 0.36147888727272726 0.4084329490909091 0.36530110727272724 0.39724265272727277 0.35913202727272725 0.3970272236363636 0.35393890181818183 0.4081696454545454 0.36147888727272726 0.4084329490909091
6 0.5205823727272728 0.4510485763636364 0.5333726018181819 0.45818654000000003 0.5370152981818181 0.45213714363636365 0.5234319 0.4480597836363637 0.5205823727272728 0.4510485763636364
6 0.4358162909090909 0.4218379218181818 0.4392435563636364 0.42195760363636364 0.43873762727272725 0.41679276909090907 0.4320626181818182 0.41141250363636367 0.42858149636363635 0.4128350890909091 0.4358162909090909 0.4218379218181818
6 0.42833668545454545 0.4591510563636364 0.43506555090909094 0.46298905272727275 0.4379150781818182 0.4600002581818182 0.4304828054545455 0.45665241636363635 0.42833668545454545 0.4591510563636364
6 0.5476333436363636 0.08911784363636364 0.5478846763636364 0.08192058363636363 0.5444574109090908 0.08180090000000001 0.5448915309090909 0.08902209636363637 0.5476333436363636 0.08911784363636364
6 0.55290154 0.09547841272727273 0.5447658636363636 0.09262072545454544 0.5426376945454546 0.09460527636363636 0.5507554181818182 0.09797705454545455 0.55290154 0.09547841272727273
6 0.6169538836363636 0.08896498545454545 0.6112548290909091 0.09494257090909092 0.6146820945454545 0.09506225454545454 0.6189204818181818 0.09160724545454546 0.6190102436363636 0.08903679454545455 0.6169538836363636 0.08896498545454545
6 0.9866481781818183 0.21305383272727274 0.9989504309090909 0.21451286909090908 0.9997436 0.21145226909090908 0.9874413472727274 0.2099932290909091 0.9866481781818183 0.21305383272727274
6 0.893775770909091 0.3570196745454545 0.8879657418181819 0.34652244545454547 0.8824103054545455 0.3483873145454545 0.8902587436363637 0.35947044181818183 0.893775770909091 0.3570196745454545
6 0.9361155927272726 0.1665088290909091 0.9328319454545455 0.16227642909090909 0.9300901327272727 0.16218068181818182 0.9340233272727274 0.1674652 0.9361155927272726 0.1665088290909091
6 0.8528411763636364 0.21249892363636363 0.8611384254545454 0.21072980363636365 0.8611922836363636 0.20918753454545455 0.8522275327272727 0.21041862727272725 0.8528411763636364 0.21249892363636363