39 0.05075202909090909 0.07640952181818181 0.04087936363636364 0.07301242909090909 0.026232798181818184 0.07916059090909092 0.020212781818181817 0.08200269818181818 0.029580354545454546 0.08926693636363636 0.06357361818181818 0.09073149272727273 0.08802510181818182 0.08992045090909091 0.09213906181818182 0.08867668909090909 0.08119449272727272 0.0735878109090909 0.07186746 0.07575946727272727 0.06416398727272728 0.07382554727272728 0.05075202909090909 0.07640952181818181
27 0.1391193727272727 0.38583839999999997 0.15398982 0.4368598890909091 0.16437908 0.4466571654545454 0.19176615818181816 0.4359591890909091 0.27692471272727276 0.41340440727272726 0.26041500181818183 0.3881317436363636 0.2548365290909091 0.3571361454545455 0.2102737709090909 0.3722290581818182 0.1912501090909091 0.37655945999999996 0.1391193727272727 0.38583839999999997
33 0.16128789999999998 0.34443488 0.14650218545454544 0.33337413454545456 0.14123889272727275 0.3251432818181818 0.12606788 0.33571288363636365 0.10565475636363636 0.3480418181818182 0.12080824181818182 0.3485709909090909 0.11830031272727273 0.35680794909090907 0.1423047727272727 0.3582011745454546 0.16128789999999998 0.34443488
39 0.34079673454545456 0.47057682181818183 0.3399607581818182 0.47332247636363634 0.3303221981818182 0.47381834363636366 0.3374201418181818 0.4613019163636364 0.3413096781818182 0.4558880509090909 0.3869987581818182 0.4297350854545455 0.33621876727272726 0.43212407818181814 0.2958552472727273 0.43293442909090907 0.25486082 0.44121483454545457 0.25705302181818185 0.46321267454545456 0.25939222363636366 0.4915977909090909 0.34623606 0.4843635145454545 0.3645302090909091 0.4797301527272727 0.34079673454545456 0.47057682181818183
39 0.4181997727272727 0.4263848945454546 0.4100764872727273 0.4152793236363636 0.3724991909090909 0.4422705254545454 0.3416889545454545 0.4556238090909091 0.33853861454545453 0.4610634890909091 0.3299526018181818 0.4738054363636363 0.33734454545454545 0.4740635690909091 0.33966858727272725 0.47109239636363637 0.3630131072727273 0.4807871109090909 0.3910752872727273 0.4931439345454546 0.42721053454545455 0.5074475836363637 0.4731101618181819 0.5176524545454545 0.5072794581818182 0.5246728509090909 0.529693590909091 0.49742962363636367 0.554493490909091 0.4866413018181818 0.5803035727272727 0.4681186854545455 0.5629113218181818 0.45752188727272725 0.5504611545454545 0.45375730181818186 0.4899827072727273 0.4477605636363637 0.46543444181818183 0.4513430727272727 0.47385592545454547 0.44331262 0.4356773018181818 0.4239428927272727 0.4181997727272727 0.4263848945454546
39 0.5407634345454546 0.5619151381818183 0.5620839327272728 0.5659894818181819 0.6199346581818183 0.56245998 0.6259431709090909 0.5493505418181819 0.6691206672727272 0.5103455781818181 0.6741558781818182 0.4933173654545454 0.6772287945454546 0.49009485818181814 0.6775481745454546 0.4809490181818181 0.6657113872727273 0.4808131545454545 0.6395764454545454 0.47684816909090916 0.6284848763636364 0.45537201272727273 0.5989189272727273 0.46488396363636364 0.5887734472727273 0.4587024981818182 0.5754020272727273 0.4707223654545455 0.5553197872727272 0.4841727927272727 0.5457508 0.4932731145454545 0.5411934709090909 0.5178100999999999 0.5396897018181819 0.5396788727272727 0.5407634345454546 0.5619151381818183
39 0.4427851163636364 0.5806924290909091 0.43036581090909093 0.5866408854545455 0.42604860909090914 0.5937047236363636 0.4091167109090909 0.6017154727272728 0.3728919872727273 0.6323612090909091 0.3949825418181818 0.6461744054545454 0.40953415454545455 0.653342190909091 0.42390005454545454 0.65523128 0.43357915454545454 0.6641713054545455 0.4832751872727273 0.6928227381818182 0.5331744618181817 0.7156540890909091 0.5722296036363637 0.7417140563636363 0.5907154890909091 0.7209932818181819 0.5813654454545454 0.7026302709090909 0.5958977 0.710352349090909 0.6112023836363637 0.6853582145454545 0.6217216581818181 0.6596420018181819 0.6006721490909092 0.6478075509090909 0.5697614781818182 0.6428433418181818 0.5508714818181818 0.6327492127272727 0.5133739818181818 0.6150681781818182 0.48447582727272726 0.605457009090909 0.4427851163636364 0.5806924290909091
33 0.8226714945454545 0.36253618000000004 0.8402167709090909 0.3581541509090909 0.8238443818181819 0.3395459145454545 0.8079825618181817 0.3487039690909091 0.7888234036363636 0.3569144236363636 0.7890284727272727 0.3616388236363636 0.8051939672727272 0.3649781818181818 0.8226714945454545 0.36253618000000004
33 0.9238377763636363 0.4432097072727273 0.9134581945454546 0.4331352836363636 0.9011743818181819 0.4352036872727273 0.9109502636363637 0.44137224545454545 0.9104645290909091 0.4446850963636364 0.9238377763636363 0.4432097072727273
42 0.7848821781818182 0.12008241272727273 0.7990950545454545 0.1369503290909091 0.8035979672727273 0.13516518181818182 0.7875758199999999 0.11712414545454544 0.7848821781818182 0.12008241272727273
41 0.8083138018181818 0.12728280909090908 0.7989674127272727 0.13000875636363637 0.7975489181818182 0.13883872909090908 0.8011287527272727 0.14229355454545453 0.8104073945454545 0.14150763454545456 0.8147536309090908 0.13361235272727273 0.8141983236363637 0.12832075454545455 0.8083138018181818 0.12728280909090908
57 0.2874071018181818 0.39934126000000003 0.2999734072727273 0.39978008545454546 0.3139291709090909 0.3922203763636363 0.2846517381818182 0.38287344727272726 0.27330251272727274 0.3899692090909091 0.2628666872727273 0.39210214363636364 0.26521191454545456 0.3991211563636364 0.2794326418181818 0.40516744545454547 0.2874071018181818 0.39934126000000003
39 0.1434995781818182 0.4617446618181818 0.1517353509090909 0.44843551454545455 0.1442738327272727 0.43957292909090906 0.12282751636363635 0.4391014927272727 0.10201393454545454 0.44170448181818184 0.09044210909090909 0.45517461454545455 0.09103613272727273 0.4593576290909091 0.08709820545454545 0.4661572272727273 0.10041520909090909 0.4768891981818182 0.10853849636363637 0.4879947690909091 0.1408501309090909 0.49522777999999995 0.15180072545454545 0.4889505509090909 0.1434995781818182 0.4617446618181818
39 0.2912955472727273 0.49992648 0.2613097818181818 0.5002667781818182 0.2565437327272727 0.49899040363636366 0.2745027963636364 0.5251461345454546 0.3190171636363636 0.5114389563636363 0.32085364363636365 0.5012361545454546 0.2912955472727273 0.49992648
39 0.9129553090909092 0.7866331309090908 0.9246487509090908 0.8014706763636363 0.9897160454545455 0.80322148 0.9901985181818183 0.789405230909091 0.9835290181818183 0.7896525872727272 0.9777025672727272 0.7869517618181818 0.9674603054545454 0.7835417636363636 0.96110758 0.7747178981818182 0.9600066381818182 0.7638575527272727 0.9646644036363636 0.7576380581818182 0.9600144909090909 0.7530359254545455 0.9462039 0.7564384345454546 0.9408262963636365 0.7620778218181818 0.9192832 0.7643778509090909 0.910074130909091 0.7737682254545454 0.9129553090909092 0.7866331309090908
53 0.9585768054545456 0.3703344290909091 0.9598888381818181 0.36455306909090907 0.9152316709090909 0.33996238181818184 0.9052543745454545 0.35015838363636365 0.9517111363636365 0.37619933454545457 0.9585768054545456 0.3703344290909091
53 1 0.30628011636363633 0.9757493745454545 0.2918509909090909 0.97008928 0.2949831527272727 0.9654992636363636 0.29926261818181815 0.95951796 0.30099614 0.9633512527272728 0.3077896327272727 0.9869183690909091 0.31110997636363635 1 0.3145919763636364 1 0.30628011636363633
53 1 0.38641681818181817 0.9881675909090909 0.39190162363636366 0.987857889090909 0.40077031636363636 1 0.4058895327272727 1 0.38641681818181817
57 0.48491826909090907 0.2960771072727273 0.4729459872727273 0.29982129454545453 0.4710012181818182 0.30252822727272727 0.4780641054545454 0.31220934727272726 0.49384064727272725 0.3160900909090909 0.49803203272727276 0.3126291581818182 0.48491826909090907 0.2960771072727273
31 0.6458353072727273 0.39298889454545455 0.6417951181818182 0.37092652363636364 0.5880099618181819 0.3745979963636364 0.5948811109090909 0.4003665272727273 0.6458353072727273 0.39298889454545455
39 0.5682290290909091 0.4430009018181818 0.5940506145454546 0.4347456181818182 0.6009725254545455 0.4166733509090909 0.5966341418181818 0.41374700545454546 0.5915160236363637 0.4013589545454545 0.5686881018181819 0.39806442363636363 0.5593320327272727 0.4010675181818182 0.5489252418181818 0.4023690127272727 0.5403392290909091 0.41511096 0.5492712854545454 0.4348467963636364 0.5568586181818183 0.44010647454545454 0.550850109090909 0.45321591636363634 0.5621624490909091 0.4577732218181818 0.5682290290909091 0.4430009018181818
39 0.5174550654545454 0.4240237890909091 0.4958327145454545 0.4179965109090909 0.4835972945454546 0.41867918 0.4669382127272727 0.42947430181818186 0.48930158363636367 0.4460718727272727 0.5181108072727273 0.4476328818181818 0.5206961618181818 0.43717874727272726 0.5174550654545454 0.4240237890909091
39 0.6132714945454546 0.4459612418181818 0.6112571527272728 0.4400637218181818 0.6104387072727273 0.4317106018181818 0.6059551509090909 0.43294145636363635 0.5697558072727273 0.44166679454545454 0.5632809181818182 0.45753479454545454 0.5792238145454546 0.4672485254545455 0.5891527218181818 0.45843825818181816 0.5996678 0.4646326290909091 0.6123986327272728 0.46035996 0.6088478327272727 0.45607369636363637 0.6132714945454546 0.4459612418181818
39 0.5575978127272727 0.44013228909090907 0.5477348254545455 0.4364580509090909 0.5294213218181819 0.4416457072727273 0.5180624163636364 0.44901861454545455 0.5497993854545454 0.45151431636363637 0.5575978127272727 0.44013228909090907
33 0.8031350781818182 0.5510984636363636 0.8221006745454545 0.5484309436363637 0.8456272509090909 0.5423153927272727 0.8492826836363636 0.5330085672727273 0.80972428 0.5213602254545455 0.7929297036363636 0.5360354 0.7928637818181818 0.5485199072727273 0.8031350781818182 0.5510984636363636
53 0.7886725872727273 0.7215239509090908 0.8026435090909091 0.7453205345454545 0.8332117909090909 0.7388959163636364 0.8573015290909092 0.7272503418181818 0.8493718054545455 0.7106018363636364 0.8183546763636363 0.7086862399999999 0.7886725872727273 0.7215239509090908
53 0.47259885272727276 0.37334259818181814 0.47602566181818184 0.3917762490909091 0.5045251872727273 0.4022059509090909 0.5094152290909091 0.3893349381818182 0.4862080290909091 0.3863046490909091 0.48249087454545453 0.3761853963636364 0.47259885272727276 0.37334259818181814
57 0.48660666181818185 0.3854861145454545 0.509055309090909 0.3890448854545454 0.5091714472727272 0.38571912545454545 0.50736576 0.3852002018181818 0.507985869090909 0.3845677872727273 0.5020579781818182 0.3788110872727273 0.5114355945454545 0.37386635272727275 0.5065322218181818 0.36592555272727273 0.49224345272727277 0.36712617090909094 0.4913877763636364 0.3684490290909091 0.49020219818181815 0.3672976890909091 0.4838918381818182 0.37845419636363636 0.4856975254545455 0.37897311818181817 0.48443480363636365 0.37986058 0.48660666181818185 0.3854861145454545
33 0.8721582618181818 0.41837379636363636 0.8969115963636364 0.4195156872727273 0.9058611818181819 0.4281527527272727 0.9169684545454545 0.42798565818181816 0.90029604 0.4179689672727273 0.8819903872727273 0.41233499636363635 0.8721582618181818 0.41837379636363636
57 0.2781032690909091 0.5915906909090909 0.2741266309090909 0.5994988763636363 0.28454492545454546 0.6084647145454546 0.3098710981818182 0.6037994327272728 0.3082342054545455 0.5870931927272727 0.28754644 0.5860932763636363 0.2781032690909091 0.5915906909090909
57 0.9750560363636362 0.7249802727272727 0.963666269090909 0.72264014 0.9500220345454545 0.7318756345454546 0.9568121054545455 0.73877238 0.9750560363636362 0.7249802727272727