11 0.7992604290909091 0.2108093109090909 0.7967013127272727 0.21437513636363636 0.7985628327272728 0.21496391999999998 0.8050243436363637 0.2159979690909091 0.8119602 0.2173503309090909 0.8165960636363636 0.2184800581818182 0.8187884454545454 0.21664930727272727 0.82050648 0.21450024363636364 0.8243092836363637 0.20846704363636365 0.8158607054545455 0.20444859454545453 0.8106608181818182 0.2012894018181818 0.8087813636363637 0.20035838727272728 0.8091839690909091 0.19930777454545454 0.8078147309090908 0.19937953272727274 0.8043607272727272 0.2033354290909091 0.8022400872727273 0.20653510545454545 0.7992604290909091 0.2108093109090909
11 0.19203986727272726 0.4485348618181818 0.19035770363636365 0.45136838727272727 0.1909217290909091 0.45339785272727273 0.19276531272727274 0.4536444054545455 0.19460889636363635 0.4538909581818182 0.2095907272727273 0.46031237999999997 0.2123292 0.4601688636363636 0.21636516545454546 0.45858466363636363 0.22029351818181817 0.4549470781818182 0.22111666545454545 0.45318808727272725 0.2205885109090909 0.45184308363636366 0.20858633636363638 0.44114745454545456 0.20760177090909093 0.4398263690909091 0.2070915509090909 0.4388235963636364 0.2038966672727273 0.4389910327272727 0.2012299381818182 0.4405034727272727 0.19770419090909092 0.44309044545454546 0.1937579018181818 0.44638579818181817 0.19203986727272726 0.4485348618181818
39 0.5065823927272727 1 0.5101836436363636 0.9912300309090909 0.4631892509090909 0.9765343636363636 0.4436253636363637 0.9700099054545455 0.43866854909090913 0.9802216345454545 0.4288575836363636 1 0.5065823927272727 1
6 0.3067362 0.8817824854545454 0.32137725636363634 0.88170152 0.3211620290909091 0.8775947509090909 0.30652097272727274 0.8776757163636364 0.3067362 0.8817824854545454
6 0.34167461272727273 0.8847558309090909 0.32728465272727275 0.8896280272727273 0.3283409636363636 0.8923180345454546 0.34360787454545455 0.8867135381818182 0.34167461272727273 0.8847558309090909
6 0.34480766727272727 0.892141390909091 0.3304894509090909 0.8983825109090909 0.3324585836363636 0.90102468 0.3468485418181818 0.8961524836363637 0.34480766727272727 0.892141390909091
6 0.33804314181818185 0.902791029090909 0.3488894163636364 0.9001635763636364 0.34779723636363635 0.8967891072727273 0.33698683272727276 0.9001010218181819 0.33804314181818185 0.902791029090909
6 0.3811771454545455 0.8874899818181818 0.36693067090909093 0.8951000236363635 0.36802285090909087 0.8984744927272728 0.38318214727272726 0.8908166127272727 0.3811771454545455 0.8874899818181818
6 0.3481285672727273 0.8157834381818181 0.33855382545454543 0.825207669090909 0.34234860545454543 0.82775416 0.3510105218181818 0.8183777672727273 0.3481285672727273 0.8157834381818181
6 0.3323198090909091 0.7761177872727273 0.34629914 0.7808758945454546 0.35174021272727274 0.7799043963636364 0.33487892545454545 0.7725519618181818 0.3323198090909091 0.7761177872727273
6 0.21903805636363635 0.7628370690909091 0.22419216 0.7563898781818181 0.22667953636363636 0.7514551290909091 0.22295649636363638 0.7502775618181818 0.21867934545454545 0.7559924527272727 0.21527914727272726 0.7609750381818182 0.21903805636363635 0.7628370690909091
6 0.19361584 0.5397356963636363 0.19216495090909091 0.5295166109090909 0.1884777818181818 0.5290235072727272 0.1890875909090909 0.5406593545454546 0.19361584 0.5397356963636363
6 0.3338424418181818 0.7877057963636364 0.33815546545454545 0.7826753690909091 0.3335196018181818 0.7815456418181818 0.32832962545454547 0.7873083690909092 0.3338424418181818 0.7877057963636364