6 0.8610330290909092 0.18265682727272725 0.8255446236363637 0.20716921454545453 0.7925158109090908 0.23695308363636364 0.7958538290909091 0.24723247272727272 0.8023541818181819 0.2609383236363636 0.8106113836363636 0.27253558181818177 0.8798313418181818 0.21402214 0.8743851018181819 0.19293621454545454 0.8610330290909092 0.18265682727272725
25 0.8102600145454546 0.7208750654545455 0.8253689381818182 0.7105956781818182 0.8348559381818182 0.7003162890909091 0.8448699927272727 0.6729045854545455 0.8460997890909091 0.6502372163636364 0.8446943072727272 0.6325777545454545 0.8294096981818182 0.6109646818181819 0.8174631054545455 0.60121244 0.8034082927272728 0.5993674218181818 0.7897048490909091 0.6038481818181818 0.7784609981818181 0.6130732727272727 0.7689739981818182 0.6249341072727272 0.7637034436363637 0.6307327363636364 0.7645818690909091 0.6399578272727273 0.7647575545454545 0.6657880872727273 0.7707308509090909 0.6889826036363637 0.7819747018181818 0.7066420672727273 0.7979620527272727 0.7187664727272727 0.8102600145454546 0.7208750654545455
57 1 0.47579820181818183 0.9862965563636364 0.47179757454545457 0.9810260018181818 0.4986821290909091 1 0.5241517072727272 1 0.47579820181818183
29 0.5412860163636364 0.39615181818181816 0.5437456072727272 0.3950975218181818 0.5493675327272728 0.3964153927272727 0.5504216436363636 0.39351607818181816 0.5453267745454545 0.3898260418181818 0.5393534781818181 0.39193463272727275 0.5412860163636364 0.39615181818181816
29 0.5794096981818182 0.5073800745454545 0.5751932545454546 0.5163415927272728 0.5732607163636363 0.5131787036363636 0.57132818 0.5152872963636363 0.57607168 0.5303110181818183 0.5776528454545454 0.5263574072727273 0.5762473654545455 0.5192409072727272 0.5816936054545455 0.5102793890909091 0.5794096981818182 0.5073800745454545
29 0.5693956436363636 0.6004217181818182 0.5797610672727272 0.58882446 0.5748418836363636 0.5817079599999999 0.5681658472727273 0.5806536636363636 0.5672874218181818 0.5911966254545454 0.5693956436363636 0.6004217181818182
29 0.5293394236363637 0.7105956781818182 0.5302178490909091 0.7171850290909091 0.5333801818181818 0.7156035854545455 0.5432185527272727 0.7161307327272727 0.5493675327272728 0.72113864 0.551300070909091 0.7163943072727272 0.5477863672727273 0.7113864 0.5293394236363637 0.7105956781818182
29 0.5296907945454545 0.7907221927272727 0.5323260709090909 0.7988929890909091 0.5365425163636364 0.7994201363636364 0.54005622 0.7949393781818181 0.5425158109090908 0.791776489090909 0.5419887563636364 0.7801792309090909 0.5368938854545454 0.7814971 0.5393534781818181 0.7883500254545455 0.5393534781818181 0.7928307854545454 0.53601546 0.7949393781818181 0.5339072381818182 0.7936215072727273 0.5316233309090909 0.7891407490909091 0.5296907945454545 0.7907221927272727
29 0.5757203090909091 0.7609383236363636 0.5757203090909091 0.7564575654545455 0.570274069090909 0.7559304163636363 0.5690442727272728 0.7609383236363636 0.5662333090909091 0.7630469163636364 0.5630709763636363 0.7617290454545455 0.5613141254545455 0.7659462309090909 0.5644764581818182 0.7720084345454545 0.5679901618181818 0.773062730909091 0.572382290909091 0.7704269890909091 0.5757203090909091 0.7609383236363636
29 0.5727336618181819 0.948866630909091 0.5781799018181818 0.9478123345454545 0.5825720309090909 0.9443858727272728 0.585207309090909 0.939114390909091 0.5892480672727273 0.9430680018181818 0.5903021781818182 0.9399051127272727 0.5878425854545455 0.9362150763636363 0.5823963454545454 0.9330521872727273 0.57677442 0.9343700581818183 0.5715038654545455 0.9385872436363636 0.5634223472727273 0.9472851872727273 0.5613141254545455 0.95202952 0.5653548836363635 0.9559831309090908 0.5727336618181819 0.948866630909091
29 0.6539002109090909 0.6507643654545455 0.6565354890909091 0.6586715872727272 0.6558327472727272 0.66605166 0.65899508 0.6713231418181819 0.6612789872727273 0.6626251981818181 0.6670765981818182 0.6576172909090909 0.67322558 0.6547179763636364 0.6718200981818182 0.6518186618181818 0.6676036545454546 0.65366368 0.6649683763636363 0.6507643654545455 0.6651440618181818 0.6452293090909091 0.6653197472727272 0.6389035327272727 0.66373858 0.6360042163636364 0.6595221363636363 0.6346863472727273 0.6581166545454545 0.6315234581818182 0.6546029509090909 0.6302055872727272 0.6561841181818182 0.6357406436363636 0.6530217854545455 0.6428571436363637 0.6539002109090909 0.6507643654545455
29 0.6505621927272728 0.8305218763636364 0.6530217854545455 0.8226146545454546 0.657238229090909 0.8191881927272727 0.65829234 0.8133895618181818 0.6570625436363636 0.8065366363636364 0.6539002109090909 0.79836584 0.6481026 0.7981022672727273 0.6516163036363636 0.8062730636363636 0.6516163036363636 0.8149710072727273 0.6498594527272727 0.8099631 0.6479269145454546 0.8128624145454545 0.6493323963636364 0.818397469090909 0.6479269145454546 0.8255139690909091 0.6479269145454546 0.8310490254545454 0.6505621927272728 0.8305218763636364
29 0.6361560090909091 0.7664733781818182 0.6343991563636363 0.7680548236363637 0.6370344345454546 0.7743806018181818 0.6324666200000001 0.7862414345454546 0.6250878418181818 0.7915129145454546 0.6254392127272727 0.7957301 0.6340477872727274 0.7904586181818182 0.6393183418181818 0.7778070636363636 0.6386156000000001 0.7704269890909091 0.6361560090909091 0.7664733781818182
29 0.7241742800000001 0.7801792309090909 0.7239985945454546 0.7870321563636363 0.7208362618181818 0.7959936745454546 0.71872804 0.8052187672727272 0.7275122981818182 0.8057459145454545 0.7326071672727272 0.7883500254545455 0.7294448345454545 0.7727991563636364 0.7241742800000001 0.7801792309090909
29 0.7218903727272727 0.8413284127272728 0.7183766690909091 0.8386926727272728 0.7167955018181819 0.8284132836363636 0.7134574836363636 0.8265682654545454 0.7159170763636363 0.8394833945454545 0.7201335200000001 0.8447548763636363 0.7229444836363637 0.8444913018181818 0.7255797618181818 0.8405376909090909 0.7222417436363636 0.82683184 0.7206605763636363 0.8302583018181818 0.7229444836363637 0.8373748018181819 0.7218903727272727 0.8413284127272728
29 0.8527758254545454 0.758039009090909 0.8566408999999999 0.7556668418181818 0.8533028818181818 0.7480231945454545 0.8557624745454545 0.7358987872727273 0.8522487709090909 0.7345809163636363 0.8490864363636363 0.7472324727272728 0.8527758254545454 0.758039009090909
29 0.8366127890909092 0.5853979963636364 0.8392480672727273 0.5827622563636364 0.83626142 0.5782814963636363 0.8336261418181818 0.5856615709090909 0.8309908636363637 0.5814443854545455 0.8294096981818182 0.5851344236363637 0.8262473654545455 0.5943595145454545 0.8283555872727273 0.6004217181818182 0.8357343636363637 0.5959409600000001 0.83151792 0.5998945709090908 0.8334504563636365 0.6033210327272728 0.8406535490909091 0.5983131254545455 0.8439915672727273 0.5993674218181818 0.8459241036363636 0.5938323672727273 0.8418833454545455 0.5922509218181817 0.8373155309090909 0.5925144963636364 0.8339775127272727 0.5919873490909091 0.8290583272727272 0.5938323672727273 0.83081518 0.5880337381818183 0.8366127890909092 0.5853979963636364
29 0.772136330909091 0.18239325272727272 0.7663387218181817 0.18397469636363636 0.7573787763636364 0.1794939381818182 0.7573787763636364 0.18634686363636363 0.7677442018181818 0.18950975272727272 0.7770555163636363 0.19425408545454545 0.7777582563636364 0.1900369 0.7733661272727272 0.18713758545454545 0.772136330909091 0.18239325272727272
29 0.9957835563636365 0.5695835527272728 0.9875263527272727 0.5695835527272728 0.988756149090909 0.5748550345454546 0.995607870909091 0.5774907745454546 0.9957835563636365 0.5695835527272728