39 0.8785143054545455 0.08661852727272727 0.8692075836363636 0.1009771709090909 0.8730381945454545 0.1019198109090909 0.8954893309090909 0.10148892 0.9265770927272726 0.09851354000000001 0.9348143272727273 0.091404 0.9291598290909091 0.0890876 0.9154393963636364 0.08415466545454546 0.9065533745454545 0.08774319454545455 0.8941358436363637 0.08601848363636364 0.887167789090909 0.08816144 0.8785143054545455 0.08661852727272727
27 0.8201941072727273 0.4326311836363636 0.8292461018181818 0.42315036727272726 0.8404246490909091 0.3756613709090909 0.7921958890909091 0.36965864363636364 0.7745507654545455 0.3666024018181818 0.7329794218181819 0.3549061272727273 0.7293555963636363 0.3835897709090909 0.715437230909091 0.4075518581818182 0.7945771290909092 0.4241390709090909 0.8201941072727273 0.4326311836363636
33 0.8361769072727272 0.3504775072727273 0.8581123854545455 0.34804729090909087 0.8554178254545455 0.3406163854545454 0.8692820436363636 0.33940342363636367 0.8499790036363636 0.3290811381818182 0.8355654054545454 0.32011996545454546 0.8311365927272728 0.3279185309090909 0.8181155327272728 0.33876881454545454 0.8361769072727272 0.3504775072727273
39 0.6605377163636363 0.4655103745454546 0.6596395290909091 0.46303340545454547 0.6383253236363636 0.47256480545454543 0.6553163309090909 0.47593382909090903 0.73526478 0.47839477999999996 0.7360449363636364 0.45225992 0.736997270909091 0.43198776 0.699024 0.42636556727272723 0.6619879654545455 0.42756136 0.6153283690909092 0.4278102236363637 0.6584635472727273 0.44959188 0.6622888309090909 0.4543683090909091 0.6693962236363636 0.46550202 0.6605377163636363 0.4655103745454546
39 0.5444727272727272 0.45138702545454545 0.5217997054545455 0.44928177818181814 0.4666534745454545 0.4576842163636363 0.45542257999999997 0.46173345272727273 0.43999008 0.4722836 0.4645375745454545 0.4880248181818182 0.4877874909090909 0.4967240218181818 0.5096413072727273 0.520623110909091 0.5406234527272727 0.5125458690909092 0.5822045690909091 0.5009857909090909 0.6146387290909091 0.4861370872727273 0.6397666836363636 0.4734609218181818 0.66069836 0.46345188000000004 0.6629713418181817 0.4660641236363636 0.6697343745454546 0.46547243636363633 0.6612521872727273 0.4542034490909091 0.6581032072727273 0.4493678490909091 0.6292209818181819 0.4386058581818182 0.59348076 0.4156661181818182 0.5865686181818182 0.42623749636363634 0.57043142 0.4248382127272727 0.53636774 0.4444294709090909 0.5444727272727272 0.45138702545454545
39 0.42277186363636365 0.47021222909090915 0.3952147272727273 0.4629120781818182 0.3860801890909091 0.48313342363636363 0.3623154945454546 0.4880236690909091 0.35147245454545456 0.4887167563636364 0.3522046690909091 0.4970860090909091 0.3551761418181818 0.4998926981818182 0.36060963636363635 0.5152617345454545 0.4020602654545455 0.5489462981818182 0.40819758181818183 0.5606759909090909 0.4613930018181818 0.5611330927272727 0.48073953636363637 0.5563738309090909 0.480655229090909 0.5359368109090908 0.4782260472727272 0.5159604963636364 0.4728697709090909 0.49368471999999997 0.46366157636363636 0.4858014636363637 0.4446079363636364 0.47443513818181815 0.4317741527272727 0.4640579763636364 0.42277186363636365 0.47021222909090915
39 0.47487821636363636 0.6217975872727273 0.45804873454545453 0.6319588436363636 0.4299546345454546 0.6379945290909091 0.4112293709090909 0.6498549745454545 0.42210701818181817 0.6729254690909091 0.4373362563636364 0.6951041381818182 0.4502854254545454 0.6873268036363637 0.4425975709090909 0.7046104763636363 0.46053735272727275 0.7227186818181818 0.49508296727272727 0.69695194 0.5397234272727273 0.6736242290909091 0.5838979327272728 0.6449706309090909 0.5923401890909091 0.6363098254545454 0.60541716 0.6338879636363636 0.6184107054545455 0.6266178563636363 0.6379951036363637 0.6128933618181818 0.6033190418181817 0.5865383054545454 0.5874143799999999 0.58000758 0.5831178163636365 0.5737390509090909 0.57144848 0.5688822236363636 0.5344248618181818 0.5935879854545454 0.5083987218181818 0.6037871818181818 0.47487821636363636 0.6217975872727273
57 0 0.1712057272727273 0.004337314545454545 0.1702546418181818 0.013051156363636364 0.1608034090909091 0.02310695090909091 0.15890142363636361 0 0.14570892545454547 0 0.1712057272727273
33 0.22556205454545453 0.3737438981818182 0.21058309636363634 0.36610996545454544 0.19647036181818184 0.38395574 0.2127628781818182 0.38713031999999997 0.22890007636363638 0.3885296018181818 0.24355686545454547 0.3846917490909091 0.24351781454545454 0.3803507327272727 0.22556205454545453 0.3737438981818182
33 0.12391062545454547 0.46594815999999994 0.1362394018181818 0.4666584181818182 0.1356349909090909 0.46364463636363634 0.1442991309090909 0.4575199672727273 0.13294043272727274 0.4562137309090909 0.12391062545454547 0.46594815999999994
33 0.054133358181818185 0.4434307254545454 0.04352285454545455 0.43899237090909093 0.03672165454545454 0.4508318163636364 0.042692116363636366 0.4528650181818182 0.054133358181818185 0.4434307254545454
42 0.23313904363636362 0.16045928 0.21932008545454545 0.17776824727272728 0.22353322363636363 0.17918852727272727 0.23575017818181818 0.16304194 0.23313904363636362 0.16045928
41 0.22192589272727273 0.18418469636363635 0.22504114727272728 0.18084548727272728 0.22331666545454545 0.17281860181818182 0.21461880363636363 0.1707684618181818 0.20927494363636365 0.17200265272727275 0.20902021818181818 0.17688048181818183 0.21338334727272726 0.18390985272727273 0.22192589272727273 0.18418469636363635
57 0.7127426709090909 0.40012095454545454 0.7254868181818181 0.39389488727272726 0.7272991709090909 0.3873474527272727 0.717631230909091 0.3858932945454545 0.7068875981818182 0.37993325636363634 0.6805011163636364 0.38990842363636363 0.6936561872727273 0.3961685963636364 0.7051533436363636 0.39516272545454545 0.7127426709090909 0.40012095454545454
39 0.8337556563636364 0.4708001636363636 0.8440945745454546 0.47602894545454544 0.8733637745454546 0.4678460127272728 0.8802759181818182 0.45727463454545453 0.8919665600000001 0.44679630363636363 0.8880303363636363 0.44075180545454545 0.8883738127272727 0.4368884290909091 0.877119849090909 0.42509527636363637 0.8579170981818182 0.42370863999999997 0.8382821145454545 0.42517092363636366 0.8318687690909091 0.43365422181818186 0.8400571800000001 0.44546002181818184 0.8337556563636364 0.4708001636363636
39 0.6793925436363637 0.4901829490909091 0.6815661163636363 0.49944832 0.72302652 0.5098765272727273 0.7382309272727273 0.48503525818181814 0.7339237072727273 0.48643431090909084 0.7064224854545454 0.48756258181818185 0.6793925436363637 0.4901829490909091
39 0.14038229454545453 0.7944285145454545 0.15038750545454546 0.7802643145454545 0.15241020727272728 0.7683318236363635 0.14351797636363636 0.7601653690909091 0.1236611109090909 0.7590915145454545 0.11846103454545455 0.7541798109090909 0.10563878545454546 0.7517238418181817 0.10159782909090909 0.7561662581818182 0.10616598000000001 0.7616443618181818 0.10567871636363636 0.7716536345454545 0.10027982545454545 0.78004818 0.0910556509090909 0.7836662945454546 0.08584492 0.7864221690909091 0.06815009636363636 0.786692490909091 0.05994037636363637 0.7902218527272727 0.043071843636363634 0.796042090909091 0.04529512181818182 0.8019808981818182 0.14038229454545453 0.7944285145454545
53 0.08856715090909091 0.40080714181818183 0.09514202363636363 0.40585412363636364 0.1364728581818182 0.3797493090909091 0.12683776 0.3708811836363637 0.08708674181818182 0.3955700072727273 0.08856715090909091 0.40080714181818183
53 0.07880693090909091 0.3359834290909091 0.0743941 0.3322806236363636 0.06905556363636363 0.3296810254545455 0.042658430909090904 0.3473237727272727 0.03588474545454545 0.35558304181818184 0.05974351818181819 0.34787345999999997 0.08118552727272728 0.34369753272727277 0.08437267636363636 0.3372853727272727 0.07880693090909091 0.3359834290909091
53 0.06319068 0.43011612 0.062480652727272726 0.42200048181818184 0.04941433454545454 0.4167547618181818 0.03622642 0.41790855454545456 0.03551815818181819 0.4409704654545455 0.030689954545454545 0.44420398363636365 0.03710950909090909 0.4474756709090909 0.043251269090909095 0.4397827963636364 0.06319068 0.43011612
57 0.5079284381818182 0.32578454181818184 0.5119365545454546 0.3287560909090909 0.5262108127272728 0.32444059454545454 0.5322194436363636 0.31522604 0.5303068018181818 0.3128378254545454 0.5191531236363637 0.30998032181818186 0.5079284381818182 0.32578454181818184
31 0.42337274909090905 0.41087091090909095 0.42843260727272725 0.38691717454545455 0.3789568545454545 0.3861346418181818 0.37631376 0.40655472363636364 0.42337274909090905 0.41087091090909095
39 0.4257859490909091 0.4423485963636364 0.4498506272727273 0.4486765218181818 0.45612107090909093 0.4619278981818182 0.4662709472727273 0.4572065727272727 0.46013363090909093 0.4454768818181818 0.46683542727272725 0.4402905618181818 0.4740741872727273 0.42176840727272724 0.465592 0.4104994181818182 0.4559906236363636 0.4098061 0.4472705727272727 0.40750234727272727 0.42650486545454547 0.4116191054545455 0.42240887818181816 0.42322187454545457 0.4185729418181818 0.4261130254545455 0.4257859490909091 0.4423485963636364
39 0.5420435454545455 0.4314107090909091 0.5262551527272727 0.4223142618181818 0.5150073963636363 0.4222760927272727 0.49547802727272733 0.42884023454545456 0.49313936181818185 0.44105592545454547 0.4960114290909091 0.45051574 0.5223428781818182 0.44770092727272726 0.5420435454545455 0.4314107090909091
39 0.4220733709090909 0.4700177836363636 0.4314138127272727 0.46383394909090914 0.4409379709090909 0.47143400545454545 0.45508442909090907 0.4617630381818182 0.44838708 0.4475267909090909 0.4147875909090909 0.44126638727272727 0.41061882909090913 0.44035333272727273 0.41027002363636367 0.4480504981818182 0.4087070709090909 0.45355389272727276 0.41324770727272725 0.4626121709090909 0.4101990127272727 0.4667122218181819 0.4220733709090909 0.4700177836363636
39 0.4594573290909091 0.4455360509090909 0.4671522709090909 0.4555961381818182 0.4961223709090909 0.4517838072727273 0.48535654727272726 0.44557015636363634 0.4683211636363636 0.44169390545454545 0.4594573290909091 0.4455360509090909
33 0.19656260181818183 0.5446917345454545 0.2003603690909091 0.5530483399999999 0.22221863090909091 0.5575248654545454 0.23973062363636363 0.5590594218181818 0.24902136363636362 0.556202149090909 0.24836103818181818 0.5447599472727273 0.2322620090909091 0.5321129072727273 0.19656260181818183 0.5446917345454545
53 0.23335272545454544 0.7042615181818183 0.20501455272727273 0.707507450909091 0.19854617636363636 0.7231511018181819 0.22118635454545454 0.7326703163636364 0.24951387454545454 0.7370919636363636 0.2611761181818182 0.7146050327272727 0.23335272545454544 0.7042615181818183
53 0.5252274 0.38330427272727274 0.5223065109090909 0.39275979454545457 0.5011804654545454 0.3966525236363636 0.5062811363636364 0.40821735454545455 0.53190256 0.39728690363636365 0.5341577981818182 0.3802229672727273 0.5252274 0.38330427272727274
57 0.50286032 0.3927635018181818 0.5012301672727273 0.39332596 0.5014964272727273 0.39636932545454545 0.5219017945454546 0.3920285381818182 0.5236221981818182 0.38676692363636367 0.5224221472727273 0.3860139781818182 0.5240523 0.38545152 0.5177321527272727 0.3755267072727273 0.5167007781818181 0.37663916 0.5158529036363636 0.37546751090909086 0.5026981618181818 0.3750531254545455 0.49858531272727274 0.3825684927272727 0.5074184127272727 0.38665124 0.5022615436363637 0.3922135072727273 0.50286032 0.3927635018181818
33 0.1607842509090909 0.4356333109090909 0.14427606 0.44167758 0.12947548727272726 0.45166133090909094 0.13966441454545453 0.45128102545454546 0.14745255454545456 0.4429330036363637 0.17008652727272727 0.44069723272727274 0.1607842509090909 0.4356333109090909
57 0.7139993563636363 0.56637728 0.6950850545454546 0.5682876218181818 0.6943874436363636 0.5836819509090909 0.7178255218181818 0.5867424854545454 0.72694408 0.5780225109090908 0.7229191036363636 0.5709635581818182 0.7139993563636363 0.56637728
57 0.10788869818181818 0.7384936981818182 0.11378105818181819 0.7318448636363637 0.10083100909090909 0.7240334236363637 0.09050362727272727 0.7267258363636363 0.10788869818181818 0.7384936981818182