7 0.8902080381818182 0.07151427272727273 0.8903432745454546 0.06893383454545454 0.8905461254545455 0.06506317818181818 0.8893009854545455 0.06413541272727272 0.8873135727272727 0.05885620727272727 0.8801202036363636 0.05416667636363636 0.87175632 0.05329708909090909 0.8421178327272727 0.06338766727272727 0.8395444018181818 0.06929035818181818 0.8371878345454545 0.08339824545454545 0.8382301254545454 0.08819666545454546 0.8414852181818182 0.09397356363636364 0.8501040400000001 0.09615027272727272 0.8545972672727273 0.09681700727272727 0.8608385036363637 0.09498782545454545 0.8680474018181817 0.09320935818181818 0.8829455345454545 0.08665881272727272 0.8846935418181818 0.08416289818181819 0.8865542472727272 0.07951661636363636 0.8879120836363636 0.07829401454545455 0.8901248890909091 0.07927249272727273 0.8921278345454545 0.07808369818181818 0.89161796 0.07546945272727272 0.8902080381818182 0.07151427272727273
7 0.547509009090909 0.1859492309090909 0.5444257018181818 0.18923767454545454 0.5446355618181818 0.19140494363636362 0.5435101218181818 0.19436474181818184 0.5436974436363636 0.19696208363636364 0.5462328018181818 0.19795746363636363 0.5492034127272727 0.19681938545454547 0.551761310909091 0.19738469454545454 0.5559545236363637 0.1976044509090909 0.558992750909091 0.1951761509090909 0.5610182363636363 0.19355728545454545 0.5652044418181817 0.18773911636363635 0.5693906472727273 0.18192094545454546 0.5706738600000001 0.17595063636363636 0.568641369090909 0.17153157636363636 0.5655285163636363 0.16921216727272728 0.5609451327272726 0.17026572545454544 0.5558138018181819 0.1756031090909091 0.5519050727272727 0.1822983290909091 0.547509009090909 0.1859492309090909
6 0.8886556145454545 0.3418293218181818 0.8902163036363636 0.33673606363636366 0.8877260218181817 0.33488053636363635 0.8854751454545454 0.3408001327272728 0.8886556145454545 0.3418293218181818
6 0.8128062018181818 0.29559130727272726 0.8114258254545454 0.29724398181818185 0.8132709981818182 0.2990657 0.8193023745454545 0.2950692490909091 0.8181023127272727 0.2932813381818182 0.8128062018181818 0.29559130727272726
6 0.8301199890909091 0.2861485818181818 0.8300749109090909 0.28700872909090913 0.8351907072727273 0.2881393436363636 0.8385064127272727 0.2865880963636364 0.8385965690909091 0.2848678036363636 0.8301199890909091 0.2861485818181818
6 0.8094764854545454 0.28506670181818183 0.8071665163636363 0.27977059090909095 0.8045860763636363 0.27963535636363634 0.8068509672727273 0.28579161454545454 0.8094764854545454 0.28506670181818183
6 0.8350134345454545 0.25449222363636365 0.8419744036363636 0.25744455818181816 0.8434449381818182 0.2540715927272727 0.8396193581818181 0.2530085927272728 0.8363938109090909 0.2528395490909091 0.8350134345454545 0.25449222363636365
6 0.833740269090909 0.22941275272727274 0.8434169109090909 0.22991988363636362 0.8435521454545455 0.22733944727272729 0.8351206436363636 0.2277600781818182 0.833740269090909 0.22941275272727274
6 0.7798355527272728 0.23348779636363634 0.7883121327272726 0.2322070181818182 0.7884022890909091 0.23048672545454543 0.7805708181818182 0.23180131272727272 0.7798355527272728 0.23348779636363634
6 0.8647987218181818 0.19222757636363635 0.8591279727272727 0.18934286 0.8577475963636363 0.19099553272727274 0.8634634254545455 0.19302010545454545 0.8647987218181818 0.19222757636363635
6 0.7147976727272727 0.25250452545454544 0.7150681418181819 0.24734364909090908 0.7117975163636363 0.24803475090909094 0.7108368581818182 0.2540219636363636 0.7147976727272727 0.25250452545454544
6 0.7006192763636363 0.2638365854545454 0.7084958254545455 0.2616618527272727 0.7085859818181818 0.25994156 0.6963289018181817 0.2592991945454545 0.6961936672727272 0.2618796309090909 0.7006192763636363 0.2638365854545454
6 0.6223076054545454 0.2398947490909091 0.6299587636363637 0.2420207472727273 0.6307841890909092 0.23861397090909092 0.6230428745454546 0.23820826545454546 0.6223076054545454 0.2398947490909091
6 0.567746809090909 0.19477242363636363 0.5673721672727272 0.1895777381818182 0.5647015745454546 0.19116279454545454 0.5651212927272727 0.19549733454545454 0.567746809090909 0.19477242363636363
6 0.6634203836363637 0.17132368181818183 0.6603300709090909 0.16857420181818183 0.6583496636363636 0.16933292 0.6620400072727273 0.17297635818181817 0.6634203836363637 0.17132368181818183
6 0.4995704981818182 0.24898752363636364 0.5067117800000001 0.24849927272727274 0.5074921254545455 0.24595264363636365 0.4997508127272728 0.24554694 0.4995704981818182 0.24898752363636364
6 0.49645216000000003 0.22208633454545457 0.5024835381818182 0.21808988363636364 0.5006383654545455 0.21626816545454544 0.4952971763636364 0.21943827818181819 0.49645216000000003 0.22208633454545457
6 0.6549176290909091 0.3088794290909091 0.6518723963636364 0.3052698018181818 0.6498919872727272 0.3060285218181818 0.6528921436363637 0.3104982963636364 0.6549176290909091 0.3088794290909091
6 0.65044694 0.30778262181818183 0.6468467527272728 0.3024188945454545 0.6448212690909091 0.30403776 0.6477763472727273 0.30936768 0.65044694 0.30778262181818183
6 0.5230728418181818 0.3312950254545455 0.52947886 0.3324932581818182 0.5295690163636364 0.33077296727272726 0.52440814 0.3305024963636364 0.5230728418181818 0.3312950254545455
6 0.4562428018181818 0.43388115454545456 0.4518171927272727 0.4319242018181818 0.44979170727272727 0.4335430672727273 0.4560174090909091 0.4381818836363636 0.4562428018181818 0.43388115454545456
6 0.1514776 0.46017200181818185 0.16086976 0.4537641563636364 0.16031480727272726 0.4520100563636364 0.15032261454545454 0.45752394727272727 0.1514776 0.46017200181818185
6 0.11551049818181819 0.7144520654545455 0.11214971454545455 0.71686346 0.11445968363636363 0.7221595709090909 0.11091858727272727 0.728011550909091 0.11736968363636363 0.7283496381818182 0.12026566909090909 0.7224638509090909 0.11551049818181819 0.7144520654545455
6 0.09586969090909091 0.7436105309090909 0.08388308 0.7378072890909091 0.08232238909090908 0.7429005472727273 0.09232859454545454 0.7494625109090909 0.09586969090909091 0.7436105309090909
6 0.1964336709090909 0.7255931363636364 0.2014453 0.7163681927272727 0.1982197509090909 0.7161991490909091 0.19131787454545454 0.7244625218181818 0.1964336709090909 0.7255931363636364
6 0.6735265272727273 0.4228432927272727 0.6820932654545454 0.41984222 0.6829186890909091 0.4164354454545454 0.6723715436363636 0.42019523636363637 0.6735265272727273 0.4228432927272727
6 0.8838352709090909 0.3967772418181818 0.8751192872727273 0.3902828963636364 0.8730938018181819 0.39190176363636364 0.882964770909091 0.40104416363636364 0.8838352709090909 0.3967772418181818
6 0.42912877272727273 0.8525017981818181 0.4330445090909091 0.8518445054545455 0.43451504 0.84847154 0.4274499036363636 0.8351636436363636 0.42395388545454543 0.8401554763636363 0.42912877272727273 0.8525017981818181
6 0.801632189090909 0.07679105636363637 0.79591636 0.07476648545454545 0.7939359527272728 0.07552520545454545 0.8008969218181818 0.07847753818181818 0.801632189090909 0.07679105636363637