20 0.46046284363636364 0.30779134545454545 0.4599372981818182 0.29980223272727274 0.4157677909090909 0.2586882290909091 0.41286905636363636 0.2533176709090909 0.41140022363636364 0.2612719709090909 0.40326799636363636 0.26999662181818185 0.3947646927272727 0.28093144363636363 0.3939374436363636 0.2902269327272727 0.39916295090909093 0.2956381036363636 0.44722863272727276 0.3230768890909091 0.45560042545454543 0.31967638000000004 0.46046284363636364 0.30779134545454545
20 0.2971544945454545 0.4060200109090909 0.2708709818181818 0.48314397090909084 0.28068016 0.5116883054545455 0.2853337072727273 0.5117695327272728 0.29341178363636367 0.5061472472727273 0.3085937036363636 0.5126188690909091 0.31843407636363635 0.5203272418181818 0.34129306000000004 0.4489067963636364 0.34664259454545454 0.42816366727272726 0.3427314509090909 0.40459891090909095 0.3346920545454546 0.40800522181818183 0.3272091472727273 0.41762786727272727 0.3280363945454545 0.40833237818181817 0.33183973636363634 0.3999754963636364 0.32695436181818177 0.3941269327272727 0.31321008 0.4005369745454545 0.3065928490909091 0.41771133818181816 0.2971544945454545 0.4060200109090909
4 0.44060266000000003 0.41694717818181815 0.44306868 0.40901028363636366 0.4292472890909091 0.4007890927272727 0.44060266000000003 0.41694717818181815
4 0.4103388836363636 0.4363687690909091 0.41014523090909094 0.46651182545454545 0.4287516818181818 0.4672799309090909 0.42558244 0.4583580127272727 0.4103388836363636 0.4363687690909091
4 0.16935863818181818 0.4889086745454545 0.17745193454545455 0.5014631818181818 0.18718425454545454 0.49631309999999995 0.19751948 0.4947201836363636 0.20548925272727273 0.49530262545454545 0.2111557109090909 0.47545168727272724 0.21147288727272726 0.45728069636363633 0.20744570363636364 0.44036386363636365 0.19873378 0.44420176727272725 0.18153427454545454 0.4390249181818182 0.17908372545454546 0.4460754218181818 0.1748628909090909 0.45930164545454544 0.17077356909090907 0.46499355454545455 0.16571026727272728 0.4693384745454546 0.16935863818181818 0.4889086745454545
4 0.05553140727272727 0.5525346418181818 0.05962072909090909 0.5468427327272728 0.04357313272727273 0.5328193927272726 0.03377892181818182 0.5415150345454545 0.027811263636363638 0.5405242072727273 0.02233046909090909 0.5497384690909091 0.03005268909090909 0.5645031490909092 0.03670061272727273 0.564619189090909 0.04300066909090909 0.5656158163636364 0.051148369090909085 0.5560047763636363 0.05553140727272727 0.5525346418181818
4 0.2040611127272727 0.3485354890909091 0.20116212727272725 0.3622281145454545 0.21015229636363636 0.36149838 0.21394790363636362 0.35358469454545455 0.2040611127272727 0.3485354890909091
4 0.3220694927272727 0.3501520036363637 0.3131412109090909 0.34733618 0.3136590181818182 0.35576848727272725 0.3212422436363636 0.3594474927272727 0.3220694927272727 0.3501520036363637
4 0.35452230181818184 0.2243694381818182 0.34856986363636366 0.24155540727272726 0.3452843290909091 0.25834459454545455 0.3484690436363636 0.26638012181818177 0.36103047454545456 0.2705893527272727 0.3589435181818182 0.2568096963636363 0.3586884818181818 0.2523719454545455 0.36235282545454545 0.2329293890909091 0.35452230181818184 0.2243694381818182
4 0.39549036545454547 0.35365022 0.37853816 0.35335431818181817 0.3836398927272727 0.3658566072727273 0.39549036545454547 0.35365022
4 0.35945132545454545 0.4372538436363636 0.37363605636363634 0.44370805636363636 0.37870709454545454 0.4389199436363636 0.35827646 0.42836673636363637 0.35945132545454545 0.4372538436363636
4 0.28633963818181823 0.43509101454545457 0.2793593181818182 0.43496917272727276 0.2672151272727273 0.44495378181818185 0.2749992363636364 0.45617290363636365 0.2813147654545454 0.4562831418181818 0.28633963818181823 0.43509101454545457
4 0.4033882509090909 0.52979006 0.40893841636363637 0.5356502272727273 0.41634421636363633 0.5113963509090909 0.40477997454545456 0.5072045272727272 0.4012007254545455 0.5217719381818181 0.4033882509090909 0.52979006
4 0.44383101999999997 0.6320185472727273 0.4529369781818182 0.643704069090909 0.47050756 0.6466707454545454 0.47489059636363634 0.6432006127272727 0.49310276181818186 0.6475084763636364 0.4999595581818182 0.6356582545454545 0.47824575454545454 0.6224226690909092 0.46689013272727276 0.6253277672727273 0.44383101999999997 0.6320185472727273
4 0.6186479490909091 0.6554631654545455 0.62352584 0.64269174 0.6110262963636364 0.634936950909091 0.6071301236363636 0.648612170909091 0.6137625745454546 0.6496146018181818 0.6186479490909091 0.6554631654545455
4 0.32176502 0.5771316145454546 0.31154583454545454 0.5720766072727272 0.31037046545454544 0.6013158690909091 0.31435098181818183 0.6399550527272727 0.31871854727272725 0.6373713090909091 0.32215106363636364 0.6121614181818182 0.32505778545454544 0.5980255963636364 0.3319223163636364 0.5857321799999999 0.32176502 0.5771316145454546
4 0.27700808 0.5315740563636363 0.2595303290909091 0.5232890418181818 0.24707695090909093 0.5319382672727273 0.24335845272727272 0.5544831854545454 0.24738563636363634 0.5714000181818182 0.2556027090909091 0.5768634072727273 0.26721336727272726 0.5783960618181818 0.27758727272727274 0.5745871690909091 0.28807721818181814 0.5641303545454546 0.29171036727272726 0.56552376 0.2995488781818182 0.5545773345454545 0.29126991999999996 0.5526595036363636 0.29235994 0.5473585727272727 0.3000824109090909 0.5430600672727273 0.29310209090909095 0.5429382254545454 0.2915561509090909 0.5362612927272727 0.2849004927272727 0.5365884490909091 0.27700808 0.5315740563636363
4 0.3292000018181818 0.6845472363636365 0.3324079236363636 0.69125318 0.34041637636363636 0.689619649090909 0.3459356 0.6972525945454545 0.35099116545454545 0.693350870909091 0.3512387181818182 0.6791686345454546 0.3392879272727273 0.6780733727272727 0.3292000018181818 0.6845472363636365
4 0.3637792036363636 0.5131388036363637 0.3473295872727273 0.5030984163636364 0.3417791690909091 0.5163014327272727 0.33806092363636364 0.5197831709090909 0.33241792363636363 0.51924134 0.3292406945454545 0.5298258 0.34460827818181816 0.5256607436363636 0.3541936163636364 0.5289313654545456 0.3749491636363636 0.5208703854545454 0.3637792036363636 0.5131388036363637
4 0.2743558909090909 0.5882739945454546 0.27331977090909093 0.6095357454545455 0.27797331636363637 0.6096169727272727 0.28402632363636365 0.5866694727272727 0.2743558909090909 0.5882739945454546
4 0.22675411636363638 0.5533066963636364 0.2222550381818182 0.5634247527272728 0.22843905454545455 0.5710693054545455 0.2393230309090909 0.5761359145454545 0.24318826181818182 0.5642334745454546 0.2425082490909091 0.5460450763636364 0.24638121454545456 0.5336994418181819 0.24215289818181815 0.5283056763636363 0.23616202909090908 0.5286444345454545 0.2366953109090909 0.5361903527272728 0.23270655636363638 0.5361207290909091 0.23126093090909092 0.5427454454545455 0.2258729690909091 0.5466413672727273 0.22675411636363638 0.5533066963636364
4 0.23146080909090908 0.6265382927272728 0.22363802181818182 0.6175351454545455 0.21865207636363634 0.6174481145454546 0.21383607636363636 0.62667398 0.22044532 0.6290059945454546 0.23146080909090908 0.6265382927272728
4 0.24592378363636364 0.636100670909091 0.25978410727272727 0.6230427072727273 0.2522318290909091 0.6175909218181818 0.24362047090909095 0.6156672890909091 0.24402997636363635 0.6303043254545454 0.24592378363636364 0.636100670909091
4 0.2516438927272727 0.6512737345454546 0.25455036000000003 0.6562010963636363 0.2577275909090909 0.6456166363636364 0.26000046545454547 0.6296964327272727 0.2567306545454546 0.6265360472727273 0.25302014363636366 0.629574590909091 0.2516438927272727 0.6512737345454546
4 0.23975498909090906 0.6466329127272727 0.22797414000000002 0.6548505454545455 0.23316870363636363 0.6620344981818181 0.23975498909090906 0.6466329127272727
4 0.44176003999999996 0.5792261345454545 0.4344627945454545 0.5782121018181818 0.42912124727272727 0.5794488545454545 0.4319039418181818 0.5914673345454545 0.4376010927272727 0.5889067981818181 0.44176003999999996 0.5792261345454545
4 0.30618831090909093 0.6123261163636363 0.29893723272727274 0.6277160963636363 0.3048971545454545 0.6291501181818181 0.3108031781818182 0.61462332 0.3079740690909091 0.605264009090909 0.2951496145454546 0.6161234054545454 0.29773916 0.6201585745454545 0.30618831090909093 0.6123261163636363
4 0.4454206090909091 0.84573132 0.44593068181818185 0.8546068236363636 0.4505842290909091 0.8546880509090908 0.45831443636363633 0.8499463527272727 0.46382617454545455 0.8389593127272728 0.45518387454545456 0.83880846 0.4495254036363636 0.8391530199999999 0.4454206090909091 0.84573132
4 0.27097727272727273 0.6294447036363636 0.28373210363636364 0.6225740599999999 0.2838172 0.6176989163636364 0.27911723818181816 0.6202768581818181 0.27097727272727273 0.6294447036363636
4 0.2652107509090909 0.616930809090909 0.26054173090909094 0.6177359727272728 0.26428293454545454 0.6319878327272727 0.2652107509090909 0.616930809090909
4 0.3320518163636364 0.7307033272727272 0.32466174 0.7350076327272727 0.3159962309090909 0.7361863654545454 0.3188949654545455 0.7415569218181819 0.3349582854545455 0.735630690909091 0.3320518163636364 0.7307033272727272
4 0.2820389272727273 0.6433810127272728 0.28642970181818184 0.6394676836363636 0.2771690254545454 0.6366460581818182 0.2743783436363636 0.6441339563636364 0.28157502 0.6509095254545455 0.2820389272727273 0.6433810127272728
4 0.34471633090909093 0.5385191963636364 0.33916616363636365 0.5326590290909091 0.33637548181818183 0.5401469272727273 0.34471633090909093 0.5385191963636364
4 0.3607554363636364 0.61017528 0.3609795290909091 0.6163858090909091 0.36790569636363635 0.6196100181818182 0.36611245454545455 0.6080521363636363 0.3607554363636364 0.61017528
4 0.2938492127272727 0.7477696963636363 0.2974127381818182 0.7531518581818182 0.30826602363636363 0.7409280636363635 0.2938492127272727 0.7477696963636363
4 0.19538207999999999 0.78861062 0.19559868909090908 0.7762011618181818 0.18978575090909092 0.7663464381818182 0.1909296709090909 0.7770063254545454 0.18809257454545456 0.787153390909091 0.19538207999999999 0.78861062
4 0.09539246909090908 0.8023818436363637 0.09774993454545455 0.8197128581818182 0.10210202727272727 0.8180155054545455 0.10169252363636364 0.803378469090909 0.09539246909090908 0.8023818436363637
4 0.3038111618181818 0.32944012727272726 0.30088922 0.32539915454545454 0.29472042545454546 0.3359313963636364 0.3054035181818182 0.3334578909090909 0.3038111618181818 0.32944012727272726
4 0.3011479654545455 0.6344046327272728 0.29054996727272725 0.6320029963636364 0.28816130727272726 0.63550794 0.2990452836363636 0.640574550909091 0.3011479654545455 0.6344046327272728
4 0.3076953218181818 0.6402822072727272 0.30357505636363635 0.6477468963636364 0.3047886 0.6544180272727272 0.3092335272727273 0.6474023363636363 0.3076953218181818 0.6402822072727272
4 0.30199716363636364 0.7190954745454546 0.29882018727272724 0.7106167509090908 0.29558905636363636 0.7052403927272728 0.29481596 0.7114335163636364 0.30025782181818184 0.7234984127272728 0.30199716363636364 0.7190954745454546
4 0.2831431618181818 0.7325096036363636 0.29121350181818184 0.7273305127272728 0.28732531636363634 0.7214993563636363 0.2831431618181818 0.7325096036363636
4 0.2836727327272727 0.4354877927272727 0.2867880745454545 0.42844889272727277 0.28287668 0.42394732 0.27244862363636363 0.4308585763636364 0.2836727327272727 0.4354877927272727
4 0.2672455690909091 0.4813073672727272 0.2644009872727273 0.4728344472727273 0.25931447636363636 0.47850895090909085 0.2672455690909091 0.4813073672727272
4 0.6483110854545455 0.46091576545454543 0.6665000436363636 0.4665532145454545 0.6775232690909091 0.4636423163636364 0.6760160072727273 0.4547494072727273 0.6676828963636364 0.4559339418181818 0.65415522 0.44993452727272726 0.6483110854545455 0.46091576545454543
4 0.24566522545454544 0.8985474800000001 0.23894767818181817 0.9024201927272727 0.25015631454545456 0.9079357981818181 0.25913101272727274 0.9080924527272728 0.24566522545454544 0.8985474800000001
4 0.08157183090909091 0.7369711018181818 0.09167497636363636 0.7486740309090909 0.09640588545454545 0.7443233109090909 0.09161334 0.7331564072727272 0.08499636181818182 0.7312675890909092 0.08157183090909091 0.7369711018181818
4 0.32086368363636364 0.3430376781818182 0.3204307181818182 0.3487934090909091 0.32979970000000003 0.3454103054545455 0.32086368363636364 0.3430376781818182
4 0.04288940909090909 0.21006326909090908 0.03363646909090909 0.20679844727272728 0.03202838727272727 0.2227302563636364 0.04288940909090909 0.21006326909090908
4 0.01726396181818182 0.21138929454545455 0.028325614545454545 0.22532560363636361 0.03159567636363636 0.20942280545454545 0.01726396181818182 0.21138929454545455
4 0.024615356363636366 0.20930096363636363 0.032662489090909096 0.20545145636363635 0.03880033818181818 0.19669199454545455 0.03328885272727273 0.18861585272727274 0.0248397 0.1964483109090909 0.015362414545454544 0.20603614363636363 0.024615356363636366 0.20930096363636363
4 0.01428038181818182 0.19183069636363637 0.005363305454545455 0.18837300545454547 0.0052267781818181825 0.19619463272727272 0.009858663636363637 0.19751680545454545 0.01428038181818182 0.19183069636363637
4 0.35400964727272727 0.9966412327272728 0.3594440272727273 0.99008614 0.35453544363636363 0.9855671618181819 0.34944893454545456 0.9912416654545454 0.3374749345454545 0.9914759890909091 0.33939195272727274 0.9959427509090909 0.35400964727272727 0.9966412327272728