12 0.5408860545454545 0.4338447818181818 0.5451978163636363 0.4400313018181818 0.5473666763636363 0.44287688545454545 0.54826652 0.44466253818181817 0.5539713690909092 0.4432230236363636 0.5617095472727273 0.44089664545454543 0.5673754581818182 0.4402001581818182 0.5661900509090909 0.4438633763636364 0.5684367927272728 0.4452229036363637 0.5680676163636363 0.44594862727272727 0.5706445945454546 0.44732545999999995 0.5716352981818181 0.44737738 0.5732085890909091 0.4489499727272727 0.5758115272727273 0.44983145454545453 0.5794830472727273 0.4492788018181818 0.5831805309090909 0.44823079818181816 0.5851489563636364 0.44858231454545455 0.588134049090909 0.4484904 0.5898501236363637 0.4473385545454545 0.5912619236363637 0.4456740490909091 0.5930039563636363 0.4440268527272727 0.5941244618181819 0.44160201454545456 0.5935418745454546 0.44008134363636364 0.59194262 0.43900410727272726 0.5903174090909091 0.43842222 0.5910168181818182 0.43771380545454547 0.59467536 0.4374088290909091 0.59475324 0.4359227727272727 0.5959516272727272 0.4320118781818182 0.5961333490909091 0.42854441454545456 0.5959848345454545 0.4250596436363636 0.5951888327272727 0.4212925836363637 0.5932276563636364 0.41448418363636363 0.5917711854545454 0.4106825090909091 0.5911626363636364 0.4096571927272727 0.5889101636363637 0.40208845818181815 0.58511036 0.3924517836363636 0.5833236545454545 0.38863280181818183 0.5821325163636364 0.38608681272727274 0.57952958 0.3852053309090909 0.5770175054545454 0.3825901163636364 0.5744405272727273 0.3812132818181818 0.5711771218181818 0.38029718545454544 0.5655631327272728 0.3800029690909091 0.5622478072727273 0.38007757636363637 0.5595150672727273 0.38167285272727275 0.5558435472727273 0.3822255054545455 0.5488437199999999 0.3831004418181818 0.5454894527272728 0.3839180763636364 0.5431518490909091 0.38429228 0.5424783999999999 0.3845053418181818 0.5408272254545454 0.3844188090909091 0.5378161745454546 0.38500607454545455 0.5351223763636365 0.38585832363636363 0.5324285799999999 0.3867105727272727 0.5293915672727273 0.3877931909090909 0.5256681236363636 0.38933654727272726 0.5261598527272727 0.39259094727272725 0.5263083636363637 0.3960757181818182 0.5277518563636364 0.4001250690909091 0.5288261709090909 0.40490014 0.5316612327272727 0.41398954363636364 0.5339656254545454 0.4205675727272727 0.5366262127272727 0.42666756 0.5408860545454545 0.4338447818181818
45 0.5841712327272727 0.4482827181818182 0.5858094272727272 0.44861692909090906 0.588134049090909 0.4484904 0.5895069072727273 0.44756892363636364 0.5908927490909092 0.4463997709090909 0.5923045472727272 0.4447352672727273 0.5937423072727273 0.4425754109090909 0.5941374418181818 0.4413543381818182 0.5935418745454546 0.44008134363636364 0.5925901109090909 0.43928639454545454 0.5909648963636364 0.4387045090909091 0.5896569381818182 0.4383876054545454 0.5873452963636364 0.43826645818181814 0.5856422018181818 0.43917062727272727 0.5842174236363636 0.44108280727272725 0.5824624090909091 0.4429776818181818 0.5813808436363636 0.44465949272727273 0.5816331981818181 0.4461628545454545 0.5828762545454546 0.44771814 0.5841712327272727 0.4482827181818182
57 0.37840792 0.3937884218181818 0.37944329454545456 0.3993065218181818 0.37976628 0.4057807109090909 0.37940283636363636 0.4127156381818182 0.37930472545454547 0.4209062509090909 0.37838465454545456 0.42582515818181815 0.38445867818181817 0.42365992 0.3854234218181818 0.4242071945454545 0.38642710545454545 0.4240114381818182 0.38831192363636363 0.4196398054545455 0.38850662545454545 0.4159246654545455 0.3891354036363636 0.4102454236363636 0.3910851181818182 0.4046354109090909 0.39290503454545456 0.40150215818181817 0.3946600490909091 0.39960728545454544 0.39378616727272725 0.39732628181818186 0.3963314509090909 0.39298926 0.39750387818181815 0.3895737181818182 0.39631274 0.38702773090909093 0.39645552 0.3843032945454546 0.3965983018181818 0.38157885999999996 0.39407324727272725 0.37921132 0.39623637818181817 0.3758476981818182 0.38998788 0.37502351636363634 0.38890631454545455 0.37670532727272726 0.3861735781818182 0.37830060363636364 0.3817377454545455 0.3808000509090909 0.3786358309090909 0.3831210472727273 0.3755468981818182 0.38519437090909087 0.3770033709090909 0.38899604545454547 0.37840792 0.3937884218181818
6 0.9117336254545454 0.7187728981818181 0.9174816272727273 0.7354656490909091 0.9254591799999999 0.734890309090909 0.9197111781818181 0.7181975581818182 0.9117336254545454 0.7187728981818181
6 0.8960347890909092 0.3106459272727273 0.8939380781818183 0.3001050818181818 0.8886024018181817 0.30081887636363636 0.8914115054545454 0.3104036309090909 0.8960347890909092 0.3106459272727273
6 0.8766933836363636 0.36377394545454544 0.8804110963636365 0.3560213836363636 0.8751533036363637 0.3552491236363637 0.8707751218181818 0.3629670709090909 0.8766933836363636 0.36377394545454544
6 0.8908356727272727 0.14447148909090907 0.903358629090909 0.1456245 0.9034624709090909 0.14364309272727274 0.8909395145454545 0.14249008000000002 0.8908356727272727 0.14447148909090907
6 0.8794893563636365 0.15877822545454545 0.8811477781818182 0.15240787818181817 0.8772109236363637 0.15170484363636363 0.8755005800000001 0.15906589636363636 0.8794893563636365 0.15877822545454545
6 0.8866621381818182 0.17355879818181819 0.8926063618181818 0.17387032181818182 0.8934225945454546 0.17093282363636364 0.8848624527272727 0.16998749272727273 0.8866621381818182 0.17355879818181819
6 0.8692532581818182 0.20244918545454546 0.8683476854545454 0.19445432727272727 0.8636724781818181 0.19520273454545453 0.8646040127272728 0.2027022418181818 0.8692532581818182 0.20244918545454546
6 0.9090425654545454 0.2646366636363636 0.9077475854545455 0.2640720854545454 0.9069832763636364 0.2660188781818182 0.9159962018181819 0.2709616381818182 0.9181074127272727 0.26858872 0.9090425654545454 0.2646366636363636
6 0.7937665781818182 0.1895522709090909 0.80811518 0.19378123636363637 0.80956592 0.19137370545454546 0.7945308890909091 0.18760547636363636 0.7937665781818182 0.1895522709090909
6 0.8104920654545456 0.13579044363636364 0.8212153345454545 0.13337215454545456 0.8206846672727273 0.13086077818181818 0.8086144981818182 0.13370519636363637 0.8104920654545456 0.13579044363636364
6 0.7652197472727272 0.11503946181818182 0.7574239181818181 0.11214733818181818 0.7553646290909091 0.11352955090909092 0.7644294745454546 0.11748160909090909 0.7652197472727272 0.11503946181818182
6 0.7076581145454546 0.08867729818181819 0.7062852563636364 0.08959877636363636 0.7081887836363636 0.09118867272727273 0.7207377 0.09184633272727273 0.7208415418181818 0.08986492545454546 0.7076581145454546 0.08867729818181819
6 0.74928218 0.07794419999999999 0.7572078090909091 0.07835956363636364 0.7579461581818182 0.07690812000000001 0.74941198 0.07546743818181818 0.74928218 0.07794419999999999
6 0.7229183654545455 0.05023676909090909 0.7313746636363636 0.05316350727272727 0.7334339527272727 0.05178129272727273 0.7250036145454545 0.04835920363636364 0.7229183654545455 0.05023676909090909
6 0.7173200509090909 0.08123625818181818 0.7086301090909091 0.08276768909090909 0.7098212454545454 0.08531367636363636 0.7205445163636364 0.08289538363636363 0.719987889090909 0.08087936181818182 0.7173200509090909 0.08123625818181818
6 0.7215829272727273 0.06308130545454546 0.7293787563636364 0.06597343090909091 0.7327589854545454 0.06466044181818181 0.7250410363636363 0.06028226363636364 0.7215829272727273 0.06308130545454546
6 0.7116903872727273 0.049648334545454545 0.7161579109090909 0.05286274363636363 0.7208590763636363 0.051618983636363636 0.7163655927272727 0.048899927272727274 0.7116903872727273 0.049648334545454545
6 0.6256904709090909 0.12362184181818182 0.6217536163636364 0.12291880727272728 0.6173754363636363 0.13063675636363636 0.6193308836363636 0.1312359490909091 0.6227111109090909 0.1299229618181818 0.6256904709090909 0.12362184181818182
6 0.6398863472727273 0.10549074181818181 0.6317789945454546 0.10854284181818181 0.6336565618181818 0.11062809090909091 0.6430848545454545 0.10764521818181819 0.6431886945454546 0.10566381090909091 0.6398863472727273 0.10549074181818181
6 0.6345392109090908 0.09378612363636364 0.6419601345454545 0.09119476181818183 0.6407430363636363 0.08914412727272726 0.6313666672727273 0.09113629636363636 0.6345392109090908 0.09378612363636364
6 0.5806892181818182 0.11033575090909091 0.5737730018181818 0.11593383636363637 0.5776838963636364 0.11713222363636365 0.5832272527272727 0.11245561454545455 0.5833051345454545 0.11096955818181818 0.5806892181818182 0.11033575090909091
6 0.5259161163636364 0.15713646181818183 0.5226656890909092 0.1559726890909091 0.5219533018181819 0.15692878 0.52756004 0.16367987818181817 0.5309143072727273 0.16286224363636365 0.5259161163636364 0.15713646181818183
6 0.46787672 0.4431814054545455 0.46256700727272726 0.44339984727272724 0.4630717145454546 0.44640657272727274 0.4717211981818182 0.4582842618181818 0.4764223636363637 0.4570405 0.46787672 0.4431814054545455
6 0.3741190818181818 0.41243872727272723 0.37799255454545455 0.40171405272727273 0.3720483327272727 0.40140252909090907 0.36685392 0.4120579763636364 0.3741190818181818 0.41243872727272723
6 0.5267997509090909 0.45620368 0.5390111818181818 0.46330091636363635 0.542625050909091 0.45752976181818183 0.5295973890909091 0.45337002363636364 0.5267997509090909 0.45620368
6 0.4455650654545455 0.4266140163636364 0.44886741272727276 0.42678708363636364 0.44846654545454545 0.42179895090909086 0.44212145636363637 0.41649929272727276 0.43874122909090907 0.4178122818181818 0.4455650654545455 0.4266140163636364
6 0.43772574 0.46246318363636363 0.44414871272727274 0.4662767836363636 0.4469463509090909 0.46344312909090907 0.4398369509090909 0.46009026545454546 0.43772574 0.46246318363636363
6 0.5589716145454545 0.10770744363636364 0.5593350581818182 0.10077251454545455 0.5560327109090909 0.10059944727272727 0.5563297363636364 0.1075689890909091 0.5589716145454545 0.10770744363636364
6 0.5639438436363636 0.11392857636363636 0.5561480127272728 0.11103645090909091 0.5540627636363636 0.11291401818181819 0.5618326345454545 0.11630149454545455 0.5639438436363636 0.11392857636363636
6 0.6258088109090909 0.10872666909090908 0.6202135327272726 0.11439398363636363 0.62351588 0.11456705272727273 0.6276604163636363 0.1113072709090909 0.6277902181818182 0.10883050909090909 0.6258088109090909 0.10872666909090908
6 0.9801571381818182 0.23458717272727272 0.9919936636363635 0.23620092363636364 0.9928098963636364 0.23326342545454545 0.980973369090909 0.23164967454545454 0.9801571381818182 0.23458717272727272
6 0.8881924290909091 0.37182727272727273 0.882767409090909 0.3616087109090909 0.8773798145454546 0.3633132090909091 0.8847602781818182 0.37413096545454544 0.8881924290909091 0.37182727272727273
6 0.9322200181818181 0.1888609090909091 0.9291253545454545 0.18472502545454547 0.9264834781818182 0.18458657090909092 0.9301866927272727 0.18974777272727275 0.9322200181818181 0.1888609090909091
6 0.8511579472727272 0.23180031090909092 0.8591874218181819 0.2302342690909091 0.8592653018181818 0.22874821272727272 0.85060132 0.22978429090909092 0.8511579472727272 0.23180031090909092