29 0.2316176618181818 0.2402684836363636 0.2360821927272727 0.23983986909090907 0.21881703636363636 0.2152426309090909 0.21549621454545456 0.2209115490909091 0.2316176618181818 0.2402684836363636
6 0.8972599927272727 0.09538952363636365 0.8915111636363636 0.09759397818181818 0.8870899272727272 0.14571493272727273 0.893444269090909 0.1480588109090909 0.9023916872727272 0.14825331636363634 0.9094304781818181 0.09938530363636364 0.8972599927272727 0.09538952363636365
6 0.9811796418181818 0.56278994 0.9742245327272727 0.4205334181818182 0.9692279254545455 0.42062063454545456 0.9745500836363638 0.5597495 0.9811796418181818 0.56278994
6 0.7657421400000001 0.9400294581818183 0.7770623418181819 0.9254537981818182 0.7868473472727272 0.898280290909091 0.7714048418181818 0.88767862 0.7692216072727273 0.8982372636363636 0.7716375290909091 0.9160800054545454 0.76741762 0.9154522963636363 0.7652097545454546 0.9095291963636364 0.7574367963636364 0.9314073163636365 0.7657421400000001 0.9400294581818183
29 0.2338330218181818 0.9850837909090908 0.23994274 0.9884839909090909 0.24618693272727274 0.9845174690909091 0.2562162563636363 0.926128770909091 0.2432813090909091 0.9235490745454545 0.2338330218181818 0.9850837909090908
29 0.3518468272727273 0.7080871672727272 0.35675776545454546 0.7030918618181817 0.3566292581818182 0.6957297309090908 0.35044014 0.7028514527272728 0.3518468272727273 0.7080871672727272
29 0.528642570909091 0.7242888363636364 0.5290767418181819 0.7190209890909091 0.5250096618181818 0.7120782909090909 0.5228203090909092 0.7222863563636364 0.528642570909091 0.7242888363636364
29 0.5631104672727273 0.6493420745454546 0.5724308618181818 0.6407629563636363 0.5712932727272727 0.635873229090909 0.5630979236363637 0.6184820527272726 0.5504383472727272 0.6316783545454545 0.5631104672727273 0.6493420745454546
29 0.6511045381818182 0.6418444927272727 0.64909234 0.6320604490909091 0.6442364781818182 0.6402109545454545 0.6511045381818182 0.6418444927272727
29 0.7371569381818182 0.9450873145454545 0.73333448 0.9370882909090908 0.72819116 0.9438410745454544 0.7325212181818181 0.9507791854545454 0.7371569381818182 0.9450873145454545
29 0.8844365709090909 0.83766186 0.8819716945454545 0.8170144963636364 0.870137469090909 0.8021416272727272 0.8680885545454545 0.7902541181818182 0.8588842745454546 0.7904147800000001 0.8592638272727272 0.8272300309090909 0.8621934690909091 0.8443624363636364 0.8813358927272728 0.8408721436363636 0.8844365709090909 0.83766186
29 0.2504059272727273 0.29184184545454545 0.2428956381818182 0.28355650727272724 0.2379296272727273 0.28539661272727274 0.24386203818181817 0.29370949272727276 0.2504059272727273 0.29184184545454545
57 0.58282704 0.5732500581818182 0.608275 0.5843784527272727 0.6143112872727273 0.5835717181818182 0.614934849090909 0.5590129163636364 0.6140906854545455 0.5407920545454545 0.6175155363636364 0.5410829581818182 0.6160904909090908 0.5347955109090909 0.5794566490909091 0.5157966218181819 0.5809122927272727 0.5238369581818182 0.6090757181818182 0.5398275381818182 0.6108252418181819 0.5797750381818181 0.58237436 0.5623867381818182 0.5793405327272727 0.5242150781818181 0.5770837163636364 0.5154873563636364 0.5756465854545454 0.5235781872727273 0.5767905981818182 0.5589773563636363 0.5547858472727273 0.5491916 0.5530061836363636 0.5527295090909091 0.58282704 0.5732500581818182
6 0.9057902236363636 0.5690154527272727 0.9083950818181818 0.5223289381818181 0.8999491454545455 0.5207229418181819 0.8933930163636363 0.521889430909091 0.8922190181818181 0.5450551036363637 0.89393152 0.5527402727272728 0.8959559563636363 0.5632254727272726 0.8928919963636364 0.5685392218181818 0.9057902236363636 0.5690154527272727
6 0.8398770909090909 0.8619355127272726 0.84158944 0.8545412472727273 0.8424149418181818 0.841551510909091 0.8040442709090909 0.8285445763636364 0.8022831218181818 0.8482136527272728 0.8398770909090909 0.8619355127272726
6 0.7833926618181819 0.9716336618181818 0.7768486218181818 0.9584218763636363 0.7561772781818181 0.9647443327272727 0.7577614272727272 0.9801468018181818 0.7833926618181819 0.9716336618181818
29 0.27894523454545456 0.5855680254545454 0.2835931909090909 0.5805773109090909 0.27981968909090904 0.5753829090909091 0.2754408290909091 0.5807196109090909 0.27894523454545456 0.5855680254545454