29 0.74509088 0.18163692363636363 0.7412886163636363 0.17627900727272727 0.7262329472727272 0.20228740363636363 0.7307178454545454 0.20232527636363637 0.74509088 0.18163692363636363
6 0.043205534545454546 0.12105347818181819 0.05447666909090909 0.16912206363636362 0.0633730890909091 0.1681484781818182 0.06949896727272727 0.16525970363636364 0.06090053818181819 0.11770719818181817 0.05498145090909091 0.11601217818181818 0.043205534545454546 0.12105347818181819
6 0.01845711272727273 0.5853413981818182 0.011633138181818182 0.44627810181818184 0.006647941818181818 0.4466267018181818 0.012117772727272727 0.5889480727272728 0.01845711272727273 0.5853413981818182
6 0.23495048545454547 0.9062246054545455 0.24706658545454543 0.9324418890909091 0.25961406 0.9459754654545455 0.2671363327272727 0.9366622745454546 0.25748614545454546 0.9155448672727272 0.2558029145454545 0.9216378545454545 0.2516537727272727 0.9226309654545454 0.2525054054545455 0.90464556 0.2494102309090909 0.8943173745454546 0.23495048545454547 0.9062246054545455
29 0.7934258472727272 0.9444994181818183 0.7786504090909091 0.8840223327272727 0.7659895218181818 0.8877195672727273 0.7810695872727274 0.9450119654545455 0.7876357254545455 0.9484191763636364 0.7934258472727272 0.9444994181818183
29 0.6526642872727272 0.67350404 0.64587802 0.6669488345454546 0.6463916563636363 0.6742941527272728 0.6517192745454545 0.6788424309090909 0.6526642872727272 0.67350404
29 0.48263394 0.7078889090909092 0.47956322545454544 0.6979105036363636 0.47611672 0.7051812527272727 0.4770083581818182 0.7103912127272728 0.48263394 0.7078889090909092
29 0.4361395836363636 0.63873372 0.4472239872727273 0.6200327672727273 0.43346245272727274 0.6079900381818182 0.4268140290909091 0.6260293072727273 0.42610693818181816 0.6309995745454545 0.4361395836363636 0.63873372
29 0.35452645454545456 0.6367079436363636 0.34897870363636363 0.6290116709090908 0.34782690000000005 0.63893386 0.35452645454545456 0.6367079436363636
29 0.2936454672727273 0.9537888909090909 0.29735435272727273 0.9464997945454545 0.29164206 0.9402209763636363 0.2885313109090909 0.9485227109090909 0.2936454672727273 0.9537888909090909
29 0.13581804909090908 0.8572701327272728 0.15519182545454543 0.8590787727272727 0.1566171327272727 0.8417562254545454 0.15378657999999998 0.8050479872727272 0.14460332545454546 0.8056901436363636 0.14359827272727274 0.8177109927272727 0.13310533454545453 0.8335586854545454 0.13244937272727272 0.854342309090909 0.13581804909090908 0.8572701327272728
29 0.7231777545454545 0.2566300927272727 0.7283630763636364 0.24783180363636362 0.7232555854545455 0.24643151818181822 0.7164959927272727 0.25533989090909087 0.7231777545454545 0.2566300927272727
57 0.40937034181818177 0.5537882345454546 0.3825432109090909 0.5735900236363637 0.38080442363636363 0.5336420545454545 0.4074670090909091 0.51525772 0.4082163509090909 0.5071211127272727 0.37337777454545457 0.5292405545454546 0.3725061381818182 0.5356282763636364 0.3758926054545455 0.5350399836363636 0.3766397036363636 0.5532650854545454 0.37940133454545455 0.5776760872727273 0.3854849618181818 0.5779536527272727 0.4098661836363636 0.5646496690909091 0.43778507818181817 0.541608149090909 0.4357038381818182 0.5382388109090909 0.4146357054545454 0.5499051709090909 0.4126901254545455 0.5145409981818182 0.41055330181818184 0.5066062090909091 0.40906574 0.5154974127272727 0.40937034181818177 0.5537882345454546
6 0.10057054181818181 0.5869807018181818 0.09705511454545454 0.5819542145454545 0.09815800181818182 0.5713324727272727 0.09919418363636363 0.5635272945454546 0.09600562909090908 0.5405520945454545 0.08937278363636364 0.5399614472727272 0.08109895636363636 0.5422974472727273 0.0877629 0.5885792745454546 0.10057054181818181 0.5869807018181818
6 0.1789548818181818 0.8746399781818182 0.21520985454545455 0.8576938018181818 0.2117411309090909 0.8382530672727273 0.17465010545454546 0.854554730909091 0.17660459454545455 0.8674230909090909 0.1789548818181818 0.8746399781818182
6 0.2710608618181818 0.9852445854545454 0.2712965690909091 0.96976266 0.2501528472727273 0.9652658872727273 0.2447851909090909 0.9789977509090909 0.2710608618181818 0.9852445854545454
29 0.716733709090909 0.5453003254545455 0.7119063872727273 0.5403655745454546 0.7085999672727273 0.545869090909091 0.7136652090909091 0.5504357181818181 0.716733709090909 0.5453003254545455