7 0.74523558 0.820938529090909 0.7430523945454545 0.8398146763636364 0.7526063527272727 0.8440744127272727 0.7603954054545454 0.8573874727272727 0.7706645054545455 0.8610496781818181 0.7878779654545455 0.8654680490909091 0.80053298 0.8648048272727272 0.7970033418181818 0.8579891636363637 0.7981597109090909 0.8551283036363636 0.8044621036363636 0.8578782909090908 0.8221836418181818 0.8684306054545455 0.8344120654545454 0.8703099727272727 0.8377116945454545 0.8762976145454545 0.8409298309090909 0.8736087272727273 0.8402838872727273 0.8470401254545454 0.8388557709090909 0.837594090909091 0.8291700945454545 0.8308210254545455 0.8236706563636363 0.8291490581818183 0.8044539672727272 0.8256757490909091 0.7940029218181819 0.8256634127272727 0.7861426818181818 0.8252352727272727 0.7808983672727273 0.821309729090909 0.7714866072727272 0.8162024618181819 0.7632834327272727 0.8163523472727272 0.7550739345454546 0.8235032072727273 0.7506325727272727 0.8206556854545455 0.74523558 0.820938529090909
6 0.7790467127272727 0.679153650909091 0.7670670890909091 0.6820216836363636 0.7679473763636364 0.6881361181818182 0.7804560381818181 0.684680309090909 0.7790467127272727 0.679153650909091
6 0.7494599345454546 0.7591114581818181 0.7371876036363637 0.7563943163636363 0.7361190490909091 0.7609307290909091 0.7495958072727272 0.7652649072727272 0.7494599345454546 0.7591114581818181
6 0.5926392672727273 0.5477898363636363 0.5812535490909091 0.5441861490909091 0.5803418236363636 0.5481542927272728 0.5918990109090909 0.551468969090909 0.5926392672727273 0.5477898363636363
6 0.6943267563636363 0.5581420672727273 0.6909915345454546 0.5585968836363637 0.6955875618181818 0.5715172309090909 0.6976890818181818 0.5688868618181818 0.6943267563636363 0.5581420672727273
6 0.9215249672727273 0.8803059218181818 0.9330633636363636 0.87970122 0.9313654872727274 0.8722295036363636 0.9155069690909091 0.8758608709090909 0.9162701727272727 0.8797412363636364 0.9215249672727273 0.8803059218181818
6 0.5196349672727273 0.49365048363636366 0.5146018690909091 0.4866335854545455 0.5129164618181818 0.4900822254545455 0.51683294 0.49715764181818184 0.5196349672727273 0.49365048363636366
6 0.5029501545454546 0.2500623545454545 0.5029313618181819 0.24614297636363636 0.4965014072727273 0.24451977454545454 0.5029501545454546 0.2500623545454545
6 0.5123825181818181 0.2982925181818182 0.5048840072727272 0.3012057309090909 0.5069060272727273 0.30418004545454547 0.5136454890909091 0.3010265872727273 0.5123825181818181 0.2982925181818182
6 0.6027240381818182 0.30223871999999996 0.5959072418181819 0.3003557672727273 0.5953238181818181 0.3034666272727273 0.6027135581818182 0.30559958 0.6027240381818182 0.30223871999999996
6 0.5925740090909091 0.3150917963636364 0.5900271054545454 0.3163453781818182 0.5932681945454545 0.3212159836363636 0.5965887781818182 0.32048190909090907 0.5925740090909091 0.3150917963636364
6 0.814935310909091 0.38828616 0.8052286763636364 0.3882348109090909 0.806163349090909 0.39182616363636363 0.8151109363636364 0.39163726545454547 0.814935310909091 0.38828616
6 0.7980920690909091 0.3695670690909091 0.7883812781818182 0.36587560181818185 0.788987649090909 0.3703242363636363 0.7976801145454545 0.37238891636363636 0.7980920690909091 0.3695670690909091
6 0.6926908290909091 0.36669014 0.6830824872727272 0.3649534854545454 0.68348812 0.36913261454545454 0.6927974345454545 0.3722850690909091 0.6926908290909091 0.36669014
6 0.7089278763636363 0.35603828727272724 0.7109918127272727 0.34556916545454547 0.7072258436363636 0.34492645454545456 0.7054609381818182 0.35397977454545454 0.7089278763636363 0.35603828727272724
6 0.7718724836363637 0.36422055999999997 0.7703460745454546 0.3564598327272727 0.7683428454545455 0.3574048927272727 0.7689680090909091 0.36577290545454544 0.7718724836363637 0.36422055999999997
6 0.8991330836363636 0.42811762181818186 0.9065960018181818 0.4316468690909091 0.9076791927272727 0.4273897127272727 0.8997018727272728 0.4247275018181818 0.8991330836363636 0.42811762181818186
6 0.9880345872727273 0.6253571090909091 0.9901068363636364 0.6221682254545454 0.9878255363636363 0.6178073690909092 0.9840532454545454 0.6241656327272727 0.9849440090909091 0.6269192090909091 0.9880345872727273 0.6253571090909091
6 0.8654242618181818 0.8852062163636364 0.8549105163636364 0.8804367272727273 0.8568091309090909 0.8881779490909091 0.8648449945454545 0.8919571945454545 0.8654242618181818 0.8852062163636364
57 0.6436403763636364 0.47763075818181816 0.6380677618181818 0.47456249636363634 0.6374445872727272 0.48047569818181823 0.6438599072727272 0.48181964000000005 0.6436403763636364 0.47763075818181816
6 0.9358518181818181 0.7263809563636363 0.9315297072727272 0.7151264109090909 0.9278369145454545 0.7158799927272728 0.9307831254545454 0.7258065181818182 0.9358518181818181 0.7263809563636363