12 0.7745745818181818 0.6742461690909091 0.7857370690909091 0.668295789090909 0.7909912690909091 0.6523292236363636 0.8071371327272727 0.5654444927272727 0.8026134272727273 0.5488373000000001 0.7931012290909091 0.5400663909090909 0.7830611436363636 0.5389302181818182 0.7726518890909091 0.5422757763636363 0.7637973018181818 0.5508617927272728 0.7428032436363636 0.6446969909090909 0.7441956690909091 0.6617162781818182 0.7598818618181818 0.6723730909090909 0.7745745818181818 0.6742461690909091
12 0.7416659490909091 0.6454249018181818 0.7658351763636363 0.5293915890909091 0.7566219963636364 0.5165818581818182 0.7463381472727273 0.5126829545454545 0.7322732490909091 0.5154495181818182 0.7234888127272727 0.5235926254545455 0.6983112254545454 0.62448356 0.6986180854545454 0.6440550327272728 0.70638006 0.6552728527272726 0.7212463963636364 0.6603515727272726 0.73461332 0.6533882781818182 0.7416659490909091 0.6454249018181818
12 0.6899704254545455 0.6599381472727273 0.6951728927272728 0.6421473072727273 0.6979087418181819 0.6248738345454545 0.7207231763636364 0.5281488127272728 0.7126288709090909 0.5168783545454545 0.6957168163636364 0.5096595472727272 0.6836459054545454 0.5127419254545454 0.6767335745454546 0.5198194836363637 0.6520286181818182 0.6198772381818182 0.6499688 0.652240450909091 0.6550905436363637 0.6607699981818181 0.6695543981818182 0.6662389909090909 0.68179892 0.6663622527272727 0.6899704254545455 0.6599381472727273
12 0.6484439181818182 0.6597172763636363 0.6519768872727273 0.6180529636363636 0.6564472727272728 0.5511119872727274 0.6443465727272728 0.5414770818181818 0.6297941527272727 0.5387181836363637 0.6191744454545455 0.5433924709090909 0.6111949727272727 0.5507550309090908 0.6060195618181818 0.630750929090909 0.6008688254545455 0.6503660418181818 0.6020876381818181 0.6641796890909091 0.6071392309090909 0.6731521472727272 0.6410037018181818 0.674429570909091 0.6484439181818182 0.6597172763636363
12 0.5839313036363636 0.6626660709090909 0.5929410836363637 0.6595528763636364 0.6004146127272727 0.6489320418181818 0.6060195618181818 0.630750929090909 0.6114344145454546 0.5212816381818182 0.6032515418181817 0.5127212763636364 0.5868454309090909 0.5087607436363636 0.5730760272727273 0.516114309090909 0.5687004654545454 0.5222315909090909 0.5596632818181818 0.6352133418181819 0.5629093945454545 0.6534342636363636 0.5722295599999999 0.6612667163636363 0.5839313036363636 0.6626660709090909
12 0.5465989018181818 0.6295119836363636 0.5549107054545455 0.62220206 0.561634530909091 0.6055602200000001 0.5630191127272727 0.5989692127272728 0.5654210418181819 0.49991920909090903 0.5563814727272728 0.49031511818181817 0.5460274745454545 0.48685912545454546 0.5354963381818182 0.4888233181818182 0.5345992836363637 0.5009397854545454 0.5134947127272728 0.6083780872727274 0.5195950309090909 0.6193327272727273 0.5257137654545454 0.6280201854545455 0.5362080654545455 0.6305903581818182 0.5465989018181818 0.6295119836363636
12 0.5042157018181819 0.6282473890909092 0.5078564509090909 0.6224677418181819 0.51302208 0.6092112709090909 0.5345694945454545 0.48822250181818183 0.5241304509090909 0.4788507763636364 0.5130600618181819 0.4734652345454546 0.49978170727272725 0.47771843454545454 0.4916803509090909 0.48369963090909096 0.4682792509090909 0.6034867618181817 0.4697085109090909 0.6159716818181818 0.4733606309090909 0.6251765054545455 0.48376636000000006 0.6304567727272726 0.4966053963636364 0.6311282163636364 0.5042157018181819 0.6282473890909092
12 0.46125288363636363 0.6327932509090909 0.46747428545454545 0.6042673109090909 0.48607187818181824 0.5105065690909091 0.47512689090909094 0.4978765672727273 0.45852874909090907 0.4929775781818182 0.44752498181818184 0.49577495636363633 0.44113701454545456 0.5038436054545455 0.4156533563636363 0.6260250163636364 0.4187074381818182 0.6433074836363637 0.42643609818181816 0.6504338454545454 0.43401309272727273 0.64346156 0.45482807636363637 0.6453962690909091 0.46125288363636363 0.6327932509090909
7 0.3909926345454546 0.5322231345454546 0.38138913636363636 0.5756500927272727 0.3775159927272727 0.5936514781818182 0.38224662545454546 0.6175557672727272 0.3803341563636364 0.6317815109090908 0.3818151490909091 0.6460907036363637 0.37734749272727275 0.6635439072727273 0.38400901090909095 0.6709552709090909 0.39746098 0.6699077109090908 0.40095006 0.6500294181818183 0.4046092272727273 0.6419825872727273 0.40856741454545453 0.6298969363636363 0.41063507636363633 0.6211440163636364 0.4188951509090909 0.6120098181818181 0.42544888545454546 0.5835365127272728 0.44121068909090905 0.4947748709090909 0.44326345818181817 0.4796633090909091 0.4398551018181818 0.47322121636363634 0.4349402836363636 0.4719887636363636 0.43029117272727274 0.46262603272727276 0.4239067290909091 0.46206885636363637 0.4183421418181818 0.4670897745454546 0.41173235454545454 0.4615026854545455 0.4032802509090909 0.4696984290909091 0.3961872581818182 0.4908219999999999 0.3909926345454546 0.5322231345454546
12 0.31596968363636363 0.6574547781818182 0.3329554127272727 0.6556048509090909 0.3434348163636364 0.6518163836363636 0.3509600781818182 0.6430198218181818 0.3548998472727273 0.6332013545454546 0.3476825890909091 0.5303577218181819 0.3418444545454546 0.5198986254545455 0.34123504727272724 0.5129918018181818 0.3304084163636363 0.5103689909090909 0.31641366909090907 0.5126926436363636 0.30717501999999997 0.5194017490909091 0.30460141454545453 0.5248963927272727 0.3011675909090909 0.5379731363636363 0.30703358000000003 0.6514992363636364 0.31596968363636363 0.6574547781818182
12 0.5083604581818182 0.7160757381818181 0.5125921963636363 0.7194701 0.5160926436363636 0.7145762745454546 0.5316604800000001 0.7152258963636363 0.5381001781818182 0.7089815218181819 0.5429001654545454 0.6915809545454545 0.5440445090909092 0.673601390909091 0.5414078018181818 0.6622872927272727 0.53028568 0.6550774781818182 0.5064797145454546 0.6526690454545455 0.43240316727272726 0.6450226545454545 0.4240212127272727 0.6527754872727273 0.41885205636363637 0.6746577872727273 0.4170614690909091 0.6902648945454546 0.4191036654545454 0.7010308090909091 0.42501547636363635 0.702421169090909 0.48257892545454545 0.7110843036363637 0.4949084927272728 0.7171232963636364 0.5083604581818182 0.7160757381818181
12 0.5409657545454545 0.7166997072727272 0.5625672818181818 0.7201210527272727 0.5661343563636364 0.7234101436363637 0.5709272927272727 0.7232612290909091 0.6169994490909091 0.7291962818181819 0.6230331418181818 0.7319680054545454 0.6271096854545455 0.7298895454545454 0.6478027890909092 0.7304428909090909 0.6510112690909091 0.7123362327272726 0.6522661254545454 0.6807535654545455 0.6470707072727273 0.6812927527272726 0.6402688890909092 0.674767209090909 0.6055994563636363 0.6742703327272728 0.5979041072727272 0.671235429090909 0.5524781945454545 0.6676728327272727 0.5464225581818182 0.6757941181818181 0.5422688163636363 0.6955671418181819 0.5409657545454545 0.7166997072727272
12 0.7384073272727273 0.7434311763636364 0.7691036781818182 0.7496550636363637 0.7747384145454546 0.7441912345454545 0.778120509090909 0.7292902181818182 0.7783564272727272 0.7084426527272727 0.7697412836363636 0.6875552781818182 0.7224581581818182 0.6914168709090909 0.6719438163636363 0.6834161854545454 0.6610619309090909 0.6875949272727273 0.6544933000000001 0.7097095909090909 0.6514584327272728 0.7310218872727272 0.6819443345454546 0.7385745 0.7068691745454546 0.7425222072727272 0.7171530236363637 0.7464211090909091 0.730324389090909 0.7471451890909091 0.7384073272727273 0.7434311763636364
57 0.7784563636363636 0.7207170272727272 0.7819717072727272 0.7221818436363636 0.7844751636363636 0.7171301090909091 0.7909113363636364 0.71951156 0.7964759236363637 0.7144906418181818 0.7985471109090909 0.6971118963636364 0.7861509200000001 0.6828899854545455 0.7781749690909091 0.6816267181818182 0.7703209018181818 0.6817448163636364 0.7702656454545455 0.6885463690909092 0.77907282 0.7103721981818182 0.7784563636363636 0.7207170272727272
45 0.7074875672727272 0.6418276581818181 0.704319449090909 0.64677412 0.7129749545454546 0.6545013018181818 0.7227230709090908 0.6424246454545455 0.7227783272727273 0.6356230927272727 0.7176013272727273 0.6338950963636364 0.7074875672727272 0.6418276581818181
45 0.666094310909091 0.6579726236363637 0.6774970327272728 0.6634107981818183 0.67760402 0.65843352 0.6656769363636363 0.6520042545454546 0.666094310909091 0.6579726236363637
45 0.5919143018181818 0.6466776836363637 0.5796881963636363 0.64428724 0.5779195527272727 0.6490013363636363 0.58167866 0.6532288818181818 0.5915784454545455 0.6552508745454546 0.5919143018181818 0.6466776836363637
45 0.5335564654545454 0.6129176181818182 0.5357573781818182 0.6205305309090909 0.5440323454545454 0.6177549763636364 0.5425662454545455 0.6098044236363636 0.5335564654545454 0.6129176181818182
45 0.48291319090909096 0.62078722 0.4926025272727273 0.62413794 0.49517613272727273 0.6186432963636364 0.4860813090909091 0.6158407581818182 0.48291319090909096 0.62078722
57 0.5986886163636364 0.3780626090909091 0.5941727545454545 0.38506571090909086 0.59532494 0.39069644363636363 0.6103499963636364 0.39262215818181817 0.6200393327272727 0.39597287818181814 0.6176279690909091 0.3896886927272727 0.6120704327272727 0.37745796 0.6049327581818181 0.3795056054545454 0.5986886163636364 0.3780626090909091
57 0.6288939181818182 0.3873868618181818 0.6221700927272727 0.40402870181818185 0.6474272654545454 0.40802904545454544 0.6649408818181818 0.3985443818181818 0.66497772 0.39401001636363636 0.6522123581818181 0.3842698363636364 0.6288939181818182 0.3873868618181818
57 0.6727107 0.43337249818181817 0.683297090909091 0.42460675454545455 0.6766355745454545 0.4171953890909091 0.6810295545454546 0.4088109218181818 0.6715910309090909 0.39097128 0.65861954 0.41479595090909094 0.6598567709090909 0.4263424145454545 0.6727107 0.43337249818181817
57 0.3752084418181818 0.4189422272727273 0.38477237090909094 0.4295374090909091 0.38905936545454545 0.42613022 0.36986840545454547 0.38813111272727274 0.3752084418181818 0.4189422272727273
57 0.3315360309090909 0.9613896818181817 0.3315286090909091 0.9795493163636363 0.3351772563636363 0.9801272054545455 0.3353135545454546 0.9633500436363637 0.3315360309090909 0.9613896818181817
38 0.37696343090909096 0.6616669963636364 0.3819632945454546 0.66881518 0.3907959363636364 0.6711221727272727 0.3981256418181818 0.6700129836363636 0.39975750909090907 0.65755888 0.38674486 0.6536817981818182 0.37955545636363636 0.6539051690909091 0.37696343090909096 0.6616669963636364