7 0.9343738781818182 0.10137078363636363 0.9347826800000001 0.09878971636363637 0.93539588 0.09491811636363635 0.9342410509090909 0.0938532709090909 0.9327992345454545 0.08833328 0.9260567690909092 0.08285568727272727 0.91773278 0.08109632727272728 0.8868435181818182 0.08811011636363636 0.8836302309090909 0.09377474909090909 0.8797679581818181 0.10771500727272727 0.8803095854545455 0.11265145272727273 0.8829743636363636 0.1188061109090909 0.8914167254545454 0.12190712545454545 0.8958674272727273 0.12305301818181817 0.9023408018181818 0.12187345454545455 0.9097824963636364 0.12084725454545456 0.9254655927272727 0.11583474 0.9274882636363636 0.11350928545454546 0.9298516018181818 0.10903294 0.9313470981818182 0.10794689636363636 0.9334702490909091 0.10916510727272728 0.9356112945454547 0.1081813090909091 0.9353745454545455 0.10549799636363637 0.9343738781818182 0.10137078363636363
7 0.5774492018181818 0.1802169927272727 0.5739991654545454 0.18319831272727274 0.5739812727272727 0.18540032545454546 0.5725360163636364 0.18825820363636364 0.5724499909090909 0.19089039272727273 0.5748959145454545 0.19215972727272726 0.57800528 0.19132929454545453 0.58051934 0.19216845090909093 0.5847154 0.1928330418181818 0.5880291672727272 0.19071207636363638 0.5902383454545455 0.1892981 0.5950655 0.18388907818181818 0.5998926581818183 0.1784800581818182 0.6018148490909091 0.17261093454545454 0.6002367654545455 0.1679513 0.5973496927272727 0.16528918727272726 0.5926264563636363 0.1658640072727273 0.5868991127272727 0.17068948181818183 0.5822584636363637 0.17700998363636364 0.5774492018181818 0.1802169927272727
6 0.9042423727272727 0.3730860672727273 0.906351070909091 0.3681284236363636 0.904041410909091 0.36599873272727274 0.9011509 0.37171448727272727 0.9042423727272727 0.3730860672727273
6 0.8328081527272727 0.31855702545454545 0.8312445218181818 0.3200732472727273 0.8329086327272727 0.32210069272727276 0.8393999 0.31871911636363637 0.8383813381818181 0.3167939145454545 0.8328081527272727 0.31855702545454545
6 0.8512276036363636 0.31089112 0.8510913363636363 0.31175147454545454 0.8561194527272727 0.3134297890909091 0.8596197254545455 0.31222030181818183 0.8598922581818181 0.3104995909090909 0.8512276036363636 0.31089112
6 0.8305700690909091 0.30761928727272725 0.8288054781818182 0.30204817272727275 0.8262232872727272 0.3016391945454545 0.827851609090909 0.30807066363636365 0.8305700690909091 0.30761928727272725
6 0.8594972181818182 0.2795691818181818 0.8661894472727273 0.2832749418181818 0.8680256090909091 0.2800380090909091 0.8642885890909091 0.2785641836363636 0.8610608490909091 0.2780529618181818 0.8594972181818182 0.2795691818181818
6 0.8608667690909091 0.2542098890909091 0.8705499890909091 0.25574356000000004 0.8709587909090909 0.25316249090909093 0.8624303981818182 0.25269366727272724 0.8608667690909091 0.2542098890909091
6 0.8061961563636364 0.25260642 0.8148608127272727 0.25221488909090906 0.8151333454545454 0.2504941781818182 0.8071142381818182 0.2509879527272727 0.8061961563636364 0.25260642
6 0.89604844 0.22009489454545456 0.8906473090909091 0.21659362545454544 0.8890836799999999 0.21810984727272725 0.8946210763636363 0.22075076181818182 0.89604844 0.22009489454545456
6 0.7387439690909091 0.26485343636363634 0.7395615709090909 0.25969130363636367 0.7361975654545454 0.2600404363636364 0.734598149090909 0.26596068 0.7387439690909091 0.26485343636363634
6 0.7232797254545454 0.2747512763636364 0.7314351 0.27339714727272724 0.7317076345454545 0.27167643636363636 0.7194422236363636 0.26973378545454546 0.7190334236363637 0.27231485272727274 0.7232797254545454 0.2747512763636364
6 0.6470114672727273 0.24238699272727274 0.6544855109090909 0.24533464181818182 0.6556761254545455 0.2419954618181818 0.6479295509090909 0.24076852545454544 0.6470114672727273 0.24238699272727274
6 0.5968803327272727 0.19123202545454546 0.5970523854545454 0.18596764545454547 0.5941976600000001 0.18727938 0.5941618727272727 0.19168340181818183 0.5968803327272727 0.19123202545454546
6 0.6956271399999999 0.17776802 0.6928082 0.1746757290909091 0.6907352909090909 0.17522935090909092 0.6940635090909091 0.17928424181818184 0.6956271399999999 0.17776802
6 0.5225501036363637 0.23854913818181817 0.5297873981818182 0.23881347454545454 0.5308417454545454 0.23633465272727272 0.5230951709090909 0.23510771454545457 0.5225501036363637 0.23854913818181817
6 0.5222555436363636 0.21116239818181817 0.5287468090909091 0.20778082181818183 0.5270827 0.20575337636363636 0.5213732490909091 0.20837684 0.5222555436363636 0.21116239818181817
6 0.6725333290909091 0.31522044363636365 0.66985066 0.31126779636363633 0.6677777472727273 0.31182141636363636 0.6703241527272727 0.31663442 0.6725333290909091 0.31522044363636365
6 0.6681507636363636 0.3136443727272727 0.6650950763636364 0.30786877090909087 0.6628858981818182 0.3092827472727273 0.6652960363636364 0.3149561072727273 0.6681507636363636 0.3136443727272727
6 0.537499570909091 0.32381909636363637 0.5438187854545454 0.3257019 0.5440913181818182 0.32398118909090906 0.5389269345454545 0.32316323090909094 0.537499570909091 0.32381909636363637
6 0.45941168363636364 0.4199295981818182 0.45516538181818184 0.4174931709090909 0.4529562018181818 0.4189071509090909 0.45873034727272727 0.4242313763636364 0.45941168363636364 0.4199295981818182
6 0.14997262 0.41413423818181816 0.16010042545454545 0.40868282 0.15972741272727273 0.4068598654545455 0.14909032545454545 0.4113486818181818 0.14997262 0.41413423818181816
6 0.08690715636363636 0.6660813145454545 0.08327061454545455 0.6681511581818181 0.08503520545454545 0.6737222727272728 0.08085359636363637 0.6792335363636364 0.08730907636363637 0.6802559836363636 0.09084513636363636 0.6746424745454546 0.08690715636363636 0.6660813145454545
6 0.0640624690909091 0.6933309109090909 0.05261466181818182 0.6862261272727272 0.050505963636363636 0.6911837727272727 0.05988086181818182 0.6988421763636364 0.0640624690909091 0.6933309109090909
6 0.16715606181818182 0.685847 0.17317383090909091 0.6770988 0.1699460927272727 0.6765875763636364 0.16212794363636363 0.6841686854545455 0.16715606181818182 0.685847
6 0.67921318 0.43181234 0.6881503727272728 0.4297000981818182 0.6893409872727273 0.42636092 0.6783308872727273 0.4290267818181818 0.67921318 0.43181234
6 0.8935846436363637 0.4278420981818182 0.88550084 0.4203881818181818 0.8832916636363636 0.42180216 0.89225776 0.4320416327272727 0.8935846436363637 0.4278420981818182
6 0.3878852927272727 0.8381048636363636 0.39189484545454545 0.8378579763636363 0.3937310109090909 0.8346210436363637 0.38802843818181815 0.8204887709090909 0.38398309636363637 0.8251396818181818 0.3878852927272727 0.8381048636363636
6 0.8446895145454545 0.09730846545454545 0.8391521163636363 0.09466755272727273 0.8370792072727273 0.09522117454545455 0.8437714327272727 0.09892693272727272 0.8446895145454545 0.09730846545454545