11 0.8579616836363636 0.30548762727272727 0.8547171145454545 0.30844346181818183 0.8564155381818181 0.3094064090909091 0.8625208600000001 0.31176128545454546 0.8690239818181819 0.31452614 0.8733236545454546 0.3165950327272727 0.8758487636363637 0.31526010727272724 0.8779760709090909 0.3135152072727273 0.8829501472727274 0.30840449454545454 0.8755216727272728 0.3027173 0.8710922454545454 0.2985460236363636 0.8694474309090908 0.29724459454545454 0.8700596727272728 0.2963006472727273 0.8687054399999999 0.29608615818181816 0.8645044363636364 0.2992374781818182 0.8617648854545454 0.3019263272727273 0.8579616836363636 0.30548762727272727
11 0.21458442545454545 0.4117700509090909 0.2123499 0.41419191454545456 0.21247964909090908 0.4162942981818182 0.21423168545454546 0.4169187654545454 0.21598372181818182 0.41754323454545456 0.22930307636363637 0.4269392309090909 0.23201154363636362 0.4273682090909091 0.23628868727272725 0.42665775272727274 0.24088749454545455 0.42391640909090905 0.24205836727272728 0.4223669963636364 0.24182139636363637 0.42094157454545456 0.23230524545454548 0.4079842781818182 0.23161686363636363 0.40648736181818185 0.23132628 0.40540042000000004 0.22816640181818182 0.4048999436363636 0.2252434909090909 0.4058248890909091 0.22125692909090908 0.4076222872727273 0.21671173272727273 0.4100251509090909 0.21458442545454545 0.4117700509090909
6 0.2366971236363636 0.8593968818181819 0.2510350690909091 0.8623617345454545 0.2516783927272727 0.8582999581818181 0.23734044545454547 0.8553351072727272 0.2366971236363636 0.8593968818181819
6 0.27025385272727276 0.8695693581818182 0.25516536545454543 0.8713432436363636 0.25563930545454544 0.8741940872727273 0.27173784 0.8718862309090909 0.27025385272727276 0.8695693581818182
6 0.2717829 0.8774449254545454 0.2564799690909091 0.8805727363636363 0.25785673454545455 0.8835665727272727 0.27294522363636364 0.8817926872727273 0.2717829 0.8774449254545454
6 0.2629520109090909 0.8864554181818182 0.2741075472727273 0.8861404490909092 0.2737408272727273 0.8826126418181819 0.2624780690909091 0.8836045745454545 0.2629520109090909 0.8864554181818182
6 0.3083247 0.8804567981818182 0.29280732909090906 0.8849385363636364 0.29317405090909093 0.88846634 0.30959424545454545 0.8841275981818182 0.3083247 0.8804567981818182
6 0.29090694 0.803446029090909 0.2795820218181818 0.8106736181818183 0.28276443272727275 0.81395344 0.2931865290909091 0.8065828581818182 0.29090694 0.803446029090909
6 0.2836905945454546 0.7613603418181819 0.2963751781818182 0.76892094 0.30189933454545453 0.7691019363636363 0.2869351654545455 0.7584045090909091 0.2836905945454546 0.7613603418181819
6 0.1756455381818182 0.7248172381818181 0.18202746 0.7195825345454545 0.18548646909090907 0.7152727763636364 0.18208961818181818 0.7133468781818182 0.17671773999999998 0.7180476127272728 0.1723559072727273 0.7222143781818182 0.1756455381818182 0.7248172381818181
6 0.19716424181818182 0.5013055909090909 0.19786972363636365 0.4910081618181818 0.19436565272727274 0.4897592254545454 0.19254290727272727 0.5012675890909091 0.19716424181818182 0.5013055909090909
6 0.2827706727272727 0.7730116981818181 0.2880353290909091 0.7689879254545454 0.28373565636363635 0.7669190363636363 0.27746095454545455 0.7714767763636364 0.2827706727272727 0.7730116981818181