8 0.4419123672727273 0.39362471818181816 0.3928076290909091 0.2859323618181818 0.3341722290909091 0.18581808 0.31967466727272725 0.18034376000000002 0.18582849454545455 0.4195886963636364 0.14384104909090908 0.4940758236363636 0.12220202000000001 0.5296857 0.1543570509090909 0.5247879945454546 0.15703854727272726 0.52116714 0.2438110672727273 0.6938422509090909 0.2528069363636364 0.6946292872727273 0.2796084272727273 0.6720889181818182 0.3789813309090909 0.5002776054545455 0.4419123672727273 0.39362471818181816
12 0.16479826 0.5856362545454545 0.17573277272727272 0.5732740618181817 0.1776235290909091 0.562924610909091 0.16218803636363635 0.5321325363636363 0.14480044363636363 0.5281578472727272 0.13098038363636363 0.5374636218181817 0.1268292090909091 0.56689258 0.15565023454545454 0.5865883836363636 0.16479826 0.5856362545454545
12 0.17253346545454545 0.5985803490909092 0.17198617636363636 0.5890690836363637 0.1657760709090909 0.5857218018181819 0.15623692 0.5866397127272727 0.14540715272727273 0.5842902490909091 0.12665623454545455 0.6814895581818182 0.1338481581818182 0.6961386 0.14715937272727275 0.6994061563636363 0.15778060363636362 0.6996344018181818 0.1648821909090909 0.6837824090909091 0.16990338363636362 0.6263899072727273 0.17253346545454545 0.5985803490909092
12 0.20118744 0.68100028 0.18880358363636363 0.6220850327272728 0.18630964 0.6032905672727273 0.18615796363636364 0.5892574654545455 0.18524998363636364 0.5793641454545455 0.1749764709090909 0.5774138436363636 0.17552824363636363 0.5823690581818182 0.17399369636363637 0.5976566145454546 0.16821668 0.6434166309090908 0.16641225454545455 0.6730509036363637 0.1699448709090909 0.691235250909091 0.1864763781818182 0.6937330581818182 0.19866659090909092 0.6895421254545455 0.20118744 0.68100028
12 0.18667930363636362 0.5945605127272727 0.18605321454545454 0.6039691236363637 0.18976393454545454 0.6246225218181819 0.20300388 0.685014650909091 0.20808401636363635 0.6900155490909091 0.22051319818181817 0.6875980036363636 0.23088697272727274 0.6793927018181818 0.2309133981818182 0.6678286545454546 0.19578392363636363 0.5918521072727273 0.18667930363636362 0.5945605127272727
12 0.10231280909090909 0.7592728163636364 0.15305027272727273 0.7672167254545454 0.16519708 0.76126952 0.17130884363636364 0.7116833363636363 0.1645339909090909 0.7012767327272728 0.11214073454545455 0.6942394472727274 0.10459612727272727 0.7016407818181818 0.09919726363636364 0.7453309072727273 0.10231280909090909 0.7592728163636364
12 0.08761232000000001 0.85297104 0.09390923636363636 0.8598308727272727 0.10327877272727273 0.8631040690909091 0.11184011272727273 0.8621006109090908 0.11994994181818183 0.8459863345454546 0.13555392545454545 0.7667374818181819 0.09996606 0.7590675018181818 0.08477066 0.8358986309090909 0.08761232000000001 0.85297104
12 0.18592525272727273 0.8103999254545455 0.18720785818181818 0.7912348727272727 0.18403994 0.7846487927272727 0.1787078618181818 0.7757703981818181 0.1689342290909091 0.7703588727272728 0.1618460927272727 0.7725427054545454 0.15514459818181817 0.7793168127272728 0.12918878363636363 0.8597629709090909 0.1279760090909091 0.8691202527272728 0.13331657636363636 0.8846588072727273 0.1441244 0.8940162690909091 0.15698811272727273 0.8933892181818183 0.18592525272727273 0.8103999254545455
12 0.19727348 0.91268604 0.20601292181818182 0.9141516327272727 0.24696569818181816 0.85149084 0.25208972 0.8424757472727273 0.2527377490909091 0.8260591436363637 0.24883995636363637 0.8120487963636364 0.24245622909090905 0.8016764109090909 0.23594629454545457 0.7972514127272727 0.2281367709090909 0.7986711436363637 0.1882965072727273 0.86213026 0.18474547272727274 0.877942389090909 0.18655294545454545 0.8910688654545454 0.18727833636363636 0.9030491836363637 0.19727348 0.91268604
12 0.16830461636363636 0.7527790000000001 0.20742013454545455 0.7989616454545454 0.2153513818181818 0.7961505818181818 0.2242519509090909 0.7867649054545455 0.2335092090909091 0.7665450654545455 0.22971168 0.7423791145454546 0.18767569818181817 0.6980439327272727 0.17891431272727273 0.7035863345454546 0.17103047454545456 0.719369889090909 0.16830461636363636 0.7527790000000001
12 0.20864828181818182 0.7128471399999999 0.21400630727272726 0.7259337527272727 0.25363916000000003 0.7662032327272728 0.2612531181818182 0.7647663945454545 0.26963234909090905 0.750077669090909 0.2762994072727273 0.7324351800000001 0.27732558727272727 0.7139486854545455 0.27440112 0.7045799381818182 0.2590998472727273 0.6902729072727273 0.25196382181818183 0.6952565181818181 0.24355464 0.6945208109090909 0.23029628181818182 0.6681251581818182 0.23088697272727274 0.6793927018181818 0.22123458545454547 0.6883621072727273 0.21261238181818182 0.6900612345454545 0.2103175290909091 0.6982723581818182 0.20864828181818182 0.7128471399999999
12 0.32025945272727274 0.6714394727272728 0.33207552181818184 0.6805346454545455 0.34635253272727273 0.6502391054545454 0.3744146909090909 0.6155416763636364 0.37645312000000003 0.6080091090909091 0.38130774181818183 0.5975684654545454 0.3782096545454545 0.5811746127272727 0.3700878109090909 0.5636402472727273 0.3628130818181818 0.5566948672727273 0.3545036854545454 0.5615758218181818 0.34417732 0.5827536145454545 0.3126773654545455 0.6252116781818182 0.31105600727272725 0.6369866818181817 0.31260256909090905 0.6553477690909091 0.32025945272727274 0.6714394727272728
12 0.33677110363636364 0.7552505563636364 0.3327201927272727 0.7745239109090909 0.3368675290909091 0.8712730872727272 0.34059170363636365 0.8782583290909091 0.35654100727272725 0.8761487545454546 0.3705696036363636 0.8689642000000001 0.3751678018181818 0.8592021127272728 0.37153331636363635 0.7610958218181818 0.36649258 0.7466349836363637 0.33677110363636364 0.7552505563636364
12 0.4372502618181818 0.3613217236363636 0.4368761127272727 0.37460782909090906 0.4422905181818182 0.3915548272727273 0.44855203818181816 0.4190908127272727 0.44642135454545456 0.4592114127272727 0.45243990363636366 0.47375779818181823 0.4556382527272727 0.47999604545454544 0.46478628 0.47904391636363636 0.47631597090909095 0.4733932145454545 0.4836695 0.46141871636363635 0.48615142727272725 0.44656454 0.4842481781818182 0.43903761636363636 0.47773824000000004 0.4346126181818182 0.4773395854545454 0.3963737018181818 0.4754413018181818 0.36851846000000005 0.4719520909090909 0.35209038909090906 0.46776295272727275 0.3436624854545454 0.4556814927272727 0.3443579709090909 0.44323036909090907 0.3537835109090909 0.4372502618181818 0.3613217236363636
12 0.47441159454545456 0.3600164727272727 0.4761018236363636 0.3699782309090909 0.47873046545454545 0.3894854727272727 0.48677847272727276 0.40561139636363636 0.4993333854545454 0.41301873272727274 0.51938998 0.39549619090909094 0.5315502418181819 0.37588082727272726 0.5475823509090909 0.3660675890909091 0.5527846945454545 0.35390488727272723 0.5556183472727272 0.3485448690909091 0.55319824 0.3311588436363636 0.5548500309090909 0.3190360072727273 0.55354644 0.31366452 0.5492440690909092 0.3132881127272727 0.5445465672727272 0.30166127090909095 0.5374369709090909 0.2950808327272727 0.48989241454545457 0.32947575636363635 0.47441159454545456 0.3600164727272727
45 0.5524034981818182 0.3132140309090909 0.5435203872727273 0.32014776545454543 0.5420207545454546 0.3305314381818182 0.5442717236363637 0.33633630363636363 0.5520857290909091 0.3303605218181818 0.5548630036363636 0.32114011454545455 0.5524034981818182 0.3132140309090909
45 0.3723732163636364 0.5803134945454546 0.36767123090909093 0.5732427054545454 0.3647682272727273 0.5726382309090909 0.3671234636363636 0.5795037054545454 0.37053483454545455 0.58330712 0.3723732163636364 0.5803134945454546
45 0.1744529 0.78836648 0.17850333090909093 0.7848653945454546 0.1758352890909091 0.7748180890909091 0.16985518 0.7823563 0.1744529 0.78836648
45 0.4744731036363637 0.4809428909090909 0.47375620181818184 0.4756227327272728 0.46616819090909095 0.48126779090909094 0.47003154727272733 0.48440975636363637 0.4744731036363637 0.4809428909090909