12 0.7199758472727272 0.5527570854545454 0.7364080781818182 0.5591326163636364 0.7501040727272726 0.5577568672727273 0.7589675636363636 0.5500305181818183 0.7603867236363636 0.53446408 0.7568396418181818 0.45235971636363637 0.7492709036363636 0.43825783636363635 0.7388235927272727 0.43229986545454546 0.7294946690909091 0.4333702381818182 0.7207685763636363 0.43857878363636366 0.714546 0.4482106236363636 0.7151563345454546 0.5376268963636364 0.7199758472727272 0.5527570854545454
12 0.6989098018181819 0.5563203290909091 0.7095576272727272 0.5472151109090909 0.7142787109090909 0.5385243309090909 0.7119019727272727 0.4283299527272727 0.7008809236363637 0.41864980727272727 0.6907535981818181 0.4172678181818182 0.6785962327272728 0.4227163 0.6723445690909091 0.43193214 0.6706420181818182 0.5286166981818182 0.6750122018181818 0.5462865036363637 0.6843863145454545 0.5548277145454545 0.6989098018181819 0.5563203290909091
12 0.6533334490909091 0.5724663454545454 0.6644467054545455 0.5700171018181819 0.6705027927272728 0.5624870654545454 0.6714936636363636 0.5452784454545454 0.6703591763636363 0.5290545090909091 0.670792950909091 0.4366389981818182 0.6611069054545454 0.4281195963636364 0.6442835236363637 0.42511567818181817 0.6339977618181819 0.43043328545454546 0.6292184963636364 0.4382920690909091 0.6277697018181818 0.5341228181818183 0.6326715454545455 0.5638783872727272 0.6390928054545454 0.57053592 0.6533334490909091 0.5724663454545454
12 0.5982616872727272 0.59178454 0.6291932563636363 0.5858593018181818 0.6328541327272728 0.5709721709090909 0.6273414109090909 0.5324806363636364 0.6173922763636364 0.4708895072727273 0.6044204072727273 0.4646900381818182 0.5906662345454545 0.4652337909090909 0.5820274090909091 0.47169033090909096 0.5763414327272728 0.4800305490909091 0.5883818945454545 0.55359838 0.5878193181818182 0.5724491818181818 0.5918113381818182 0.5847110072727273 0.5982616872727272 0.59178454
12 0.5540883963636364 0.5831685272727273 0.5641655927272727 0.5883163163636363 0.5750541854545455 0.5871368781818181 0.5825616345454546 0.5824315818181819 0.5871081818181818 0.5712448127272727 0.5883818945454545 0.55359838 0.5703954818181818 0.45327422 0.5611959054545455 0.44722899636363633 0.5455119527272727 0.4470716290909091 0.5345812818181818 0.4566146581818182 0.5318982872727273 0.4630727581818182 0.5473391018181818 0.5673372181818181 0.5540883963636364 0.5831685272727273
12 0.5150935709090909 0.5679199145454545 0.5251336290909091 0.568053909090909 0.5343171018181818 0.5649035454545455 0.5403150127272727 0.5565415127272727 0.542923729090909 0.5400558254545454 0.54279932 0.5337940381818183 0.5242633181818183 0.4435410872727273 0.5140697636363636 0.43672930545454547 0.5039715254545455 0.4357633145454546 0.49484623090909097 0.4397456763636363 0.49656744545454545 0.45091219454545456 0.4999220636363636 0.5526775436363636 0.5077365072727273 0.5613278181818182 0.5150935709090909 0.5679199145454545
12 0.47761944363636366 0.578901010909091 0.4893856581818181 0.5768241381818182 0.49567446 0.572622090909091 0.4977626781818182 0.5666236145454545 0.49966831090909086 0.5535313509090909 0.49388133999999995 0.43939511454545455 0.4824691381818182 0.4330865818181818 0.4713187436363636 0.4305220345454545 0.4601844472727273 0.43715307454545455 0.4540992690909091 0.44426711090909093 0.4579564581818182 0.5577022272727272 0.4618612109090909 0.5687160563636364 0.4670929163636363 0.5762928363636363 0.47761944363636366 0.578901010909091
12 0.4352868381818182 0.601090689090909 0.45453946 0.5984903163636364 0.45772191636363635 0.5857268036363636 0.4573907709090909 0.5585778472727273 0.4546259927272727 0.46973026000000007 0.4420743636363636 0.4605751763636364 0.42602029636363636 0.4596076236363636 0.41664124545454545 0.46444379636363636 0.41254402727272727 0.47309095090909087 0.41501608545454544 0.5891311181818182 0.42139526727272725 0.6041522436363636 0.4298837072727273 0.6089930981818182 0.4352868381818182 0.601090689090909
7 0.3711248981818182 0.45006924363636364 0.3691190109090909 0.47069310181818186 0.37307206363636364 0.5092936981818182 0.3734564490909091 0.5506520363636364 0.3737133145454546 0.5677734072727273 0.3829952181818182 0.5884440072727273 0.38423801454545453 0.6017341436363637 0.38857105818181814 0.6143901545454545 0.38817496545454544 0.6311391509090909 0.39575669454545453 0.6364614399999999 0.4077184854545455 0.6326987618181819 0.4067213927272727 0.6139570236363636 0.4083522290909091 0.6059003672727273 0.4094093272727273 0.59412154 0.40945140545454545 0.5857579472727273 0.4150210236363636 0.5757537327272727 0.41500181272727277 0.5485829654545455 0.41071450545454546 0.46485823454545455 0.40941352909090906 0.4507361036363636 0.4049802290909091 0.44561168545454544 0.40027213272727274 0.44552287636363636 0.39410462727272727 0.43801153454545455 0.38820697454545455 0.43884196909090906 0.38421806545454545 0.44455532363636363 0.3770646309090909 0.44087521636363636 0.3711248981818182 0.45006924363636364
12 0.29293729636363636 0.5332906963636364 0.32198684 0.6349314109090909 0.3313238109090909 0.638458830909091 0.3463176690909091 0.6332300345454546 0.35501467454545454 0.6276054890909091 0.35998951272727275 0.6180609018181819 0.3615039909090909 0.6083402509090908 0.33346453090909095 0.5166616854545455 0.3259911109090909 0.5084055945454546 0.3239951 0.5022746818181818 0.3136431090909091 0.5021624981818181 0.30145665272727273 0.5071949836363636 0.29449385454545457 0.5152064545454546 0.29331234727272726 0.5207234963636364 0.29293729636363636 0.5332906963636364
12 0.4934031109090909 0.6522070909090909 0.5058303309090909 0.6551003872727272 0.51779212 0.651337710909091 0.522333729090909 0.6535283254545455 0.5244801254545455 0.6483618454545454 0.5387127199999999 0.6456944745454545 0.5432382272727273 0.6386895018181818 0.5439462527272727 0.6219186927272727 0.5412230072727273 0.60538782 0.5364697218181819 0.5956874236363636 0.5248910345454545 0.5914806927272728 0.5028310072727272 0.5942773781818181 0.43415546 0.6028419327272727 0.42818664181818183 0.6116199636363636 0.42808144363636363 0.6325289418181819 0.42972344181818184 0.64704526 0.4338237709090909 0.6563732854545454 0.4394676654545454 0.6563966581818182 0.4934031109090909 0.6522070909090909
12 0.5438348345454544 0.6068773127272726 0.5442080581818182 0.6256626763636364 0.5474468636363636 0.6450837236363636 0.5677225563636363 0.6436659090909091 0.5716402981818183 0.6459001490909091 0.5759491909090909 0.6447627781818182 0.6189087763636364 0.6405046527272727 0.6249518745454545 0.6417542072727273 0.628208609090909 0.6390182818181819 0.6470620309090909 0.6351917254545455 0.6461812963636364 0.6181139800000001 0.6407137654545454 0.5892340327272727 0.6361220254545454 0.5908092181818182 0.6285984781818182 0.5863189254545454 0.5971012218181818 0.5931197854545455 0.5894984563636364 0.5919792927272728 0.5476201181818181 0.5982519709090909 0.5438348345454544 0.6068773127272726
12 0.7132000290909091 0.6351652636363636 0.7252781763636365 0.63306658 0.7318207345454545 0.6280107218181817 0.7609178381818182 0.6272301527272728 0.7648776581818182 0.6211008 0.7648244200000001 0.6068914163636364 0.7606789018181819 0.5879518072727272 0.7485103745454545 0.5708273145454545 0.7065026909090909 0.5842155909090909 0.6590887654545455 0.5875310963636364 0.6501089163636364 0.593593450909091 0.6487850745454545 0.6150056781818182 0.6504933 0.6349517890909091 0.6796776745454546 0.6354192127272728 0.7030727018181818 0.6337832745454546 0.7132000290909091 0.6351652636363636
57 0.7491924218181818 0.5716156872727273 0.7617310618181818 0.5895503618181819 0.7633359181818181 0.5990528872727272 0.7668253672727273 0.5996449454545454 0.7680359636363636 0.5945439018181818 0.7743619072727272 0.5953556472727273 0.7783508163636363 0.5896422927272728 0.7765924618181819 0.5734619818181819 0.7623938945454546 0.5631679672727273 0.7549074872727273 0.5636914672727272 0.74782028 0.5654411490909091 0.7491924218181818 0.5716156872727273
45 0.6951263472727274 0.5335931072727272 0.6900772290909092 0.5331101127272727 0.682577829090909 0.5424132018181819 0.6807433672727273 0.5475578709090909 0.6901966963636363 0.5527492836363637 0.6964984890909091 0.5397676454545455 0.6951263472727274 0.5335931072727272
45 0.6589903345454545 0.5637101272727273 0.64684596 0.56037902 0.6484718563636364 0.5656997472727273 0.6599341872727272 0.5682424854545455 0.6589903345454545 0.5637101272727273
45 0.5710411254545454 0.579056849090909 0.5804282272727272 0.5788184727272727 0.5789397254545455 0.5709799418181818 0.5673690890909091 0.5713710054545454 0.5667532727272727 0.5760124254545455 0.5710411254545454 0.579056849090909
45 0.529534729090909 0.5547871490909091 0.5265447381818181 0.5478896763636363 0.5190372909090909 0.5525949727272728 0.5226220581818182 0.5590328218181818 0.529534729090909 0.5547871490909091
45 0.4854809054545455 0.5658103090909091 0.4766594927272727 0.5651730636363637 0.47482503090909095 0.5703177327272727 0.4842994 0.5713273509090909 0.4854809054545455 0.5658103090909091
57 0.5408984363636364 0.3228205563636364 0.5348633890909091 0.3261687963636364 0.5289075581818182 0.32616723636363637 0.5262827418181818 0.33345733272727274 0.5285034163636363 0.33831843818181817 0.5425113454545455 0.33692087454545455 0.5519857145454545 0.3379304927272727 0.5484882145454546 0.33274064 0.5408984363636364 0.3228205563636364
57 0.5922672436363636 0.32675308545454546 0.5786715072727273 0.3205972381818182 0.558208290909091 0.3282986527272727 0.5555995727272728 0.34478433999999997 0.5793065363636364 0.3431265872727273 0.5931820072727273 0.3308694436363636 0.5922672436363636 0.32675308545454546
57 0.5908561327272727 0.3469173181818182 0.5943907727272727 0.35712096363636364 0.60750004 0.36080263272727275 0.6152531927272727 0.3506457309090909 0.6076714654545455 0.34532344363636364 0.60989708 0.33680716363636365 0.5976202472727272 0.32261647272727273 0.5908561327272727 0.3469173181818182
57 0.34913786909090905 0.4135657709090909 0.3238148872727273 0.38314802545454546 0.3350928036363636 0.40994954 0.34596840363636366 0.41754969454545454 0.34913786909090905 0.4135657709090909
57 0.41691770545454543 0.9301126509090909 0.4128012781818182 0.9115890381818181 0.4089708036363636 0.9106027945454546 0.4143721072727273 0.934052949090909 0.41691770545454543 0.9301126509090909
38 0.39462220545454546 0.6202375054545455 0.3881588654545455 0.6219435618181818 0.3874347418181818 0.6295187818181818 0.3934568 0.6349501327272727 0.4019371890909091 0.6351931927272727 0.4083423527272727 0.6326551381818182 0.4072159127272727 0.6210289963636364 0.39462220545454546 0.6202375054545455