12 0.5417025254545454 0.4263051018181818 0.54565336 0.43291178181818185 0.547659630909091 0.43596384363636365 0.5484489381818182 0.43784621999999995 0.5543614945454546 0.4367867290909091 0.5624080218181818 0.4349689945454545 0.5682280200000001 0.4346633381818182 0.5667599454545454 0.4383090672727273 0.5689513309090909 0.43985346545454546 0.56852368 0.44056615272727273 0.57105016 0.44215169454545455 0.5720554381818181 0.4422751272727273 0.5735457872727272 0.4439885145454545 0.5761339745454546 0.4450715 0.57991256 0.44477025454545455 0.5837528509090909 0.4439664545454545 0.5857325563636363 0.4444645981818182 0.5887792490909092 0.4445836181818182 0.5906089800000001 0.4435329527272727 0.5921653236363636 0.4419385872727273 0.5940567618181818 0.44038536727272726 0.595370570909091 0.43799602363636364 0.5948855018181818 0.4364060709090909 0.5933334472727273 0.43519524 0.5917196872727273 0.43448696363636363 0.5924824327272727 0.4338154181818182 0.5962301636363636 0.4337654509090909 0.5964152818181818 0.43225778545454546 0.5979142090909091 0.4283607781818182 0.5983461527272727 0.4248428927272727 0.5984430018181818 0.4212838636363636 0.5979005163636364 0.4173912672727273 0.5963878945454546 0.41031876363636366 0.5951752236363637 0.4063438818181818 0.5946284490909091 0.40525648363636363 0.5928732927272727 0.39738900363636365 0.5896894963636364 0.3873055818181818 0.5881417290909091 0.38328955454545455 0.5871098872727273 0.38061220181818184 0.5845217 0.3795292145454546 0.5821494854545454 0.3766872854545455 0.5796230036363635 0.37510174545454544 0.5763646309090908 0.37393646909090905 0.5706680454545455 0.3732370163636364 0.56728626 0.37307685272727276 0.5643895436363636 0.37450664 0.5606109581818182 0.37480788545454546 0.5534197363636364 0.3752002418181818 0.5499453909090909 0.37579390909090904 0.5475380327272727 0.37600845454545456 0.5468369927272728 0.37617744363636363 0.5451615290909091 0.3759717236363636 0.5420531290909091 0.37635525636363637 0.5392489727272727 0.3770312127272727 0.5364448145454546 0.3777071672727273 0.5332747109090908 0.37859325818181816 0.5293727127272727 0.3798996127272727 0.5296418109090909 0.3832485090909091 0.5295449618181818 0.3868075381818182 0.53072678 0.3910337 0.5314809454545455 0.39597255090909095 0.5337211709090909 0.4054299836363636 0.5355997381818182 0.41229235090909094 0.5378751072727272 0.4186933109090909 0.5417025254545454 0.4263051018181818
45 0.5847581309090909 0.44408988727272725 0.5864027418181817 0.44454688545454546 0.5887792490909092 0.4445836181818182 0.5902430327272727 0.44374308545454544 0.5917376727272727 0.4426512763636364 0.5932940145454546 0.4410569090909091 0.5949120636363636 0.4389599890909091 0.5954014236363636 0.43774474545454545 0.5948855018181818 0.4364060709090909 0.5939727818181818 0.43552880363636365 0.59235902 0.43482052727272724 0.5910495018181818 0.43440467454545456 0.5887038472727273 0.43411666363636364 0.5869049709090909 0.43491605272727274 0.5853177727272727 0.4367616963636364 0.5833954836363637 0.43856619454545454 0.5821742327272728 0.44020170363636363 0.5823242072727273 0.4417505127272727 0.5834794618181818 0.44342275454545454 0.5847581309090909 0.44408988727272725
57 0.37907952181818183 0.3739441527272727 0.37974112909090907 0.37963683454545455 0.3796091381818182 0.38625233999999997 0.3787452527272727 0.3932881090909091 0.3780621981818182 0.40162141090909087 0.3767749509090909 0.4065646727272727 0.38311516 0.40479249272727275 0.38405873272727276 0.4054184836363636 0.38509486545454547 0.4052906381818182 0.38732568545454543 0.4009733636363636 0.38778848 0.3972042 0.38883319272727274 0.3914659636363636 0.3912182763636364 0.38589230181818185 0.3932948327272727 0.38283141454545455 0.39521712363636363 0.3810269163636364 0.39448952 0.3786419872727273 0.39739052545454545 0.3744070018181818 0.3988277472727273 0.3710125490909091 0.39779590545454546 0.3683351981818182 0.3981352890909091 0.36557114363636367 0.3984746709090909 0.3628070909090909 0.39607160181818185 0.36021644 0.39851410363636364 0.35694542 0.39220903999999995 0.35566112363636365 0.3909877890909091 0.35729663272727274 0.3880910709090909 0.3587264218181818 0.38339547636363636 0.36095559818181816 0.38007110727272725 0.3630980745454545 0.3767775909090909 0.36498927454545455 0.3779902618181818 0.36896416 0.37907952181818183 0.3739441527272727
6 0.8991042854545455 0.7428538363636363 0.9037698527272727 0.7602610363636364 0.9119355036363637 0.7602433890909092 0.9072699363636364 0.7428361890909091 0.8991042854545455 0.7428538363636363
6 0.9121727618181819 0.32615056545454546 0.9107878418181818 0.31526775636363635 0.9053029381818182 0.3156145581818182 0.9074814563636364 0.32557454545454545 0.9121727618181819 0.32615056545454546
6 0.8886921454545454 0.3788718490909091 0.8930303745454545 0.3712424127272727 0.8877305890909091 0.37008154909090907 0.8827221745454545 0.3776286981818182 0.8886921454545454 0.3788718490909091
6 0.9187086490909091 0.15656913272727271 0.9313804854545455 0.15863516909090908 0.9316273090909092 0.15662494909090907 0.9189554727272726 0.15455891272727273 0.9187086490909091 0.15656913272727271
6 0.9061344854545454 0.1703291672727273 0.9082770363636363 0.16396052727272728 0.9043176236363636 0.16296423999999998 0.9020516618181819 0.1703379909090909 0.9061344854545454 0.1703291672727273
6 0.9123872490909092 0.18589072363636364 0.9184189272727272 0.18663132000000002 0.9194593490909091 0.18369828 0.9108086309090909 0.18212597272727274 0.9123872490909092 0.18589072363636364
6 0.8926004127272728 0.2140691 0.8922473363636364 0.20586364363636364 0.88743262 0.20629273272727275 0.8878474036363637 0.21399563454545453 0.8926004127272728 0.2140691
6 0.9286961090909092 0.2802270109090909 0.9274174418181818 0.27955988000000004 0.9265004327272728 0.2814878109090909 0.9353276872727274 0.28716284545454546 0.9376467763636364 0.2848969363636364 0.9286961090909092 0.2802270109090909
6 0.8166396781818182 0.19555992545454545 0.83095184 0.20088816 0.8326007418181818 0.19853996181818181 0.8175566890909091 0.19363199272727272 0.8166396781818182 0.19555992545454545
6 0.8375012545454545 0.14200693454545454 0.8485944727272727 0.14030822 0.8482328181818182 0.13771315818181817 0.8357375181818182 0.13974984909090907 0.8375012545454545 0.14200693454545454
6 0.7928713236363636 0.1176522 0.7851376163636364 0.11415196363636364 0.7829419381818182 0.11541276181818182 0.7918926072727273 0.12008268727272728 0.7928713236363636 0.1176522
6 0.7361249109090909 0.08670843272727273 0.7346611254545455 0.08754896545454545 0.7364865672727273 0.08930349636363637 0.7492201090909091 0.09086698 0.7494669327272727 0.08885675999999999 0.7361249109090909 0.08670843272727273
6 0.7792808272727272 0.07874389454545455 0.7873230636363636 0.07973135636363636 0.7881783690909091 0.07830598 0.7795893581818182 0.07623111818181819 0.7792808272727272 0.07874389454545455
6 0.7544034127272727 0.048652358181818185 0.7628073072727273 0.05223488363636363 0.7650029854545455 0.05097408545454546 0.7566607981818182 0.046889003636363634 0.7544034127272727 0.048652358181818185
6 0.7464948163636365 0.07981959272727272 0.7375355690909091 0.08076006181818182 0.7385674127272728 0.08343741454545454 0.749660630909091 0.08173870181818181 0.749237269090909 0.07964619272727272 0.7464948163636365 0.07981959272727272
6 0.752128870909091 0.061636500000000004 0.7598625781818182 0.06513673636363636 0.763398629090909 0.06404051454545454 0.7558500381818182 0.059032612727272726 0.752128870909091 0.061636500000000004
6 0.7430102436363637 0.04725345272727272 0.7473313109090909 0.050844801818181816 0.7522077345454545 0.049913158181818185 0.74782496 0.04682436181818182 0.7430102436363637 0.04725345272727272
6 0.6501575745454545 0.11645336545454546 0.6461981618181819 0.11545707818181818 0.6411897472727273 0.12300422727272728 0.6431386 0.12375364727272727 0.6466746509090909 0.12265742545454546 0.6501575745454545 0.11645336545454546
6 0.6659061309090909 0.09900204545454545 0.6574319527272727 0.10153246909090909 0.6591956872727273 0.10378955454545455 0.66901024 0.10142370909090909 0.6692570636363636 0.0994134890909091 0.6659061309090909 0.09900204545454545
6 0.6612936909090908 0.08670268181818182 0.66903598 0.08459252727272727 0.6679424290909091 0.0824177290909091 0.6582512890909091 0.08377846545454545 0.6612936909090908 0.08670268181818182
6 0.6052722399999999 0.09971924545454545 0.5978299036363636 0.10492702 0.6017276109090909 0.10642586 0.6077061618181818 0.10205861818181819 0.60789128 0.10055095454545454 0.6052722399999999 0.09971924545454545
6 0.5461569090909091 0.1434739509090909 0.542929390909091 0.14205739818181817 0.5421357909090909 0.1429802181818182 0.5473652927272727 0.15025403090909092 0.5508396363636363 0.14966036363636362 0.5461569090909091 0.1434739509090909
6 0.46668190000000004 0.4306122109090909 0.4612587036363636 0.43045645818181816 0.4615586527272727 0.4335540763636364 0.46952202545454547 0.44626488363636363 0.4743984490909091 0.4453332381818182 0.46668190000000004 0.4306122109090909
6 0.3733837618181818 0.3926298018181818 0.3780922272727273 0.38198503272727274 0.37206054727272725 0.38124443454545454 0.36601170909090913 0.3917246272727273 0.3733837618181818 0.3926298018181818
6 0.5257645618181818 0.44806928363636367 0.5376959272727272 0.45616598 0.5417873309090909 0.45054676363636365 0.5288155436363636 0.4453831072727273 0.5257645618181818 0.44806928363636367
6 0.44513826 0.4121529072727273 0.4484891909090909 0.4125643509090909 0.44843606545454545 0.40745651272727273 0.4423512618181818 0.4016080763636364 0.4388152109090909 0.4027042981818182 0.44513826 0.4121529072727273
6 0.4346020436363636 0.44809882727272726 0.44087196727272726 0.45243959818181817 0.4439229472727273 0.44975342181818184 0.43692113454545456 0.44583291818181814 0.4346020436363636 0.44809882727272726
6 0.5833412036363637 0.09549605818181818 0.5842050890909091 0.08846028727272727 0.5808541563636364 0.08804884545454546 0.5806604599999999 0.09516690363636364 0.5833412036363637 0.09549605818181818
6 0.5879622254545455 0.10218502545454546 0.5802285181818181 0.0986847890909091 0.5779711345454546 0.10044814363636363 0.5856431363636364 0.10445093454545455 0.5879622254545455 0.10218502545454546
6 0.6513385690909091 0.10129442727272726 0.6452366036363636 0.10666677818181818 0.6485875381818181 0.10707822 0.6530405981818181 0.10405406727272727 0.6533491272727272 0.10154129272727272 0.6513385690909091 0.10129442727272726
6 0.8998299127272728 0.3878913690909091 0.8950323527272727 0.3770996709090909 0.8894240381818181 0.3784515836363636 0.896170450909091 0.38999269999999997 0.8998299127272728 0.3878913690909091
6 0.9576959454545454 0.20471735272727273 0.95483866 0.2002854690909091 0.9521579163636364 0.19995631636363634 0.9555619745454546 0.20547559636363635 0.9576959454545454 0.20471735272727273
6 0.8720816872727273 0.24266774 0.8803707472727272 0.24164498363636364 0.8805558654545454 0.2401373181818182 0.8716583236363636 0.24057523272727271 0.8720816872727273 0.24266774