11 0.8057261272727272 0.24818636181818182 0.8033032472727273 0.2513251018181818 0.8049653290909091 0.2519153781818182 0.810766409090909 0.2530527 0.816985710909091 0.25449236545454545 0.8211355127272727 0.25565850727272726 0.8231725927272727 0.25407472727272723 0.8247914490909091 0.2521886018181818 0.8284149654545455 0.24686139272727273 0.8209139799999999 0.24296694181818185 0.8163189399999999 0.23995070363636362 0.8146514527272727 0.23905087454545454 0.8150480636363636 0.23811501818181816 0.8138096054545454 0.23813663454545453 0.8105664890909091 0.24159933454545457 0.8085510236363637 0.24442131818181817 0.8057261272727272 0.24818636181818182
11 0.25001109272727273 0.4436732145454545 0.2484030418181818 0.44617844 0.24884828 0.4480285381818182 0.25050496 0.44830926545454547 0.25216164 0.4485899909090909 0.26548531636363637 0.45485996545454543 0.2679622309090909 0.4548167309090909 0.2716559872727273 0.4535136763636364 0.2753173272727273 0.4503533218181818 0.2761159490909091 0.44879115636363637 0.2756815181818182 0.4475601618181818 0.2651827363636364 0.43752514363636363 0.26433548545454544 0.4363013527272727 0.2639064545454545 0.43537990727272724 0.26101672181818186 0.4354303472727273 0.25856142181818187 0.4367117854545455 0.2552966909090909 0.4389362836363636 0.2516299490909091 0.4417870890909091 0.25001109272727273 0.4436732145454545
39 0.4881068490909091 1 0.5041279309090909 0.9730650236363636 0.5157592818181818 0.9533543818181819 0.5201327909090909 0.9436790581818181 0.47816790727272723 0.9289293236363637 0.4607106381818182 0.9224218581818182 0.45591350181818185 0.9314852872727273 0.44071266909090906 0.9596186418181818 0.4342912727272727 0.9702586454545454 0.42100864909090907 0.9899981090909091 0.4174175527272727 0.9971826199999999 0.4214790472727273 1 0.4881068490909091 1
27 0.5043633981818182 1 0.5455653872727273 0.9992808163636364 0.5523121181818181 0.9892544236363636 0.5464732163636363 0.9859502509090909 0.5290807854545455 0.9831573890909092 0.5241485690909091 0.98448206 0.5212534327272728 0.9842229490909091 0.5179022509090909 0.9814946418181818 0.5050076036363637 0.9761461163636364 0.5001348236363636 0.98087584 0.4977119418181818 0.9840145781818183 0.4941046345454545 0.9902704381818181 0.49582615090909093 0.994265770909091 0.4974990418181819 0.9954751472727273 0.49630380909090904 0.9979731690909089 0.4931827709090909 1 0.5043633981818182 1
6 0.33990384 0.8384493254545454 0.3531248563636364 0.8388378418181819 0.35306001818181815 0.8351232363636364 0.33983900181818183 0.8347347218181819 0.33990384 0.8384493254545454
6 0.37135373454545456 0.8422353909090909 0.35820836363636366 0.8461805818181818 0.3590772272727273 0.8486425727272727 0.3730374290909091 0.8440638709090909 0.37135373454545456 0.8422353909090909
6 0.3739495181818182 0.8490022636363636 0.36082576 0.8541856563636364 0.3625202618181818 0.8566332363636363 0.3756656327272727 0.8526880472727273 0.3739495181818182 0.8490022636363636
6 0.3675065109090909 0.8584040672727272 0.3773817472727273 0.8563738290909091 0.37650207636363636 0.8532927345454546 0.3666376472727273 0.8559420763636364 0.3675065109090909 0.8584040672727272
6 0.4069318145454546 0.8459493981818182 0.39382966909090905 0.8523709927272728 0.3947093418181818 0.8554520836363636 0.4086371236363636 0.84901608 0.4069318145454546 0.8459493981818182
6 0.37935510727272725 0.7801667909090909 0.3704135727272727 0.7883736272727273 0.3737593509090909 0.7907923836363636 0.38187524727272726 0.7825999581818182 0.37935510727272725 0.7801667909090909
6 0.3663329563636364 0.74385602 0.37880398 0.7485926527272727 0.383747 0.7478870818181819 0.3687558381818182 0.7407172818181817 0.3663329563636364 0.74385602
6 0.26447689454545453 0.7282938218181818 0.26933346545454545 0.7226354454545455 0.27173473454545455 0.7182585054545454 0.2684105672727273 0.7170779509090909 0.26436882909090914 0.7221028145454546 0.26114192181818185 0.7264941654545455 0.26447689454545453 0.7282938218181818
6 0.24855861636363635 0.5260640545454546 0.24757088181818182 0.5167919545454546 0.2442575236363636 0.5162304981818182 0.24444123272727272 0.5267552127272728 0.24855861636363635 0.5260640545454546
6 0.7816936127272728 0.9768901472727273 0.7982387927272727 0.9784592181818181 0.7981631490909091 0.9741255127272728 0.7808031345454546 0.9731899545454544 0.7816936127272728 0.9768901472727273
6 0.3673423036363636 0.75436632 0.3713948490909091 0.7499605581818182 0.3672450454545455 0.7487944145454546 0.36237766909090907 0.7538336909090909 0.3673423036363636 0.75436632