7 0.7779579218181818 0.7561477436363636 0.7771360654545455 0.7742399018181818 0.7865061745454546 0.77765434 0.7947993781818182 0.7897938400000001 0.8048099581818182 0.7925925854545455 0.8214757327272727 0.7956482836363636 0.8334681181818182 0.7941758036363636 0.8296579927272727 0.7879304763636363 0.8305676909090909 0.7851335181818182 0.8367448181818182 0.787328849090909 0.8543015363636364 0.7961827236363637 0.8660571745454546 0.7971560472727273 0.8695934981818182 0.8026294145454544 0.8724756236363637 0.7998588 0.8700953454545455 0.7746410836363636 0.8681091927272727 0.7657550672727272 0.8584467527272728 0.7599597872727273 0.8531049854545455 0.7587359909090909 0.8345967109090909 0.7567121036363637 0.8246556672727272 0.7573956581818182 0.8171511636363636 0.7575115181818182 0.8119022636363636 0.7541281109090909 0.8026110690909091 0.7498984054545454 0.7948188109090909 0.7505866472727273 0.7874858618181818 0.7579316472727273 0.7830723218181818 0.7555197745454545 0.7779579218181818 0.7561477436363636
6 0.8006925890909091 0.61909324 0.7894891290909091 0.62261706 0.7907327909090909 0.6283719327272727 0.8024003636363637 0.6242540745454546 0.8006925890909091 0.61909324
6 0.7778664109090909 0.6970832436363636 0.7660133272727272 0.6953163072727273 0.7652985163636363 0.6997004927272726 0.7784046363636363 0.7029247309090909 0.7778664109090909 0.6970832436363636
6 0.6146651145454546 0.5065974018181819 0.6035963818181818 0.50392858 0.6029929654545455 0.5077620363636364 0.6142055763636364 0.5101446654545455 0.6146651145454546 0.5065974018181819
6 0.7120704145454546 0.5096749963636364 0.7089284436363636 0.5103293054545455 0.7141585872727273 0.5223078509090909 0.71598256 0.5196671618181818 0.7120704145454546 0.5096749963636364
6 0.9495765818181818 0.8008645109090909 0.9605108145454545 0.7995219545454546 0.9583993145454547 0.7925310090909091 0.9435572854545454 0.7970386418181818 0.9445410981818182 0.8006772109090908 0.9495765818181818 0.8008645109090909
6 0.5416306818181819 0.4599800054545454 0.5363772054545454 0.45364337272727273 0.5350033945454545 0.45703436909090905 0.5391987181818182 0.4635009272727273 0.5416306818181819 0.4599800054545454
6 0.5095710909090909 0.22949316545454546 0.5092927145454546 0.22576798363636363 0.5030691527272727 0.22465245636363637 0.5095710909090909 0.22949316545454546
6 0.5217480818181819 0.2747215563636364 0.5148097090909091 0.27799021636363636 0.516930589090909 0.2806835927272727 0.5231310454545455 0.2772370109090909 0.5217480818181819 0.2747215563636364
6 0.6079361981818182 0.27246329454545454 0.60132744 0.27112653999999997 0.6009792981818182 0.2741230745454546 0.6081496127272727 0.27565940363636365 0.6079361981818182 0.27246329454545454
6 0.5991365709090909 0.2853589 0.5967974763636363 0.28672020909090906 0.6002038745454545 0.29113542545454546 0.6033133672727273 0.29021657636363635 0.5991365709090909 0.2853589
6 0.8154942763636364 0.34015691454545455 0.8062586672727273 0.3407538527272727 0.8073863563636364 0.34410622909090904 0.8158840509090909 0.34333137090909094 0.8154942763636364 0.34015691454545455
6 0.7982301145454546 0.32347986363636366 0.7887486072727272 0.32061615272727273 0.7896210254545455 0.3248054509090909 0.798025850909091 0.3261902036363636 0.7982301145454546 0.32347986363636366
6 0.6977894327272727 0.32775664545454547 0.6885352963636363 0.3267447018181818 0.6891988709090908 0.33069111636363635 0.6982626981818182 0.3330690581818182 0.6977894327272727 0.32775664545454547
6 0.7125248654545454 0.3165489490909091 0.7137920818181818 0.3064578890909091 0.7101674672727273 0.30609735818181816 0.7090905618181819 0.31482242 0.7125248654545454 0.3165489490909091
6 0.77293672 0.32014087454545453 0.7709690963636364 0.3128637381818182 0.7691265963636363 0.3138955472727273 0.7702773909090909 0.3218100290909091 0.77293672 0.32014087454545453
6 0.89822408 0.37242609272727273 0.9055568036363636 0.3752851109090909 0.9063040945454545 0.3711654654545455 0.8985397418181819 0.36916502181818184 0.89822408 0.37242609272727273
6 0.9958899709090908 0.5540415272727273 0.9976489818181818 0.5508717618181818 0.9951893363636365 0.5468773509090908 0.9920240345454545 0.5531735745454546 0.99305428 0.5557323345454546 0.9958899709090908 0.5540415272727273
6 0.8965436563636364 0.8092558163636363 0.886226790909091 0.8054205727272727 0.8885471327272727 0.8126544 0.8964414109090909 0.8157129963636364 0.8965436563636364 0.8092558163636363
6 0.8418931127272726 0.9327749000000001 0.8304997945454545 0.9172566818181818 0.8304160781818182 0.9253227418181817 0.8378368654545454 0.9332729454545454 0.8418931127272726 0.9327749000000001
57 0.6585102199999999 0.43649911636363636 0.6530060472727273 0.4339526309090909 0.6528063581818182 0.4396161981818182 0.6589974381818182 0.4404671854545455 0.6585102199999999 0.43649911636363636
6 0.9529724127272727 0.6535637927272727 0.9481135145454546 0.6431508218181818 0.9446513054545455 0.64411298 0.9481132890909091 0.6533548381818182 0.9529724127272727 0.6535637927272727