7 0.6982401345454546 0.4577973109090909 0.6988120963636364 0.46312725272727273 0.7060938672727273 0.46502767818181817 0.7100516781818181 0.46687008181818185 0.7172870345454546 0.47142967454545454 0.7216313927272727 0.4701755145454546 0.7249244109090909 0.4720063163636364 0.7375399927272728 0.47311317999999997 0.7442033890909091 0.47234283090909096 0.7456335418181819 0.46660450545454546 0.7457959963636364 0.45729741090909093 0.7382282454545455 0.45273201636363636 0.72923034 0.45390494727272723 0.7219717763636363 0.45067494 0.7096189654545455 0.45356263090909094 0.6999794763636364 0.45339437272727273 0.6982401345454546 0.4577973109090909
6 0.8612220618181818 0.4925619272727273 0.8636184600000001 0.4886137872727272 0.8549993672727273 0.48713334909090905 0.8519536490909091 0.4901834963636364 0.8612220618181818 0.4925619272727273
29 0.21787250363636362 0.5287685218181818 0.22081765272727272 0.531479909090909 0.22747331272727273 0.5311527527272727 0.23183314363636365 0.5290122054545454 0.22925133454545454 0.5245338399999999 0.22193861818181818 0.5244061963636364 0.21787250363636362 0.5287685218181818
29 0.6685173763636363 0.4843216236363636 0.6705736418181818 0.4808108781818182 0.6656418509090909 0.47762148181818187 0.6625883963636363 0.48111482363636365 0.6685173763636363 0.4843216236363636
6 0.8098388963636364 0.55993784 0.8056415236363637 0.5527712963636363 0.7962648054545455 0.5565975945454545 0.79981286 0.5628661436363636 0.8064685181818182 0.562538989090909 0.8098388963636364 0.55993784
57 0.9894099381818182 0.5777021527272727 0.9831795072727273 0.5727167690909091 0.9797704509090909 0.5775338945454546 0.9863564854545456 0.5811954945454545 0.9894099381818182 0.5777021527272727
27 0.7772965254545454 0.4432173690909091 0.7865185218181818 0.4482549672727273 0.7854751690909091 0.4318335490909091 0.7774667181818182 0.43346708 0.7772965254545454 0.4432173690909091
27 0.4859709945454545 0.40842915636363636 0.48608703454545454 0.40178123272727273 0.48103146909090916 0.4056829581818182 0.4700391854545454 0.40682107636363635 0.47775367090909093 0.4220289509090909 0.4890241963636363 0.42399899818181813 0.49094920181818186 0.4089593818181818 0.4859709945454545 0.40842915636363636
57 0.48433970545454547 0.4256905509090909 0.4942032872727272 0.4320693381818182 0.5062237018181819 0.42917584545454546 0.5059686654545454 0.42473809636363635 0.5007276872727273 0.42021331272727275 0.4953165163636363 0.42543882 0.48433970545454547 0.4256905509090909
6 0.26120904 0.4271157472727273 0.26233000545454543 0.42004203636363635 0.25556629272727277 0.4075107363636364 0.2488255381818182 0.4127130363636363 0.24514597272727273 0.4139787981818182 0.24497578 0.42372908545454546 0.24374651272727274 0.4370075272727273 0.25047953272727275 0.4322484236363637 0.26120904 0.4271157472727273
6 0.13671393636363638 0.5113920145454545 0.1391180690909091 0.50700068 0.12883699636363638 0.5054912345454545 0.12743005272727273 0.5098999745454545 0.13671393636363638 0.5113920145454545
29 0.054450883636363634 0.42395010181818177 0.050284201818181815 0.43407396 0.041247616363636365 0.4374628654545455 0.04482661454545454 0.44195863636363636 0.05615902909090909 0.4403831254545455 0.05758918181818182 0.4346448 0.056043241818181815 0.42796786545454546 0.054450883636363634 0.42395010181818177
6 0.662340090909091 0.5524866109090909 0.6630977145454545 0.5471798745454546 0.6545095672727272 0.5439266581818182 0.6530716781818181 0.5501081781818182 0.662340090909091 0.5524866109090909
57 0.8752820109090909 0.582359990909091 0.8696854272727272 0.5791589927272727 0.8572862036363637 0.5847058527272727 0.8701413490909091 0.5911368581818182 0.8765265000000001 0.5872583418181818 0.8752820109090909 0.582359990909091
31 0.9090718909090909 0.47522062181818187 0.905268549090909 0.48357750363636365 0.9374645618181818 0.4867994654545455 0.9445763945454546 0.4793869945454545 0.941445830909091 0.46824910181818186 0.9161837236363637 0.4678081490909091 0.9090718909090909 0.47522062181818187
57 0.9151328854545454 0.4327667418181818 0.9045735672727273 0.4281491309090909 0.9007779618181818 0.43606281636363636 0.8956914509090909 0.44173732 0.9009788472727273 0.4436029309090909 0.9105641818181818 0.4468735545454545 0.9193070527272728 0.44126287090909094 0.9336078236363635 0.44106916181818184 0.934721050909091 0.43443864545454547 0.9244090345454545 0.43470197818181816 0.9151328854545454 0.4327667418181818
57 0.99281252 0.4780123090909091 0.985925030909091 0.47257212909090907 0.9802433527272726 0.4742462745454545 0.9817892927272727 0.4809232072727273 0.987440029090909 0.4810218418181818 0.99281252 0.4780123090909091
57 0.9712988454545455 0.5295063890909091 0.9809383327272727 0.5296746472727273 0.9909102200000001 0.5298487072727273 0.9969242945454545 0.5281803618181817 0.9917065236363636 0.5223259963636363 0.9871303381818182 0.5178128200000001 0.9781556418181817 0.5176561672727272 0.977405750909091 0.5225197054545454 0.9717318090909091 0.5237506563636364 0.9712988454545455 0.5295063890909091
57 0.7303206127272727 0.4295408327272727 0.7243838981818181 0.42677722727272727 0.7233016109090908 0.43163496545454544 0.7282488763636363 0.4339379690909091 0.7392024763636363 0.4350158254545454 0.7396277054545454 0.4297032872727273 0.7303206127272727 0.4295408327272727
4 0.5591280909090909 0.4841855472727273 0.5578836018181819 0.47928719454545454 0.55293634 0.4769841909090909 0.5501611309090909 0.4835856981818181 0.5591280909090909 0.4841855472727273
57 0.5104674927272727 0.43368322 0.5186381472727273 0.4418057781818182 0.522039470909091 0.43743185090909087 0.5104674927272727 0.43368322