57 0.1783080490909091 0.01926052181818182 0.14325658 0.02320313090909091 0.14262111272727274 0.026652143636363635 0.15003751818181818 0.02579902 0.15748082363636362 0.028452858181818183 0.17854088545454544 0.028042412727272727 0.1783080490909091 0.01926052181818182
11 0.4071090018181818 0.07031882363636364 0.4096663545454545 0.06778894363636363 0.4091727054545454 0.06198818545454546 0.4056601145454546 0.06017889818181818 0.39049612 0.061856169090909095 0.3882047454545454 0.06516030909090909 0.3885845581818182 0.06844781636363637 0.4071090018181818 0.07031882363636364
7 0.20536201636363638 0.17157458909090909 0.22379952181818183 0.1744393090909091 0.25096158727272727 0.18057062 0.26226007272727275 0.1773035127272727 0.26689661818181815 0.17770915818181818 0.26892201636363633 0.17363076181818182 0.2654094218181818 0.17182147454545454 0.25626158 0.1657642309090909 0.2463913309090909 0.1641497090909091 0.23225918727272726 0.16166165999999998 0.22475068 0.15975310545454546 0.21267083272727272 0.15669362363636363 0.20521612 0.1617989890909091 0.20473796 0.16726439818181818 0.20536201636363638 0.17157458909090909
57 0.05713451454545455 0 0.057090367272727274 0.004900412727272727 0.07019690363636363 0.00003918727272727273 0.07014901090909091 0 0.05713451454545455 0
7 0.2974172218181818 0.1378234109090909 0.2920313745454545 0.1383535272727273 0.2798697527272727 0.14004314363636364 0.2764813218181818 0.14825788545454546 0.2823608181818182 0.15352852909090908 0.2939087090909091 0.15503949636363634 0.3068848381818182 0.15166883636363637 0.30610347636363633 0.14534224727272727 0.30730920545454543 0.13918950727272728 0.3027813327272727 0.13754172363636363 0.2974172218181818 0.1378234109090909
11 0.2757371818181818 0.15294903636363638 0.2830014454545454 0.15383490545454548 0.27650305636363637 0.14800945818181818 0.27982628363636364 0.14053999818181817 0.2900008163636364 0.13867653454545453 0.28518523272727275 0.1365029218181818 0.2766883418181818 0.13826283090909092 0.26265862545454544 0.14604724 0.2757371818181818 0.15294903636363638
57 0.40053973454545455 0.22169387454545453 0.39982357636363636 0.21462200363636363 0.3787852509090909 0.21478402 0.37995158727272726 0.22815350545454544 0.40053973454545455 0.22169387454545453
7 0.6341876200000001 0.2266150090909091 0.63418582 0.2257637327272727 0.6324452545454546 0.2250607290909091 0.6325297909090909 0.22621963818181817 0.63087196 0.2258242690909091 0.6307046890909092 0.22435772363636364 0.6289641236363637 0.22365472181818183 0.6292141309090908 0.2254288981818182 0.6275563018181818 0.22503352727272727 0.6266023818181818 0.22394875272727272 0.625898470909091 0.22463815636363635 0.62424064 0.22424278545454546 0.6190172618181818 0.23054468545454546 0.6181644490909092 0.23647797454545452 0.6254607727272727 0.24462619454545456 0.6347338618181818 0.2454374836363636 0.6359908999999999 0.23760845090909094 0.6443297836363636 0.2387443872727273 0.6399509963636364 0.2506501781818182 0.6472587272727273 0.2510391927272727 0.6731178018181818 0.25680617636363634 0.6832706000000001 0.2551911381818182 0.6849544909090909 0.24357299090909093 0.6812794309090909 0.23599192000000002 0.6647420781818182 0.23429476000000002 0.6391611109090909 0.22780112 0.6376669509090909 0.22716974 0.6375032818181818 0.22740574909090908 0.635845449090909 0.22701038 0.6359263854545454 0.22646673636363635 0.6341876200000001 0.2266150090909091
43 0.30093655454545454 0.18914282909090907 0.3043111618181818 0.18871489454545456 0.3094337763636364 0.19119351454545455 0.3266552272727273 0.19270019636363636 0.3279313236363636 0.18955756 0.3076857672727273 0.1882869618181818 0.3059984636363637 0.18850092727272727 0.28428053636363637 0.18498762363636365 0.28565045454545457 0.18585846363636363 0.2860323490909091 0.18530777272727272 0.28778416363636367 0.18562792363636366 0.2870203709090909 0.18672930363636364 0.2925000381818182 0.1902126618181818 0.2941873418181818 0.18999869454545454 0.2942308781818182 0.19026395818181818 0.29587464545454545 0.18978472727272727 0.29596171636363633 0.19031525454545453 0.2975619490909091 0.18957076181818183 0.2976925563636364 0.19036655454545454 0.2992492509090909 0.18935679636363636 0.2994233945454545 0.19041785090909089 0.30115423454545454 0.1904691472727273 0.30093655454545454 0.18914282909090907
57 0.34456237090909086 0.018535814545454547 0.36120839636363633 0.018990834545454548 0.3771651618181818 0.015880947272727274 0.34491012363636364 0.014560972727272728 0.34456237090909086 0.018535814545454547
57 0.6085305418181818 0.11773009272727274 0.6102030218181819 0.11387114909090909 0.6012776872727272 0.10908501818181819 0.5971462 0.10672092727272728 0.5787355927272727 0.10736317090909091 0.5854999599999999 0.11396287454545455 0.5908475 0.11768500363636364 0.6085305418181818 0.11773009272727274